1.450000000000000e+000 -5.774771388313430e+001
1.450181818181818e+000 -5.851231269753863e+001
1.450363636363636e+000 -5.639637677991540e+001
1.450545454545455e+000 -6.104630960575246e+001
1.450727272727273e+000 -5.532453705447955e+001
1.450909090909091e+000 -6.640331538724844e+001
1.451090909090909e+000 -5.469867006869798e+001
1.451272727272727e+000 -9.012733374461514e+001
1.451454545454545e+000 -5.472581051109625e+001
1.451636363636364e+000 -6.422306154782355e+001
1.451818181818182e+000 -5.574539765405483e+001
1.452000000000000e+000 -5.843904486536216e+001
1.452181818181818e+000 -5.851748921905533e+001
1.452363636363636e+000 -5.556331020408902e+001
1.452545454545455e+000 -6.603819547245931e+001
1.452727272727273e+000 -5.449342544044225e+001
1.452909090909091e+000 -6.908638732828916e+001
1.453090909090909e+000 -5.527803149532149e+001
1.453272727272727e+000 -5.845264385290487e+001
1.453454545454545e+000 -5.904156374719175e+001
1.453636363636364e+000 -5.496657172581249e+001
1.453818181818182e+000 -7.691669914483515e+001
1.454000000000000e+000 -5.457478507979147e+001
1.454181818181818e+000 -6.047816826275189e+001
1.454363636363636e+000 -5.772795902438790e+001
1.454545454545455e+000 -5.512352311729610e+001
1.454727272727273e+000 -7.494120702024185e+001
1.454909090909091e+000 -5.455481801668708e+001
1.455090909090909e+000 -5.928802442137817e+001
1.455272727272727e+000 -5.902428281981896e+001
1.455454545454545e+000 -5.450562905161481e+001
1.455636363636364e+000 -7.185196623675466e+001
1.455818181818182e+000 -5.543751511022001e+001
1.456000000000000e+000 -5.618626178540269e+001
1.456181818181818e+000 -6.648386234608458e+001
1.456363636363636e+000 -5.428496926836414e+001
1.456545454545455e+000 -5.910548441043707e+001
1.456727272727273e+000 -5.998525156815612e+001
1.456909090909091e+000 -5.413772990398017e+001
1.457090909090909e+000 -6.295439502419907e+001
1.457272727272727e+000 -5.752936202803500e+001
1.457454545454545e+000 -5.435203713033683e+001
1.457636363636364e+000 -6.708371159514995e+001
1.457818181818182e+000 -5.649400358755050e+001
1.458000000000000e+000 -5.453502343560451e+001
1.458181818181818e+000 -6.954181988932312e+001
1.458363636363636e+000 -5.623586759314932e+001
1.458545454545455e+000 -5.448032507098519e+001
1.458727272727273e+000 -6.807414996595082e+001
1.458909090909091e+000 -5.663488384495267e+001
1.459090909090909e+000 -5.419076188106740e+001
1.459272727272727e+000 -6.407231779398896e+001
1.459454545454545e+000 -5.795538284439857e+001
1.459636363636364e+000 -5.387706039909205e+001
1.459818181818182e+000 -5.993181510451824e+001
1.460000000000000e+000 -6.119271466723877e+001
1.460181818181818e+000 -5.393408160612022e+001
1.460363636363636e+000 -5.659088839934487e+001
1.460545454545455e+000 -7.202022138224719e+001
1.460727272727273e+000 -5.500697526835139e+001
1.460909090909091e+000 -5.438583676910196e+001
1.461090909090909e+000 -6.478328691057315e+001
1.461272727272727e+000 -5.853393275143377e+001
1.461454545454545e+000 -5.369795920553067e+001
1.461636363636364e+000 -5.675181359001236e+001
1.461818181818182e+000 -7.471856992247730e+001
1.462000000000000e+000 -5.545637639460693e+001
1.462181818181818e+000 -5.380592348038365e+001
1.462363636363636e+000 -5.967576964505280e+001
1.462545454545455e+000 -6.396507343311000e+001
1.462727272727273e+000 -5.444869449798223e+001
1.462909090909091e+000 -5.409858287097938e+001
1.463090909090909e+000 -6.139092253362541e+001
1.463272727272727e+000 -6.228718332240792e+001
1.463454545454545e+000 -5.426845881578954e+001
1.463636363636364e+000 -5.398929135928093e+001
1.463818181818182e+000 -6.040007622845469e+001
1.464000000000000e+000 -6.447593469078467e+001
1.464181818181818e+000 -5.477319164192475e+001
1.464363636363636e+000 -5.352811409743516e+001
1.464545454545455e+000 -5.752673470574977e+001
1.464727272727273e+000 -8.071692314646036e+001
1.464909090909091e+000 -5.670839606388952e+001
1.465090909090909e+000 -5.338766462863710e+001
1.465272727272727e+000 -5.466450092034209e+001
1.465454545454545e+000 -6.256403454220396e+001
1.465636363636364e+000 -6.348418113084274e+001
1.465818181818182e+000 -5.492578526741226e+001
1.466000000000000e+000 -5.322281934560699e+001
1.466181818181818e+000 -5.534706251821012e+001
1.466363636363636e+000 -6.463866990366437e+001
1.466545454545455e+000 -6.257442452736268e+001
1.466727272727273e+000 -5.492623784470239e+001
1.466909090909091e+000 -5.312396917987028e+001
1.467090909090909e+000 -5.456702423127322e+001
1.467272727272727e+000 -6.071120060629320e+001
1.467454545454545e+000 -7.019510762035749e+001
1.467636363636364e+000 -5.688111982795849e+001
1.467818181818182e+000 -5.348794297093041e+001
1.468000000000000e+000 -5.321320486295201e+001
1.468181818181818e+000 -5.567877606367451e+001
1.468363636363636e+000 -6.348097156631453e+001
1.468545454545455e+000 -6.662620263968702e+001
1.468727272727273e+000 -5.664154795585958e+001
1.468909090909091e+000 -5.351191572407928e+001
1.469090909090909e+000 -5.294966977858396e+001
1.469272727272727e+000 -5.447507344557097e+001
1.469454545454545e+000 -5.896391341578303e+001
1.469636363636364e+000 -7.688557513624838e+001
1.469818181818182e+000 -6.137752147035950e+001
1.470000000000000e+000 -5.552865707971140e+001
1.470181818181818e+000 -5.324490401030178e+001
1.470363636363636e+000 -5.279052912650901e+001
1.470545454545455e+000 -5.386139150916687e+001
1.470727272727273e+000 -5.680661963548045e+001
1.470909090909091e+000 -6.369990921489914e+001
1.471090909090909e+000 -7.326144719635494e+001
1.471272727272727e+000 -5.964611148442455e+001
1.471454545454545e+000 -5.532238366858491e+001
1.471636363636364e+000 -5.331368928936755e+001
1.471818181818182e+000 -5.260800740196379e+001
1.472000000000000e+000 -5.291616969983458e+001
1.472181818181818e+000 -5.422987202870133e+001
1.472363636363636e+000 -5.682844241823193e+001
1.472545454545455e+000 -6.176583672393337e+001
1.472727272727273e+000 -7.737485167531817e+001
1.472909090909091e+000 -6.538684916995732e+001
1.473090909090909e+000 -5.877422310367114e+001
1.473272727272727e+000 -5.557283798373798e+001
1.473454545454545e+000 -5.376065461941902e+001
1.473636363636364e+000 -5.277552639366804e+001
1.473818181818182e+000 -5.238529035484671e+001
1.474000000000000e+000 -5.248093742176498e+001
1.474181818181818e+000 -5.301697722885195e+001
1.474363636363636e+000 -5.399412255216589e+001
1.474545454545455e+000 -5.546357620672445e+001
1.474727272727273e+000 -5.755792934861059e+001
1.474909090909091e+000 -6.059170027901727e+001
1.475090909090909e+000 -6.546577769040712e+001
1.475272727272727e+000 -7.729553062750892e+001
1.475454545454545e+000 -7.233143054981113e+001
1.475636363636364e+000 -6.451513937213204e+001
1.475818181818182e+000 -6.076972547096286e+001
1.476000000000000e+000 -5.841430597186168e+001
1.476181818181818e+000 -5.677965430153922e+001
1.476363636363636e+000 -5.559000131260873e+001
1.476545454545454e+000 -5.470240833139836e+001
1.476727272727273e+000 -5.403177426706262e+001
1.476909090909091e+000 -5.352245252659378e+001
1.477090909090909e+000 -5.313555875870183e+001
1.477272727272727e+000 -5.284262473083784e+001
1.477454545454545e+000 -5.262217144745743e+001
1.477636363636364e+000 -5.245776023723117e+001
1.477818181818182e+000 -5.233684914270329e+001
1.478000000000000e+000 -5.225011283630327e+001
1.478181818181818e+000 -5.219104021498924e+001
1.478363636363636e+000 -5.215570371080175e+001
1.478545454545454e+000 -5.214263888319016e+001
1.478727272727273e+000 -5.215280156895049e+001
1.478909090909091e+000 -5.218959103540217e+001
1.479090909090909e+000 -5.225894646061190e+001
1.479272727272727e+000 -5.236954420040675e+001
1.479454545454545e+000 -5.253314966192462e+001
1.479636363636364e+000 -5.276521693369815e+001
1.479818181818182e+000 -5.308589843886249e+001
1.480000000000000e+000 -5.352175853379129e+001
1.480181818181818e+000 -5.410876002075676e+001
1.480363636363636e+000 -5.489771634429231e+001
1.480545454545454e+000 -5.596497066828581e+001
1.480727272727273e+000 -5.743556186838863e+001
1.480909090909091e+000 -5.954166034857228e+001
1.481090909090909e+000 -6.281001472294787e+001
1.481272727272727e+000 -6.901933664695450e+001
1.481454545454545e+000 -8.637539438362904e+001
1.481636363636364e+000 -6.641889283881322e+001
1.481818181818182e+000 -6.072935510177225e+001
1.482000000000000e+000 -5.733856190859011e+001
1.482181818181818e+000 -5.501539581959927e+001
1.482363636363636e+000 -5.336646724290760e+001
1.482545454545454e+000 -5.222911081781485e+001
1.482727272727273e+000 -5.153603772248083e+001
1.482909090909091e+000 -5.127410387368978e+001
1.483090909090909e+000 -5.147446491235355e+001
1.483272727272727e+000 -5.222275682668884e+001
1.483454545454545e+000 -5.370058513051565e+001
1.483636363636364e+000 -5.632063779665263e+001
1.483818181818182e+000 -6.132918340583637e+001
1.484000000000000e+000 -8.032518259237017e+001
1.484181818181818e+000 -6.308784432661781e+001
1.484363636363636e+000 -5.667508912067359e+001
1.484545454545454e+000 -5.346194512229371e+001
1.484727272727273e+000 -5.172503887251162e+001
1.484909090909091e+000 -5.103192187212803e+001
1.485090909090909e+000 -5.130513906383114e+001
1.485272727272727e+000 -5.270880313025086e+001
1.485454545454545e+000 -5.584836980686252e+001
1.485636363636364e+000 -6.333321292185498e+001
1.485818181818182e+000 -6.863724126673748e+001
1.486000000000000e+000 -5.707993374889820e+001
1.486181818181818e+000 -5.295592528614332e+001
1.486363636363636e+000 -5.113924770632935e+001
1.486545454545454e+000 -5.087545011493857e+001
1.486727272727273e+000 -5.218186676800540e+001
1.486909090909091e+000 -5.584903380895596e+001
1.487090909090909e+000 -6.704202772588990e+001
1.487272727272727e+000 -6.152570107547918e+001
1.487454545454545e+000 -5.404073979895705e+001
1.487636363636364e+000 -5.122656300806242e+001
1.487818181818182e+000 -5.067016880638123e+001
1.488000000000000e+000 -5.220602100528324e+001
1.488181818181818e+000 -5.711902882622144e+001
1.488363636363636e+000 -9.141239866407699e+001
1.488545454545454e+000 -5.661954548174210e+001
1.488727272727273e+000 -5.179861051624010e+001
1.488909090909091e+000 -5.046542498444451e+001
1.489090909090909e+000 -5.170703074744446e+001
1.489272727272727e+000 -5.681839986853073e+001
1.489454545454545e+000 -7.559481040281841e+001
1.489636363636364e+000 -5.510276141961198e+001
1.489818181818182e+000 -5.098158842893378e+001
1.490000000000000e+000 -5.048480651419270e+001
1.490181818181818e+000 -5.333614172800782e+001
1.490363636363636e+000 -6.513348856749381e+001
1.490545454545454e+000 -5.789202212134948e+001
1.490727272727273e+000 -5.146973719800688e+001
1.490909090909091e+000 -5.022098701329004e+001
1.491090909090909e+000 -5.274399481049805e+001
1.491272727272727e+000 -6.453138104463855e+001
1.491454545454545e+000 -5.711996202578577e+001
1.491636363636364e+000 -5.096759617497433e+001
1.491818181818182e+000 -5.026564024424935e+001
1.492000000000000e+000 -5.420569446766297e+001
1.492181818181818e+000 -8.245062116639237e+001
1.492363636363636e+000 -5.355490972422869e+001
1.492545454545454e+000 -5.002192042535461e+001
1.492727272727273e+000 -5.143567650473383e+001
1.492909090909091e+000 -6.137757282587067e+001
1.493090909090909e+000 -5.681791241379303e+001
1.493272727272727e+000 -5.040823676280590e+001
1.493454545454545e+000 -5.047750521304102e+001
1.493636363636364e+000 -5.758449241555861e+001
1.493818181818182e+000 -5.899997817343727e+001
1.494000000000000e+000 -5.058233637644594e+001
1.494181818181818e+000 -5.022610452765862e+001
1.494363636363636e+000 -5.736443758798047e+001
1.494545454545454e+000 -5.820105287189711e+001
1.494727272727273e+000 -5.022173186683359e+001
1.494909090909091e+000 -5.048854121677901e+001
1.495090909090909e+000 -6.052525395910406e+001
1.495272727272727e+000 -5.506779491521631e+001
1.495454545454545e+000 -4.960422475048750e+001
1.495636363636364e+000 -5.176315928794109e+001
1.495818181818182e+000 -9.773833564323684e+001
1.496000000000000e+000 -5.171152281497724e+001
1.496181818181818e+000 -4.952877587727222e+001
1.496363636363636e+000 -5.596792402790111e+001
1.496545454545454e+000 -5.710938035106185e+001
1.496727272727273e+000 -4.953037338540369e+001
1.496909090909091e+000 -5.148053738471306e+001
1.497090909090909e+000 -7.584447573193108e+001
1.497272727272727e+000 -5.076513324553542e+001
1.497454545454545e+000 -4.976184851031021e+001
1.497636363636364e+000 -6.140926420647797e+001
1.497818181818182e+000 -5.270699963638185e+001
1.498000000000000e+000 -4.914597141568959e+001
1.498181818181818e+000 -5.612899164862606e+001
1.498363636363636e+000 -5.485263861846202e+001
1.498545454545454e+000 -4.898899203024927e+001
1.498727272727273e+000 -5.404051181328866e+001
1.498909090909091e+000 -5.651556424688260e+001
1.499090909090909e+000 -4.894595343274969e+001
1.499272727272727e+000 -5.330898055070600e+001
1.499454545454545e+000 -5.692144791477836e+001
1.499636363636364e+000 -4.885195992480536e+001
1.499818181818182e+000 -5.354877895407518e+001
1.500000000000000e+000 -5.580000843139876e+001
1.500181818181818e+000 -4.870955056135173e+001
1.500363636363636e+000 -5.495008172816780e+001
1.500545454545454e+000 -5.368572277920924e+001
1.500727272727273e+000 -4.868807951723721e+001
1.500909090909091e+000 -5.864166597433700e+001
1.501090909090909e+000 -5.136513245572677e+001
1.501272727272727e+000 -4.913613368361193e+001
1.501454545454545e+000 -7.417292583816928e+001
1.501636363636364e+000 -4.944248317232771e+001
1.501818181818182e+000 -5.070363221606157e+001
1.502000000000000e+000 -5.911715194844733e+001
1.502181818181818e+000 -4.839258858089767e+001
1.502363636363636e+000 -5.508690695508284e+001
1.502545454545454e+000 -5.188957332475492e+001
1.502727272727273e+000 -4.882244474401580e+001
1.502909090909091e+000 -1.000000000000000e+002
1.503090909090909e+000 -4.870981823878504e+001
1.503272727272727e+000 -5.217857670057020e+001
1.503454545454545e+000 -5.359070368747529e+001
1.503636363636364e+000 -4.834427810644387e+001
1.503818181818182e+000 -7.133260236894601e+001
1.504000000000000e+000 -4.863015195780740e+001
1.504181818181818e+000 -5.219083103613485e+001
1.504363636363636e+000 -5.263673195689474e+001
1.504545454545454e+000 -4.844986644500471e+001
1.504727272727273e+000 -6.982929851606814e+001
1.504909090909091e+000 -4.798568457795550e+001
1.505090909090909e+000 -5.546524427414379e+001
1.505272727272727e+000 -4.987743194136154e+001
1.505454545454545e+000 -4.986811285800494e+001
1.505636363636364e+000 -5.496467250283148e+001
1.505818181818182e+000 -4.791290061605702e+001
1.506000000000000e+000 -7.839944824257464e+001
1.506181818181818e+000 -4.772331740175468e+001
1.506363636363636e+000 -5.673649394369103e+001
1.506545454545454e+000 -4.883319426966457e+001
1.506727272727273e+000 -5.126468907489254e+001
1.506909090909091e+000 -5.122880910588380e+001
1.507090909090909e+000 -4.881611178828918e+001
1.507272727272727e+000 -5.541691649973640e+001
1.507454545454545e+000 -4.767385009937554e+001
1.507636363636364e+000 -6.405557744837277e+001
1.507818181818182e+000 -4.727681051841614e+001
1.508000000000000e+000 -6.909468149218867e+001
1.508181818181818e+000 -4.734221450610413e+001
1.508363636363636e+000 -5.855348459465312e+001
1.508545454545454e+000 -4.768499744248477e+001
1.508727272727273e+000 -5.469009377412404e+001
1.508909090909091e+000 -4.815950299639434e+001
1.509090909090909e+000 -5.261810975442975e+001
1.509272727272727e+000 -4.863814631018005e+001
1.509454545454545e+000 -5.142049415802477e+001
1.509636363636364e+000 -4.900803946164540e+001
1.509818181818182e+000 -5.076241586366542e+001
1.510000000000000e+000 -4.917984813241584e+001
1.510181818181818e+000 -5.050273080490813e+001
1.510363636363636e+000 -4.910292284634716e+001
1.510545454545454e+000 -5.060070065230167e+001
1.510727272727273e+000 -4.877709554645720e+001
1.510909090909091e+000 -5.109538931158669e+001
1.511090909090909e+000 -4.825264582273631e+001
1.511272727272727e+000 -5.212521114859170e+001
1.511454545454545e+000 -4.761842738709140e+001
1.511636363636364e+000 -5.401845123905218e+001
1.511818181818182e+000 -4.698662822820462e+001
1.512000000000000e+000 -5.766781393468627e+001
1.512181818181818e+000 -4.648373253941814e+001
1.512363636363636e+000 -6.768717982336675e+001
1.512545454545454e+000 -4.625353692561266e+001
1.512727272727273e+000 -6.331347179664393e+001
1.512909090909091e+000 -4.647763659933393e+001
1.513090909090909e+000 -5.431707822243875e+001
1.513272727272727e+000 -4.743122464503258e+001
1.513454545454545e+000 -4.991627243722626e+001
1.513636363636364e+000 -4.965362048075575e+001
1.513818181818182e+000 -4.732514479884616e+001
1.514000000000000e+000 -5.475252029665588e+001
1.514181818181818e+000 -4.601460489588535e+001
1.514363636363636e+000 -8.501329696798068e+001
1.514545454545454e+000 -4.598117271398694e+001
1.514727272727273e+000 -5.340182640584953e+001
1.514909090909091e+000 -4.765305659271898e+001
1.515090909090909e+000 -4.793478844799495e+001
1.515272727272727e+000 -5.271448049290851e+001
1.515454545454545e+000 -4.574997880282277e+001
1.515636363636364e+000 -7.248706843366053e+001
1.515818181818182e+000 -4.588584195476341e+001
1.516000000000000e+000 -5.063435703313501e+001
1.516181818181818e+000 -4.909893956995781e+001
1.516363636363636e+000 -4.611672707545078e+001
1.516545454545454e+000 -6.359050320469364e+001
1.516727272727273e+000 -4.538358827208256e+001
1.516909090909091e+000 -5.157338376382965e+001
1.517090909090909e+000 -4.849639411316656e+001
1.517272727272727e+000 -4.586203238091776e+001
1.517454545454545e+000 -6.769002403470049e+001
1.517636363636364e+000 -4.533092603586282e+001
1.517818181818182e+000 -4.950025021435306e+001
1.518000000000000e+000 -5.025070033319249e+001
1.518181818181818e+000 -4.501770056268103e+001
1.518363636363636e+000 -5.935384361021428e+001
1.518545454545454e+000 -4.630687913430140e+001
1.518727272727273e+000 -4.630738268472759e+001
1.518909090909091e+000 -5.959485984079801e+001
1.519090909090909e+000 -4.485045946995219e+001
1.519272727272727e+000 -4.875208217031523e+001
1.519454545454545e+000 -5.135632882821372e+001
1.519636363636364e+000 -4.445300728775393e+001
1.519818181818182e+000 -5.211012603689844e+001
1.520000000000000e+000 -4.831108554726671e+001
1.520181818181818e+000 -4.450033735825059e+001
1.520363636363636e+000 -5.601979062996593e+001
1.520545454545454e+000 -4.687646325699473e+001
1.520727272727273e+000 -4.461590699285336e+001
1.520909090909091e+000 -5.932561387138575e+001
1.521090909090909e+000 -4.625270622467757e+001
1.521272727272727e+000 -4.456722322452593e+001
1.521454545454545e+000 -5.968693928978120e+001
1.521636363636364e+000 -4.619952198311252e+001
1.521818181818182e+000 -4.427592425399123e+001
1.522000000000000e+000 -5.660598717400372e+001
1.522181818181818e+000 -4.677114004261847e+001
1.522363636363636e+000 -4.383114412764024e+001
1.522545454545454e+000 -5.236824617787859e+001
1.522727272727273e+000 -4.836506242884921e+001
1.522909090909091e+000 -4.347346644871053e+001
1.523090909090909e+000 -4.849040803289554e+001
1.523272727272727e+000 -5.228356019678383e+001
1.523454545454545e+000 -4.358647560185710e+001
1.523636363636364e+000 -4.545512864955193e+001
1.523818181818182e+000 -7.005127504907777e+001
1.524000000000000e+000 -4.480013424796927e+001
1.524181818181818e+000 -4.349345888330863e+001
1.524363636363636e+000 -5.226643511119071e+001
1.524545454545454e+000 -4.862029557136785e+001
1.524727272727273e+000 -4.295695909349347e+001
1.524909090909091e+000 -4.550430280636808e+001
1.525090909090909e+000 -6.899608099800722e+001
1.525272727272727e+000 -4.472370910723685e+001
1.525454545454545e+000 -4.280042612989010e+001
1.525636363636364e+000 -4.856264452791103e+001
1.525818181818182e+000 -5.270787530524354e+001
1.526000000000000e+000 -4.325084219313265e+001
1.526181818181818e+000 -4.307109750017722e+001
1.526363636363636e+000 -5.134410844071080e+001
1.526545454545454e+000 -4.957380670082383e+001
1.526727272727273e+000 -4.265410039580868e+001
1.526909090909091e+000 -4.305616916395450e+001
1.527090909090909e+000 -5.178792480020488e+001
1.527272727272727e+000 -4.938007440911370e+001
1.527454545454545e+000 -4.250197645925314e+001
1.527636363636364e+000 -4.250385178399851e+001
1.527818181818182e+000 -4.924376709333194e+001
1.528000000000000e+000 -5.223067920773897e+001
1.528181818181818e+000 -4.295161615143003e+001
1.528363636363636e+000 -4.169686178272423e+001
1.528545454545454e+000 -4.555942287124598e+001
1.528727272727273e+000 -7.205978171457596e+001
1.528909090909091e+000 -4.489470281871436e+001
1.529090909090909e+000 -4.136776520846274e+001
1.529272727272727e+000 -4.242982606287372e+001
1.529454545454545e+000 -4.979125096217485e+001
1.529636363636364e+000 -5.202690327110071e+001
1.529818181818182e+000 -4.281142893246901e+001
1.530000000000000e+000 -4.088258714952650e+001
1.530181818181818e+000 -4.281023880883750e+001
1.530363636363636e+000 -5.167692854729517e+001
1.530545454545454e+000 -5.033574409004847e+001
1.530727272727273e+000 -4.237981635074127e+001
1.530909090909091e+000 -4.048715620298898e+001
1.531090909090909e+000 -4.193698780872244e+001
1.531272727272727e+000 -4.839000104925848e+001
1.531454545454545e+000 -5.549311812205734e+001
1.531636363636364e+000 -4.353196451407467e+001
1.531818181818182e+000 -4.037435839067056e+001
1.532000000000000e+000 -4.036028555855032e+001
1.532181818181818e+000 -4.339250708502033e+001
1.532363636363636e+000 -5.408702434553595e+001
1.532545454545454e+000 -4.937839194541344e+001
1.532727272727273e+000 -4.206704739966514e+001
1.532909090909091e+000 -3.972129239784384e+001
1.533090909090909e+000 -3.986263796297552e+001
1.533272727272727e+000 -4.250961398676687e+001
1.533454545454545e+000 -5.039626504151912e+001
1.533636363636364e+000 -5.326918320106685e+001
1.533818181818182e+000 -4.321307815035148e+001
1.534000000000000e+000 -3.984109839910882e+001
1.534181818181818e+000 -3.889046031460794e+001
1.534363636363636e+000 -3.977002625516935e+001
1.534545454545454e+000 -4.287456036992600e+001
1.534727272727273e+000 -5.123935034636731e+001
1.534909090909091e+000 -5.309787933076545e+001
1.535090909090909e+000 -4.333522268656895e+001
1.535272727272727e+000 -3.974278995006621e+001
1.535454545454545e+000 -3.829891732697742e+001
1.535636363636364e+000 -3.829204837589841e+001
1.535818181818182e+000 -3.966283844257584e+001
1.536000000000000e+000 -4.291546301855680e+001
1.536181818181818e+000 -5.067587513872503e+001
1.536363636363636e+000 -5.543804556763953e+001
1.536545454545454e+000 -4.427046576053124e+001
1.536727272727273e+000 -4.014144181960160e+001
1.536909090909091e+000 -3.808146353936896e+001
1.537090909090909e+000 -3.721237015824021e+001
1.537272727272727e+000 -3.726300135774998e+001
1.537454545454545e+000 -3.819789447180804e+001
1.537636363636364e+000 -4.019166590988697e+001
1.537818181818182e+000 -4.386522302976345e+001
1.538000000000000e+000 -5.201892531395300e+001
1.538181818181818e+000 -5.595804518084567e+001
1.538363636363636e+000 -4.507012794765978e+001
1.538545454545454e+000 -4.074042728829358e+001
1.538727272727273e+000 -3.827499090271176e+001
1.538909090909091e+000 -3.678748709122034e+001
1.539090909090909e+000 -3.595171387142252e+001
1.539272727272727e+000 -3.561776636196662e+001
1.539454545454545e+000 -3.571437714130256e+001
1.539636363636364e+000 -3.621746950807721e+001
1.539818181818182e+000 -3.714311331229199e+001
1.540000000000000e+000 -3.855768862881568e+001
1.540181818181818e+000 -4.061636442750848e+001
1.540363636363636e+000 -4.368569526015894e+001
1.540545454545454e+000 -4.886942074565612e+001
1.540727272727273e+000 -6.448730648197225e+001
1.540909090909091e+000 -5.244468647703184e+001
1.541090909090909e+000 -4.555250778490693e+001
1.541272727272727e+000 -4.191625305114772e+001
1.541454545454545e+000 -3.951145781592832e+001
1.541636363636364e+000 -3.776918892100797e+001
1.541818181818182e+000 -3.644435782166331e+001
1.542000000000000e+000 -3.540677190675788e+001
1.542181818181818e+000 -3.457761057242479e+001
1.542363636363636e+000 -3.390458438987877e+001
1.542545454545454e+000 -3.335056064740360e+001
1.542727272727273e+000 -3.288775809267212e+001
1.542909090909091e+000 -3.249454523268760e+001
1.543090909090909e+000 -3.215357456226641e+001
1.543272727272727e+000 -3.185065455467085e+001
1.543454545454545e+000 -3.157405343604674e+001
1.543636363636364e+000 -3.131406670027256e+001
1.543818181818182e+000 -3.106274963009325e+001
1.544000000000000e+000 -3.081375287245127e+001
1.544181818181818e+000 -3.056221981722144e+001
1.544363636363636e+000 -3.030471715767416e+001
1.544545454545454e+000 -3.003917861854561e+001
1.544727272727273e+000 -2.976484844340496e+001
1.544909090909091e+000 -2.948221676659822e+001
1.545090909090909e+000 -2.919294370335259e+001
1.545272727272727e+000 -2.889977283295379e+001
1.545454545454545e+000 -2.860643753873051e+001
1.545636363636364e+000 -2.831756525272610e+001
1.545818181818182e+000 -2.803858498112616e+001
1.546000000000000e+000 -2.777564255797255e+001
1.546181818181818e+000 -2.753552586752067e+001
1.546363636363636e+000 -2.732559853847174e+001
1.546545454545454e+000 -2.715373457794775e+001
1.546727272727273e+000 -2.702823626473527e+001
1.546909090909091e+000 -2.695769956990329e+001
1.547090909090909e+000 -2.695075766593362e+001
1.547272727272727e+000 -2.701556823490559e+001
1.547454545454545e+000 -2.715878339138243e+001
1.547636363636364e+000 -2.738349210074516e+001
1.547818181818182e+000 -2.768514616034686e+001
1.548000000000000e+000 -2.804362070306178e+001
1.548181818181818e+000 -2.840830655515832e+001
1.548363636363636e+000 -2.867256904361477e+001
1.548545454545454e+000 -2.863929455182015e+001
1.548727272727273e+000 -2.800343900438244e+001
1.548909090909091e+000 -2.641968429830510e+001
1.549090909090909e+000 -2.369459416645137e+001
1.549272727272727e+000 -1.996679642342028e+001
1.549454545454545e+000 -1.576017504052066e+001
1.549636363636364e+000 -1.234759847063953e+001
1.549818181818182e+000 -1.733689539233146e+001
1.550000000000000e+000 -7.999540595717732e+000
1.550181818181818e+000 -2.160400211014167e+001
1.550363636363636e+000 -4.342848745624900e-012
1.550545454545454e+000 -1.234339157188383e-012
1.550727272727273e+000 -8.001279022451337e+000
1.550909090909091e+000 -8.872775571847217e+000
1.551090909090909e+000 -2.520797504314336e+001
1.551272727272727e+000 -1.981043658646619e+001
1.551454545454545e+000 -1.777161764901284e+001
1.551636363636364e+000 -1.829203780635906e+001
1.551818181818182e+000 -1.949834089185973e+001
1.552000000000000e+000 -2.113714753976129e+001
1.552181818181818e+000 -2.335303866105152e+001
1.552363636363636e+000 -2.659893743643327e+001
1.552545454545455e+000 -3.220215488126426e+001
1.552727272727273e+000 -5.314619388095166e+001
1.552909090909091e+000 -3.451063423303527e+001
1.553090909090909e+000 -2.868538958911169e+001
1.553272727272727e+000 -2.602035461655139e+001
1.553454545454545e+000 -2.488147432409472e+001
1.553636363636364e+000 -2.489235084180279e+001
1.553818181818182e+000 -2.606915096037175e+001
1.554000000000000e+000 -2.881258547387136e+001
1.554181818181818e+000 -3.469985303950591e+001
1.554363636363636e+000 -5.892582024828815e+001
1.554545454545455e+000 -3.431979294537476e+001
1.554727272727273e+000 -2.966823018350203e+001
1.554909090909091e+000 -2.803589774753932e+001
1.555090909090909e+000 -2.830330718333421e+001
1.555272727272727e+000 -3.057636231503138e+001
1.555454545454545e+000 -3.647648268953681e+001
1.555636363636364e+000 -5.349010814692500e+001
1.555818181818182e+000 -3.494888262706351e+001
1.556000000000000e+000 -3.085681734902347e+001
1.556181818181818e+000 -2.993003376982351e+001
1.556363636363636e+000 -3.141859840609778e+001
1.556545454545455e+000 -3.648359709462395e+001
1.556727272727273e+000 -6.694080403574314e+001
1.556909090909091e+000 -3.641241981035600e+001
1.557090909090909e+000 -3.211635470574419e+001
1.557272727272727e+000 -3.148676875062374e+001
1.557454545454545e+000 -3.388644445581075e+001
1.557636363636364e+000 -4.239104142510016e+001
1.557818181818182e+000 -4.303269052272236e+001
1.558000000000000e+000 -3.451915138094726e+001
1.558181818181818e+000 -3.253614040882596e+001
1.558363636363636e+000 -3.403608760938150e+001
1.558545454545455e+000 -4.092815812404250e+001
1.558727272727273e+000 -4.616733325120158e+001
1.558909090909091e+000 -3.566091065058263e+001
1.559090909090909e+000 -3.348445805285044e+001
1.559272727272727e+000 -3.531315596911566e+001
1.559454545454545e+000 -4.424080794452951e+001
1.559636363636364e+000 -4.289534197521035e+001
1.559818181818182e+000 -3.540928831957911e+001
1.560000000000000e+000 -3.445679119426625e+001
1.560181818181818e+000 -3.826121017708451e+001
1.560363636363636e+000 -1.000000000000000e+002
1.560545454545455e+000 -3.848338584982045e+001
1.560727272727273e+000 -3.504662062297133e+001
1.560909090909091e+000 -3.676484814975083e+001
1.561090909090909e+000 -4.788056398828493e+001
1.561272727272727e+000 -4.164227931247044e+001
1.561454545454545e+000 -3.597370664315753e+001
1.561636363636364e+000 -3.663725353130649e+001
1.561818181818182e+000 -4.527096167931157e+001
1.562000000000000e+000 -4.350137339347278e+001
1.562181818181818e+000 -3.665732122639387e+001
1.562363636363636e+000 -3.713179184267018e+001
1.562545454545455e+000 -4.630748623328506e+001
1.562727272727273e+000 -4.311811516858025e+001
1.562909090909091e+000 -3.694547248875631e+001
1.563090909090909e+000 -3.819664712503353e+001
1.563272727272727e+000 -5.197493110330236e+001
1.563454545454545e+000 -4.119344266656243e+001
1.563636363636364e+000 -3.713747890344146e+001
1.563818181818182e+000 -4.040489184142560e+001
1.564000000000000e+000 -5.756715276675057e+001
1.564181818181818e+000 -3.913698715702459e+001
1.564363636363636e+000 -3.794031433484830e+001
1.564545454545455e+000 -4.592315798247773e+001
1.564727272727273e+000 -4.421174612755090e+001
1.564909090909091e+000 -3.804216141414646e+001
1.565090909090909e+000 -4.071955308701698e+001
1.565272727272727e+000 -5.836592667357205e+001
1.565454545454545e+000 -3.959681335917340e+001
1.565636363636364e+000 -3.903455110981200e+001
1.565818181818182e+000 -5.117706168031754e+001
1.566000000000000e+000 -4.217192387116230e+001
1.566181818181818e+000 -3.870400158185357e+001
1.566363636363636e+000 -4.524922752647058e+001
1.566545454545455e+000 -4.550582086644532e+001
1.566727272727273e+000 -3.899355239163737e+001
1.566909090909091e+000 -4.304904015729090e+001
1.567090909090909e+000 -4.924743168904264e+001
1.567272727272727e+000 -3.949709428435957e+001
1.567454545454545e+000 -4.220274492662388e+001
1.567636363636364e+000 -5.254882357470209e+001
1.567818181818182e+000 -3.995378264223422e+001
1.568000000000000e+000 -4.208847505422749e+001
1.568181818181818e+000 -5.383484494894767e+001
1.568363636363636e+000 -4.022573723795826e+001
1.568545454545455e+000 -4.252531880475734e+001
1.568727272727273e+000 -5.232917447910649e+001
1.568909090909091e+000 -4.031083144533296e+001
1.569090909090909e+000 -4.359108095002899e+001
1.569272727272727e+000 -4.930455014405986e+001
1.569454545454545e+000 -4.034248919511110e+001
1.569636363636364e+000 -4.569073289667555e+001
1.569818181818182e+000 -4.617327291755307e+001
1.570000000000000e+000 -4.057555352511405e+001
1.570181818181818e+000 -5.013827461376827e+001
1.570363636363636e+000 -4.358219599517217e+001
1.570545454545455e+000 -4.140376866760358e+001
1.570727272727273e+000 -6.916893809996634e+001
1.570909090909091e+000 -4.182080237698120e+001
1.571090909090909e+000 -4.352375204882632e+001
1.571272727272727e+000 -5.077784464888936e+001
1.571454545454545e+000 -4.116681196940524e+001
1.571636363636364e+000 -4.888923373318790e+001
1.571818181818182e+000 -4.440337397644525e+001
1.572000000000000e+000 -4.214598512584109e+001
1.572181818181818e+000 -6.571656271591304e+001
1.572363636363636e+000 -4.187842194330855e+001
1.572545454545455e+000 -4.628748785071100e+001
1.572727272727273e+000 -4.639407129741050e+001
1.572909090909091e+000 -4.212400143638075e+001
1.573090909090909e+000 -7.680387424193059e+001
1.573272727272727e+000 -4.234113697453315e+001
1.573454545454545e+000 -4.661426566402945e+001
1.573636363636364e+000 -4.631005114615994e+001
1.573818181818182e+000 -4.269508916418597e+001
1.574000000000000e+000 -6.251799160254589e+001
1.574181818181818e+000 -4.234329893532026e+001
1.574363636363636e+000 -4.982480669667874e+001
1.574545454545455e+000 -4.457161721809384e+001
1.574727272727273e+000 -4.432467107480662e+001
1.574909090909091e+000 -5.062049499355759e+001
1.575090909090909e+000 -4.266931237967233e+001
1.575272727272727e+000 -6.867831702892491e+001
1.575454545454545e+000 -4.297326464937631e+001
1.575636363636364e+000 -4.959233605362501e+001
1.575818181818182e+000 -4.490814378180122e+001
1.576000000000000e+000 -4.525011871763936e+001
1.576181818181818e+000 -4.890816159209713e+001
1.576363636363636e+000 -4.351711059006994e+001
1.576545454545455e+000 -5.793871394916668e+001
1.576727272727273e+000 -4.309867156387411e+001
1.576909090909091e+000 -6.069731313046302e+001
1.577090909090909e+000 -4.355767664357064e+001
1.577272727272727e+000 -5.113567214750731e+001
1.577454545454545e+000 -4.470181709392860e+001
1.577636363636364e+000 -4.753839502788923e+001
1.577818181818182e+000 -4.644904363155895e+001
1.578000000000000e+000 -4.568759608364523e+001
1.578181818181818e+000 -4.879174359208998e+001
1.578363636363636e+000 -4.469737149715144e+001
1.578545454545455e+000 -5.180073838172140e+001
1.578727272727273e+000 -4.420450380359517e+001
1.578909090909091e+000 -5.567152756653828e+001
1.579090909090909e+000 -4.401146882746308e+001
1.579272727272727e+000 -6.088099472339533e+001
1.579454545454545e+000 -4.399297066904909e+001
1.579636363636364e+000 -6.888546496233494e+001
1.579818181818182e+000 -4.406407615753250e+001
1.580000000000000e+000 -9.802937122970954e+001
1.580181818181818e+000 -4.416860673914582e+001
1.580363636363636e+000 -7.759460708325560e+001
1.580545454545455e+000 -4.427538642426600e+001
1.580727272727273e+000 -8.074234251502587e+001
1.580909090909091e+000 -4.437740667012616e+001
1.581090909090909e+000 -7.781174948147910e+001
1.581272727272727e+000 -4.449171533473018e+001
1.581454545454545e+000 -6.560288565546243e+001
1.581636363636364e+000 -4.465956235040846e+001
1.581818181818182e+000 -5.929766183927761e+001
1.582000000000000e+000 -4.494793240679517e+001
1.582181818181818e+000 -5.494872639412142e+001
1.582363636363636e+000 -4.545551538378091e+001
1.582545454545455e+000 -5.168541597119344e+001
1.582727272727273e+000 -4.632998168421161e+001
1.582909090909091e+000 -4.918086213228654e+001
1.583090909090909e+000 -4.781564226440482e+001
1.583272727272727e+000 -4.730023261065697e+001
1.583454545454545e+000 -5.040410567695580e+001
1.583636363636364e+000 -4.600651965369710e+001
1.583818181818182e+000 -5.552890691957144e+001
1.584000000000000e+000 -4.533440732709668e+001
1.584181818181818e+000 -8.225525576694558e+001
1.584363636363636e+000 -4.539953314854444e+001
1.584545454545455e+000 -5.567088062700805e+001
1.584727272727273e+000 -4.645799329927973e+001
1.584909090909091e+000 -4.965002653393715e+001
1.585090909090909e+000 -4.912840763137683e+001
1.585272727272727e+000 -4.678092994483969e+001
1.585454545454545e+000 -5.566341766093690e+001
1.585636363636364e+000 -4.567910953693932e+001
1.585818181818182e+000 -6.479753050371735e+001
1.586000000000000e+000 -4.622039138446512e+001
1.586181818181818e+000 -5.111355633407636e+001
1.586363636363636e+000 -4.904971034011697e+001
1.586545454545455e+000 -4.703522294829760e+001
1.586727272727273e+000 -5.787275466917523e+001
1.586909090909091e+000 -4.593720644854978e+001
1.587090909090909e+000 -5.714523172541673e+001
1.587272727272727e+000 -4.745604538682700e+001
1.587454545454546e+000 -4.858874701439052e+001
1.587636363636364e+000 -5.366462758574571e+001
1.587818181818182e+000 -4.622547195021605e+001
1.588000000000000e+000 -6.126139592509718e+001
1.588181818181818e+000 -4.733776031096204e+001
1.588363636363636e+000 -4.902067720837319e+001
1.588545454545455e+000 -5.405543727837041e+001
1.588727272727273e+000 -4.638988027211379e+001
1.588909090909091e+000 -5.814379216753569e+001
1.589090909090909e+000 -4.819986010210064e+001
1.589272727272727e+000 -4.811792394959407e+001
1.589454545454546e+000 -5.950192087209499e+001
1.589636363636364e+000 -4.666006942371853e+001
1.589818181818182e+000 -5.248570277369480e+001
1.590000000000000e+000 -5.103735167202408e+001
1.590181818181818e+000 -4.695447103601729e+001
1.590363636363636e+000 -6.285386007564796e+001
1.590545454545455e+000 -4.825577620488580e+001
1.590727272727273e+000 -4.835357747806303e+001
1.590909090909091e+000 -6.322247156607504e+001
1.591090909090909e+000 -4.723190664072735e+001
1.591272727272727e+000 -5.047419234953967e+001
1.591454545454546e+000 -5.526617917958688e+001
1.591636363636364e+000 -4.701197617421209e+001
1.591818181818182e+000 -5.297616165831948e+001
1.592000000000000e+000 -5.243720188384280e+001
1.592181818181818e+000 -4.714324638277415e+001
1.592363636363636e+000 -5.537426178646205e+001
1.592545454545455e+000 -5.123940599325619e+001
1.592727272727273e+000 -4.735530464653115e+001
1.592909090909091e+000 -5.693227428656788e+001
1.593090909090909e+000 -5.092210055673505e+001
1.593272727272727e+000 -4.749770274090047e+001
1.593454545454546e+000 -5.696740270234572e+001
1.593636363636364e+000 -5.128966430089220e+001
1.593818181818182e+000 -4.753638768774488e+001
1.594000000000000e+000 -5.552195688598287e+001
1.594181818181818e+000 -5.245566270001858e+001
1.594363636363636e+000 -4.755539094765373e+001
1.594545454545455e+000 -5.331288707511143e+001
1.594727272727273e+000 -5.497367420191861e+001
1.594909090909091e+000 -4.775310892797161e+001
1.595090909090909e+000 -5.105521310221329e+001
1.595272727272727e+000 -6.101529670909008e+001
1.595454545454546e+000 -4.845971261414240e+001
1.595636363636364e+000 -4.921130228793136e+001
1.595818181818182e+000 -7.056586139544493e+001
1.596000000000000e+000 -5.026030493441219e+001
1.596181818181818e+000 -4.811326029673658e+001
1.596363636363636e+000 -5.551927234257878e+001
1.596545454545455e+000 -5.464556631336980e+001
1.596727272727273e+000 -4.815142154744405e+001
1.596909090909091e+000 -5.048496844309523e+001
1.597090909090909e+000 -7.696723930010106e+001
1.597272727272727e+000 -5.009495993521900e+001
1.597454545454546e+000 -4.836329517562801e+001
1.597636363636364e+000 -5.494569406293557e+001
1.597818181818182e+000 -5.670870082683828e+001
1.598000000000000e+000 -4.872634323545321e+001
1.598181818181818e+000 -4.948468589453374e+001
1.598363636363636e+000 -6.171183834037657e+001
1.598545454545455e+000 -5.309305984233390e+001
1.598727272727273e+000 -4.844501171642538e+001
1.598909090909091e+000 -5.065266879920812e+001
1.599090909090909e+000 -7.133889260730553e+001
1.599272727272727e+000 -5.197710821303733e+001
1.599454545454546e+000 -4.851079702490596e+001
1.599636363636364e+000 -5.120335360068633e+001
1.599818181818182e+000 -7.545429426776700e+001
1.600000000000000e+000 -5.213377295409420e+001
1.600181818181818e+000 -4.865542689857605e+001
1.600363636363636e+000 -5.086805223618848e+001
1.600545454545455e+000 -6.604611568784031e+001
1.600727272727273e+000 -5.358432761759973e+001
1.600909090909091e+000 -4.897860168626088e+001
1.601090909090909e+000 -4.994321490193551e+001
1.601272727272727e+000 -5.826536776580640e+001
1.601454545454546e+000 -5.765208956242393e+001
1.601636363636364e+000 -4.997429385357875e+001
1.601818181818182e+000 -4.910270194826806e+001
1.602000000000000e+000 -5.309967818059263e+001
1.602181818181818e+000 -8.406122579153357e+001
1.602363636363636e+000 -5.285750913512186e+001
1.602545454545455e+000 -4.921290285363769e+001
1.602727272727273e+000 -5.002309456492264e+001
1.602909090909091e+000 -5.628148265987916e+001
1.603090909090909e+000 -6.328081945895386e+001
1.603272727272727e+000 -5.171755547458739e+001
1.603454545454546e+000 -4.922346386820721e+001
1.603636363636364e+000 -5.050363027953734e+001
1.603818181818182e+000 -5.706406596541215e+001
1.604000000000000e+000 -6.353598204378987e+001
1.604181818181818e+000 -5.217977560862024e+001
1.604363636363636e+000 -4.945875923893657e+001
1.604545454545455e+000 -5.015116649424493e+001
1.604727272727273e+000 -5.479921111600988e+001
1.604909090909091e+000 -8.905964071378479e+001
1.605090909090909e+000 -5.466336721680332e+001
1.605272727272727e+000 -5.029584394565505e+001
1.605454545454546e+000 -4.957561037614514e+001
1.605636363636364e+000 -5.168791774464315e+001
1.605818181818182e+000 -5.875524220076644e+001
1.606000000000000e+000 -6.457262776362185e+001
1.606181818181818e+000 -5.338175664001772e+001
1.606363636363636e+000 -5.017828593022874e+001
1.606545454545455e+000 -4.979486148744481e+001
1.606727272727273e+000 -5.182080189862058e+001
1.606909090909091e+000 -5.785943060026974e+001
1.607090909090909e+000 -7.097761365290961e+001
1.607272727272727e+000 -5.514451361361495e+001
1.607454545454546e+000 -5.107113264749933e+001
1.607636363636364e+000 -4.985615904853685e+001
1.607818181818182e+000 -5.060200334107349e+001
1.608000000000000e+000 -5.359607095087780e+001
1.608181818181818e+000 -6.156433808178381e+001
1.608363636363636e+000 -6.514840315629539e+001
1.608545454545455e+000 -5.485226740015274e+001
1.608727272727273e+000 -5.133034047083290e+001
1.608909090909091e+000 -5.009616229183290e+001
1.609090909090909e+000 -5.043274761254590e+001
1.609272727272727e+000 -5.237554598192452e+001
1.609454545454546e+000 -5.682874829734190e+001
1.609636363636364e+000 -7.102825010174365e+001
1.609818181818182e+000 -6.099298646818242e+001
1.610000000000000e+000 -5.436907243995368e+001
1.610181818181818e+000 -5.153459996259223e+001
1.610363636363636e+000 -5.038147632269021e+001
1.610545454545455e+000 -5.041074643679655e+001
1.610727272727273e+000 -5.155019979843767e+001
1.610909090909091e+000 -5.406508466649689e+001
1.611090909090909e+000 -5.905657433903993e+001
1.611272727272727e+000 -7.622935800744875e+001
1.611454545454546e+000 -6.199348144752668e+001
1.611636363636364e+000 -5.569423590790800e+001
1.611818181818182e+000 -5.271537756885073e+001
1.612000000000000e+000 -5.117467864637241e+001
1.612181818181818e+000 -5.055454756346792e+001
1.612363636363636e+000 -5.066724657650987e+001
1.612545454545455e+000 -5.147179020198788e+001
1.612727272727273e+000 -5.304847848023392e+001
1.612909090909091e+000 -5.567497049057011e+001
1.613090909090909e+000 -6.020229592949853e+001
1.613272727272727e+000 -7.133753484865150e+001
1.613454545454546e+000 -6.741260284663602e+001
1.613636363636364e+000 -5.936430114673236e+001
1.613818181818182e+000 -5.566248664554129e+001
1.614000000000000e+000 -5.347518303017807e+001
1.614181818181818e+000 -5.211614756408096e+001
1.614363636363636e+000 -5.130953585080096e+001
1.614545454545455e+000 -5.091824949802766e+001
1.614727272727273e+000 -5.086700530619260e+001
1.614909090909091e+000 -5.111404699924612e+001
1.615090909090909e+000 -5.163958623279800e+001
1.615272727272727e+000 -5.244177129291030e+001
1.615454545454546e+000 -5.353758781410203e+001
1.615636363636364e+000 -5.496930123876938e+001
1.615818181818182e+000 -5.682100820532166e+001
1.616000000000000e+000 -5.926042910853592e+001
1.616181818181818e+000 -6.266332493822892e+001
1.616363636363636e+000 -6.814041453392190e+001
1.616545454545455e+000 -8.408533208594014e+001
1.616727272727273e+000 -7.223162054979676e+001
1.616909090909091e+000 -6.553476596129782e+001
1.617090909090909e+000 -6.208178963701244e+001
1.617272727272727e+000 -5.984399143881662e+001
1.617454545454546e+000 -5.825472983039045e+001
1.617636363636364e+000 -5.707188791942306e+001
1.617818181818182e+000 -5.616846840217330e+001
1.618000000000000e+000 -5.546903362233188e+001
1.618181818181818e+000 -5.492489632414650e+001
1.618363636363636e+000 -5.450278713585923e+001
1.618545454545455e+000 -5.417908821841076e+001
1.618727272727273e+000 -5.393666306553428e+001
1.618909090909091e+000 -5.376301462370981e+001
1.619090909090909e+000 -5.364917522238118e+001
1.619272727272727e+000 -5.358902695451218e+001
1.619454545454545e+000 -5.357889222065062e+001
1.619636363636364e+000 -5.361730796531376e+001
1.619818181818182e+000 -5.370493924948580e+001
1.620000000000000e+000 -5.384461607391286e+001
1.620181818181818e+000 -5.404150043532365e+001
1.620363636363636e+000 -5.430341605257739e+001
1.620545454545455e+000 -5.464140840773587e+001
1.620727272727273e+000 -5.507066157836865e+001
1.620909090909091e+000 -5.561200671830098e+001
1.621090909090909e+000 -5.629447717946503e+001
1.621272727272727e+000 -5.715984755780787e+001
1.621454545454546e+000 -5.827126640777780e+001
1.621636363636364e+000 -5.973130157926129e+001
1.621818181818182e+000 -6.172511010582804e+001
1.622000000000000e+000 -6.464739214688059e+001
1.622181818181818e+000 -6.964157211158361e+001
1.622363636363636e+000 -8.555744298749960e+001
1.622545454545455e+000 -7.242238181037142e+001
1.622727272727273e+000 -6.526630403035017e+001
1.622909090909091e+000 -6.132445293668894e+001
1.623090909090909e+000 -5.862299369159997e+001
1.623272727272727e+000 -5.661636195749101e+001
1.623454545454545e+000 -5.507976826925746e+001
1.623636363636364e+000 -5.390382073748614e+001
1.623818181818182e+000 -5.303249074612189e+001
1.624000000000000e+000 -5.243962399638663e+001
1.624181818181818e+000 -5.211937449425242e+001
1.624363636363636e+000 -5.208324093139676e+001
1.624545454545455e+000 -5.236177408592334e+001
1.624727272727273e+000 -5.301197316843161e+001
1.624909090909091e+000 -5.413557282265172e+001
1.625090909090909e+000 -5.592529357023180e+001
1.625272727272727e+000 -5.880537398305420e+001
1.625454545454545e+000 -6.405701773806194e+001
1.625636363636364e+000 -8.459608326567012e+001
1.625818181818182e+000 -6.560480998104750e+001
1.626000000000000e+000 -5.924237770899233e+001
1.626181818181818e+000 -5.591021301114834e+001
1.626363636363636e+000 -5.391218906299214e+001
1.626545454545455e+000 -5.277959723611418e+001
1.626727272727273e+000 -5.235178916003216e+001
1.626909090909091e+000 -5.260787004359262e+001
1.627090909090909e+000 -5.364398912723794e+001
1.627272727272727e+000 -5.574636177601021e+001
1.627454545454545e+000 -5.974278186703283e+001
1.627636363636364e+000 -6.987810413540778e+001
1.627818181818182e+000 -6.729382236450614e+001
1.628000000000000e+000 -5.876651672337437e+001
1.628181818181818e+000 -5.508415376130351e+001
1.628363636363636e+000 -5.322200258583487e+001
1.628545454545455e+000 -5.255771475534572e+001
1.628727272727273e+000 -5.297019779288901e+001
1.628909090909091e+000 -5.464315946151635e+001
1.629090909090909e+000 -5.833272296623910e+001
1.629272727272727e+000 -6.801811566295821e+001
1.629454545454545e+000 -6.631582560031137e+001
1.629636363636364e+000 -5.768939631056744e+001
1.629818181818182e+000 -5.424812113791253e+001
1.630000000000000e+000 -5.285054703699087e+001
1.630181818181818e+000 -5.295116208306316e+001
1.630363636363636e+000 -5.466590449135189e+001
1.630545454545455e+000 -5.901103618157590e+001
1.630727272727273e+000 -7.465819842481946e+001
1.630909090909091e+000 -6.200230763124024e+001
1.631090909090909e+000 -5.574255381907364e+001
1.631272727272727e+000 -5.331392670990481e+001
1.631454545454545e+000 -5.293820182382405e+001
1.631636363636364e+000 -5.450899129690067e+001
1.631818181818182e+000 -5.915711452650245e+001
1.632000000000000e+000 -8.292947448549361e+001
1.632181818181818e+000 -6.014679808971356e+001
1.632363636363636e+000 -5.480684278221700e+001
1.632545454545455e+000 -5.305634727186730e+001
1.632727272727273e+000 -5.361569365876109e+001
1.632909090909091e+000 -5.696667203619300e+001
1.633090909090909e+000 -6.847861714652555e+001
1.633272727272727e+000 -6.224142397099754e+001
1.633454545454546e+000 -5.529275761939116e+001
1.633636363636364e+000 -5.318807794048162e+001
1.633818181818182e+000 -5.382585272281737e+001
1.634000000000000e+000 -5.785771452920199e+001
1.634181818181818e+000 -7.758310867717701e+001
1.634363636363636e+000 -5.946691490992758e+001
1.634545454545455e+000 -5.428774586869405e+001
1.634727272727273e+000 -5.324142020881324e+001
1.634909090909091e+000 -5.536902035978123e+001
1.635090909090909e+000 -6.373368191758672e+001
1.635272727272727e+000 -6.394978614464050e+001
1.635454545454545e+000 -5.537893779735924e+001
1.635636363636364e+000 -5.331371928950041e+001
1.635818181818182e+000 -5.480107524411805e+001
1.636000000000000e+000 -6.204861142552360e+001
1.636181818181818e+000 -6.519582004592948e+001
1.636363636363636e+000 -5.549572497554856e+001
1.636545454545455e+000 -5.339577414479825e+001
1.636727272727273e+000 -5.527862867626195e+001
1.636909090909091e+000 -6.470539458132207e+001
1.637090909090909e+000 -6.180603559361680e+001
1.637272727272727e+000 -5.461656325766710e+001
1.637454545454546e+000 -5.362463416638646e+001
1.637636363636364e+000 -5.729463820986558e+001
1.637818181818182e+000 -9.973568932092150e+001
1.638000000000000e+000 -5.739990680397003e+001
1.638181818181818e+000 -5.367611376077419e+001
1.638363636363636e+000 -5.496708692988117e+001
1.638545454545455e+000 -6.428309928129015e+001
1.638727272727273e+000 -6.114364737445742e+001
1.638909090909091e+000 -5.434435386307526e+001
1.639090909090909e+000 -5.416854484264261e+001
1.639272727272727e+000 -6.042411968022575e+001
1.639454545454545e+000 -6.485046065222596e+001
1.639636363636364e+000 -5.496452695352908e+001
1.639818181818182e+000 -5.397900828005954e+001
1.640000000000000e+000 -5.938488232442763e+001
1.640181818181818e+000 -6.639737953847407e+001
1.640363636363636e+000 -5.512520923737441e+001
1.640545454545455e+000 -5.407072144245187e+001
1.640727272727273e+000 -6.000058255975602e+001
1.640909090909091e+000 -6.442869299652092e+001
1.641090909090909e+000 -5.476384575549614e+001
1.641272727272727e+000 -5.447331894629152e+001
1.641454545454546e+000 -6.278283452789918e+001
1.641636363636364e+000 -6.074066168787284e+001
1.641818181818182e+000 -5.419160509402092e+001
1.642000000000000e+000 -5.558698903475698e+001
1.642181818181818e+000 -7.290683049288785e+001
1.642363636363636e+000 -5.726488134521628e+001
1.642545454545455e+000 -5.399129288283835e+001
1.642727272727273e+000 -5.850786047798797e+001
1.642909090909091e+000 -6.618051196035033e+001
1.643090909090909e+000 -5.485478247359691e+001
1.643272727272727e+000 -5.504605617711858e+001
1.643454545454545e+000 -6.836769602110338e+001
1.643636363636364e+000 -5.770671135530676e+001
1.643818181818182e+000 -5.411773384428637e+001
1.644000000000000e+000 -5.939042852857742e+001
1.644181818181818e+000 -6.325979805150353e+001
1.644363636363636e+000 -5.447732506390687e+001
1.644545454545455e+000 -5.630269984050140e+001
1.644727272727273e+000 -7.927132038589798e+001
1.644909090909091e+000 -5.560913627488093e+001
1.645090909090909e+000 -5.497545004145099e+001
1.645272727272727e+000 -6.895282270670812e+001
1.645454545454545e+000 -5.717031769729835e+001
1.645636363636364e+000 -5.446176803908418e+001
1.645818181818182e+000 -6.323346142584831e+001
1.646000000000000e+000 -5.882575188673695e+001
1.646181818181818e+000 -5.433730770224036e+001
1.646363636363636e+000 -6.096853800320206e+001
1.646545454545455e+000 -6.018036040983811e+001
1.646727272727273e+000 -5.436413875271204e+001
1.646909090909091e+000 -6.010618828440452e+001
1.647090909090909e+000 -6.082689566257105e+001
1.647272727272727e+000 -5.441590160748293e+001
1.647454545454545e+000 -6.017214378474152e+001
1.647636363636364e+000 -6.054339909773943e+001
1.647818181818182e+000 -5.446277275023361e+001
1.648000000000000e+000 -6.117315600944478e+001
1.648181818181818e+000 -5.945766145204971e+001
1.648363636363636e+000 -5.456990720006363e+001
1.648545454545455e+000 -6.360687781867940e+001
1.648727272727273e+000 -5.794754986399427e+001
1.648909090909091e+000 -5.490089618574756e+001
1.649090909090909e+000 -6.964864219025996e+001
1.649272727272727e+000 -5.642249879300039e+001
1.649454545454545e+000 -5.574534265266738e+001
1.649636363636364e+000 -7.843357274982073e+001
1.649818181818182e+000 -5.522958490367966e+001
1.650000000000000e+000 -5.764455189917285e+001
