1.500000000000000e+000 -6.668388303327501e-006
1.500090909090909e+000 -7.530919218990878e-006
1.500181818181818e+000 -8.443051511099438e-006
1.500272727272727e+000 -9.395809833160411e-006
1.500363636363636e+000 -1.037751782833928e-005
1.500454545454546e+000 -1.137365046401450e-005
1.500545454545455e+000 -1.236677045489306e-005
1.500636363636364e+000 -1.333657396442277e-005
1.500727272727273e+000 -1.426007085584341e-005
1.500818181818182e+000 -1.511192403043864e-005
1.500909090909091e+000 -1.586497022851899e-005
1.501000000000000e+000 -1.649094032858276e-005
1.501090909090909e+000 -1.696138944784355e-005
1.501181818181818e+000 -1.724883801999658e-005
1.501272727272727e+000 -1.732811170717273e-005
1.501363636363637e+000 -1.717785205042379e-005
1.501454545454545e+000 -1.678215205298189e-005
1.501545454545455e+000 -1.613224936133426e-005
1.501636363636364e+000 -1.522818960746435e-005
1.501727272727273e+000 -1.408035055229205e-005
1.501818181818182e+000 -1.271069970574374e-005
1.501909090909091e+000 -1.115364394310161e-005
1.502000000000000e+000 -9.456322624894953e-006
1.502090909090909e+000 -7.678199997724170e-006
1.502181818181818e+000 -5.889826758605496e-006
1.502272727272727e+000 -4.170673533307843e-006
1.502363636363636e+000 -2.605984801809637e-006
1.502454545454546e+000 -1.282667682689032e-006
1.502545454545455e+000 -2.843105860903083e-007
1.502636363636364e+000 3.144803346695959e-007
1.502727272727273e+000 4.541356522580405e-007
1.502818181818182e+000 9.617722291992645e-008
1.502909090909091e+000 -7.712114057766976e-007
1.503000000000000e+000 -2.128650310245834e-006
1.503090909090909e+000 -3.922650441758732e-006
1.503181818181818e+000 -6.064891769650711e-006
1.503272727272727e+000 -8.434186506691704e-006
1.503363636363637e+000 -1.088147346463469e-005
1.503454545454545e+000 -1.323797321065419e-005
1.503545454545455e+000 -1.532634863198175e-005
1.503636363636364e+000 -1.697437893845850e-005
1.503727272727273e+000 -1.803029211327627e-005
1.503818181818182e+000 -1.837854653489572e-005
1.503909090909091e+000 -1.795455255305131e-005
1.504000000000000e+000 -1.675662934961711e-005
1.504090909090909e+000 -1.485345109298110e-005
1.504181818181818e+000 -1.238539776060013e-005
1.504272727272727e+000 -9.558612015972121e-006
1.504363636363636e+000 -6.631189196699128e-006
1.504454545454546e+000 -3.891761873095156e-006
1.504545454545455e+000 -1.631722212755411e-006
1.504636363636364e+000 -1.133610365750877e-007
1.504727272727273e+000 4.628478398693597e-007
1.504818181818182e+000 -1.212516572961853e-008
1.504909090909091e+000 -1.533587845593426e-006
1.505000000000000e+000 -3.972243670024735e-006
1.505090909090909e+000 -7.077907113603878e-006
1.505181818181818e+000 -1.049953855796422e-005
1.505272727272727e+000 -1.382128425470105e-005
1.505363636363637e+000 -1.661181094346536e-005
1.505454545454545e+000 -1.848177660964329e-005
1.505545454545455e+000 -1.914216056832304e-005
1.505636363636364e+000 -1.845481447665487e-005
1.505727272727273e+000 -1.646638092236047e-005
1.505818181818182e+000 -1.341793916615338e-005
1.505909090909091e+000 -9.725466633791426e-006
1.506000000000000e+000 -5.930288962334276e-006
1.506090909090909e+000 -2.623665485578158e-006
1.506181818181818e+000 -3.548006648411502e-007
1.506272727272727e+000 4.640436405160679e-007
1.506363636363636e+000 -3.609779532711219e-007
1.506454545454546e+000 -2.753591356415775e-006
1.506545454545455e+000 -6.358747731599335e-006
1.506636363636364e+000 -1.058410089142167e-005
1.506727272727273e+000 -1.469004885120067e-005
1.506818181818182e+000 -1.791696701591354e-005
1.506909090909091e+000 -1.962914548875278e-005
1.507000000000000e+000 -1.944858097308890e-005
1.507090909090909e+000 -1.735005678520278e-005
1.507181818181818e+000 -1.369310394179787e-005
1.507272727272727e+000 -9.176613010937355e-006
1.507363636363637e+000 -4.716840326655857e-006
1.507454545454545e+000 -1.266723086516925e-006
1.507545454545455e+000 3.898463706289820e-007
1.507636363636364e+000 -1.751547352560446e-007
1.507727272727273e+000 -2.911310890522224e-006
1.507818181818182e+000 -7.267462413197756e-006
1.507909090909091e+000 -1.228605288374539e-005
1.508000000000000e+000 -1.680388536063999e-005
1.508090909090909e+000 -1.972106866828103e-005
1.508181818181818e+000 -2.027772335862459e-005
1.508272727272727e+000 -1.826842494162106e-005
1.508363636363636e+000 -1.413202386026765e-005
1.508454545454546e+000 -8.880099959069859e-006
1.508545454545455e+000 -3.866634043911866e-006
1.508636363636364e+000 -4.455911789111488e-007
1.508727272727273e+000 3.998788932355724e-007
1.508818181818182e+000 -1.645116714747116e-006
1.508909090909091e+000 -6.095660977577068e-006
1.509000000000000e+000 -1.175601636279200e-005
1.509090909090909e+000 -1.702441970664011e-005
1.509181818181818e+000 -2.034311956149732e-005
1.509272727272727e+000 -2.067046984012671e-005
1.509363636363637e+000 -1.783112876970160e-005
1.509454545454545e+000 -1.262287191957671e-005
1.509545454545455e+000 -6.623171116914522e-006
1.509636363636364e+000 -1.730221057560661e-006
1.509727272727273e+000 4.353743402678652e-007
1.509818181818182e+000 -9.183252480888356e-007
1.509909090909091e+000 -5.441298197184458e-006
1.510000000000000e+000 -1.169482630544023e-005
1.510090909090909e+000 -1.758546949542789e-005
1.510181818181818e+000 -2.106032477105226e-005
1.510272727272727e+000 -2.083777840301181e-005
1.510363636363636e+000 -1.691177797895064e-005
1.510454545454546e+000 -1.062461967368629e-005
1.510545454545455e+000 -4.244153344894455e-006
1.510636363636364e+000 -1.630934644472655e-007
1.510727272727273e+000 4.655656322400375e-009
1.510818181818182e+000 -3.911659966154800e-006
1.510909090909091e+000 -1.049597880780571e-005
1.511000000000000e+000 -1.722263654279101e-005
1.511090909090909e+000 -2.141238257629000e-005
1.511181818181818e+000 -2.131465694663228e-005
1.511272727272727e+000 -1.687743629903283e-005
1.511363636363637e+000 -9.856247815678990e-006
1.511454545454545e+000 -3.163504632071271e-006
1.511545454545455e+000 3.212954292423810e-007
1.511636363636364e+000 -9.965997185732018e-007
1.511727272727273e+000 -6.661795810241094e-006
1.511818181818182e+000 -1.426982014453104e-005
1.511909090909091e+000 -2.045519107127035e-005
1.512000000000000e+000 -2.238069718127170e-005
1.512090909090909e+000 -1.907425747405413e-005
1.512181818181818e+000 -1.197371622788091e-005
1.512272727272727e+000 -4.361518169831331e-006
1.512363636363636e+000 1.206822432250162e-007
1.512454545454546e+000 -7.785028013250237e-007
1.512545454545455e+000 -6.749680506271800e-006
1.512636363636364e+000 -1.495679247137704e-005
1.512727272727273e+000 -2.134525926437166e-005
1.512818181818182e+000 -2.264743845265331e-005
1.512909090909091e+000 -1.809946838892140e-005
1.513000000000000e+000 -9.952640791506173e-006
1.513090909090909e+000 -2.424844207148710e-006
1.513181818181818e+000 4.563498944669170e-007
1.513272727272727e+000 -2.969533101416985e-006
1.513363636363637e+000 -1.098686110768635e-005
1.513454545454545e+000 -1.929955714211982e-005
1.513545454545455e+000 -2.330938135712859e-005
1.513636363636364e+000 -2.069051726986013e-005
1.513727272727273e+000 -1.281114448673200e-005
1.513818181818182e+000 -4.105428050170817e-006
1.513909090909091e+000 3.732957702097483e-007
1.514000000000000e+000 -2.104287554812690e-006
1.514090909090909e+000 -1.022431793540573e-005
1.514181818181818e+000 -1.924863629182647e-005
1.514272727272727e+000 -2.374585491032230e-005
1.514363636363636e+000 -2.089156201426198e-005
1.514454545454546e+000 -1.232498151295539e-005
1.514545454545455e+000 -3.306322424103483e-006
1.514636363636364e+000 4.608699610510643e-007
1.514727272727273e+000 -3.545803797323745e-006
1.514818181818182e+000 -1.291214567996686e-005
1.514909090909091e+000 -2.166278981089893e-005
1.515000000000000e+000 -2.405222069463365e-005
1.515090909090909e+000 -1.839314511867826e-005
1.515181818181818e+000 -8.349047341724185e-006
1.515272727272727e+000 -6.600964248508123e-007
1.515363636363637e+000 -6.486493999711535e-007
1.515454545454545e+000 -8.485116492087484e-006
1.515545454545455e+000 -1.887061255904093e-005
1.515636363636364e+000 -2.456155366200253e-005
1.515727272727273e+000 -2.144880800186137e-005
1.515818181818182e+000 -1.162750263587033e-005
1.515909090909091e+000 -2.111873407723396e-006
1.516000000000000e+000 1.133249947709596e-007
1.516090909090909e+000 -6.746909915384256e-006
1.516181818181818e+000 -1.776728804180917e-005
1.516272727272727e+000 -2.476016979393678e-005
1.516363636363636e+000 -2.237263597591115e-005
1.516454545454546e+000 -1.229128867982429e-005
1.516545454545455e+000 -2.193683311147122e-006
1.516636363636364e+000 2.495309078091403e-008
1.516727272727273e+000 -7.541403702413450e-006
1.516818181818182e+000 -1.908194563410911e-005
1.516909090909091e+000 -2.545055402947512e-005
1.517000000000000e+000 -2.144042950351564e-005
1.517090909090909e+000 -1.016796101558057e-005
1.517181818181818e+000 -8.008281554821417e-007
1.517272727272727e+000 -1.163155856114782e-006
1.517363636363637e+000 -1.114205374976639e-005
1.517454545454545e+000 -2.250943678568777e-005
1.517545454545455e+000 -2.564703904361912e-005
1.517636363636364e+000 -1.775470343107933e-005
1.517727272727273e+000 -5.505479232435339e-006
1.517818181818182e+000 4.589154449909317e-007
1.517909090909091e+000 -5.239258737852005e-006
1.518000000000000e+000 -1.776539782157576e-005
1.518090909090909e+000 -2.605860273344426e-005
1.518181818181818e+000 -2.260340785371637e-005
1.518272727272727e+000 -1.038135545581036e-005
1.518363636363636e+000 -4.815996322688915e-007
1.518454545454546e+000 -2.116594190755427e-006
1.518545454545455e+000 -1.397835986025618e-005
1.518636363636364e+000 -2.512693240712610e-005
1.518727272727273e+000 -2.503588889926863e-005
1.518818181818182e+000 -1.364789685159326e-005
1.518909090909091e+000 -1.763221719815769e-006
1.519000000000000e+000 -9.181233926100399e-007
1.519090909090909e+000 -1.214206009859089e-005
1.519181818181818e+000 -2.461472373698551e-005
1.519272727272727e+000 -2.602629295429862e-005
1.519363636363637e+000 -1.483198616495884e-005
1.519454545454545e+000 -2.140673826324159e-006
1.519545454545455e+000 -8.347402782244919e-007
1.519636363636364e+000 -1.245657265670794e-005
1.519727272727273e+000 -2.527402344059638e-005
1.519818181818182e+000 -2.604925172987347e-005
1.519909090909091e+000 -1.382915151442489e-005
1.520000000000000e+000 -1.318692362980101e-006
1.520090909090909e+000 -1.815025935325809e-006
1.520181818181818e+000 -1.501865252519032e-005
1.520272727272727e+000 -2.695198508349620e-005
1.520363636363636e+000 -2.470571239150587e-005
1.520454545454546e+000 -1.056339936871286e-005
1.520545454545455e+000 6.424191384959370e-008
1.520636363636364e+000 -4.678438893158216e-006
1.520727272727273e+000 -1.976727939173996e-005
1.520818181818182e+000 -2.845292880880555e-005
1.520909090909091e+000 -2.086586537089924e-005
1.521000000000000e+000 -5.452967943029347e-006
1.521090909090909e+000 1.862115150443955e-007
1.521181818181818e+000 -1.063916658286313e-005
1.521272727272727e+000 -2.562408803208812e-005
1.521363636363637e+000 -2.733656890581351e-005
1.521454545454545e+000 -1.361738223223381e-005
1.521545454545455e+000 -5.680266765639332e-007
1.521636363636364e+000 -3.825475580613989e-006
1.521727272727273e+000 -1.974614231852869e-005
1.521818181818182e+000 -2.928548040293546e-005
1.521909090909091e+000 -2.078202353757436e-005
1.522000000000000e+000 -4.462479743846957e-006
1.522090909090909e+000 -4.107105281458090e-007
1.522181818181818e+000 -1.387609475396450e-005
1.522272727272727e+000 -2.830764759916884e-005
1.522363636363636e+000 -2.560505206573093e-005
1.522454545454546e+000 -9.010407390096167e-006
1.522545454545455e+000 4.578015697384248e-007
1.522636363636364e+000 -9.493979778518158e-006
1.522727272727273e+000 -2.632771070081180e-005
1.522818181818182e+000 -2.831564463672357e-005
1.522909090909091e+000 -1.271449459808676e-005
1.523000000000000e+000 1.298078608573672e-007
1.523090909090909e+000 -6.876265703769957e-006
1.523181818181818e+000 -2.471488601904835e-005
1.523272727272727e+000 -2.967404816241313e-005
1.523363636363637e+000 -1.495389026579876e-005
1.523454545454545e+000 -3.260721279684630e-007
1.523545454545455e+000 -5.815099782204581e-006
1.523636363636364e+000 -2.419944905320295e-005
1.523727272727273e+000 -3.030373487829530e-005
1.523818181818182e+000 -1.554494340251845e-005
1.523909090909091e+000 -3.499630106009698e-007
1.524000000000000e+000 -6.143231520076025e-006
1.524090909090909e+000 -2.505471101312054e-005
1.524181818181818e+000 -3.039824581667258e-005
1.524272727272727e+000 -1.441524493917990e-005
1.524363636363636e+000 8.882899474329425e-008
1.524454545454546e+000 -7.970350386906343e-006
1.524545454545455e+000 -2.719904731298458e-005
1.524636363636364e+000 -2.963255620865470e-005
1.524727272727273e+000 -1.154180539342563e-005
1.524818181818182e+000 4.584150815582229e-007
1.524909090909091e+000 -1.165282295021633e-005
1.525000000000000e+000 -3.008958529633533e-005
1.525090909090909e+000 -2.721477375881533e-005
1.525181818181818e+000 -7.191944670010691e-006
1.525272727272727e+000 -3.891954806681027e-007
1.525363636363637e+000 -1.745797435951226e-005
1.525454545454545e+000 -3.246007763285658e-005
1.525545454545455e+000 -2.220205936930371e-005
1.525636363636364e+000 -2.428073697761654e-006
1.525727272727273e+000 -4.060633967816592e-006
1.525818181818182e+000 -2.485655725525720e-005
1.525909090909091e+000 -3.219839355642803e-005
1.526000000000000e+000 -1.431647455444761e-005
1.526090909090909e+000 4.042748605883769e-007
1.526181818181818e+000 -1.182461195006524e-005
1.526272727272727e+000 -3.162218909962193e-005
1.526363636363636e+000 -2.697453036067167e-005
1.526454545454546e+000 -5.267193446337368e-006
1.526545454545455e+000 -2.031998847843440e-006
1.526636363636364e+000 -2.290251978914961e-005
1.526727272727273e+000 -3.360217595102059e-005
1.526818181818182e+000 -1.624652254581347e-005
1.526909090909091e+000 3.085054373329171e-007
1.527000000000000e+000 -1.192443521426605e-005
1.527090909090909e+000 -3.263762668253078e-005
1.527181818181818e+000 -2.675245904952426e-005
1.527272727272727e+000 -4.118823561729110e-006
1.527363636363637e+000 -3.546074694488177e-006
1.527454545454545e+000 -2.635772161667872e-005
1.527545454545455e+000 -3.329119050166316e-005
1.527636363636364e+000 -1.215620399516592e-005
1.527727272727273e+000 2.111255263510466e-007
1.527818181818182e+000 -1.816867166357528e-005
1.527909090909091e+000 -3.517990318635995e-005
1.528000000000000e+000 -2.062857195291515e-005
1.528090909090909e+000 -2.736577640303394e-007
1.528181818181818e+000 -1.071093295967179e-005
1.528272727272727e+000 -3.353019279291491e-005
1.528363636363636e+000 -2.757275461508979e-005
1.528454545454546e+000 -3.474964301266818e-006
1.528545454545455e+000 -5.255102758042557e-006
1.528636363636364e+000 -3.001501600708473e-005
1.528727272727273e+000 -3.234100550749691e-005
1.528818181818182e+000 -7.770049089469023e-006
1.528909090909091e+000 -1.943734099579880e-006
1.529000000000000e+000 -2.608026512031127e-005
1.529090909090909e+000 -3.516253214057745e-005
1.529181818181818e+000 -1.195553540058888e-005
1.529272727272727e+000 -3.051061342922620e-007
1.529363636363637e+000 -2.266952898661785e-005
1.529454545454545e+000 -3.664045672615051e-005
1.529545454545455e+000 -1.533251076844279e-005
1.529636363636364e+000 3.063354200674866e-007
1.529727272727273e+000 -2.027251601806838e-005
1.529818181818182e+000 -3.739764603906753e-005
1.529909090909091e+000 -1.757674047490426e-005
1.530000000000000e+000 4.453555383737937e-007
1.530090909090909e+000 -1.909347323120102e-005
1.530181818181818e+000 -3.789214539133136e-005
1.530272727272727e+000 -1.856348906376616e-005
1.530363636363636e+000 4.554418712834721e-007
1.530454545454546e+000 -1.921121407380118e-005
1.530545454545455e+000 -3.834303141371931e-005
1.530636363636364e+000 -1.823656605746898e-005
1.530727272727273e+000 4.246387893374899e-007
1.530818181818182e+000 -2.067270342748266e-005
1.530909090909091e+000 -3.870322274638285e-005
1.531000000000000e+000 -1.655690479672491e-005
1.531090909090909e+000 1.668060562464459e-007
1.531181818181818e+000 -2.349940388955834e-005
1.531272727272727e+000 -3.864578193142295e-005
1.531363636363637e+000 -1.354321808115885e-005
1.531454545454545e+000 -7.849412259433168e-007
1.531545454545455e+000 -2.759857879750258e-005
1.531636363636364e+000 -3.757230795394822e-005
1.531727272727273e+000 -9.408119521135165e-006
1.531818181818182e+000 -3.141371185395451e-006
1.531909090909091e+000 -3.258367295748491e-005
1.532000000000000e+000 -3.469700013639777e-005
1.532090909090909e+000 -4.771554467171818e-006
1.532181818181818e+000 -7.703224707687174e-006
1.532272727272727e+000 -3.754561005195698e-005
1.532363636363636e+000 -2.929427516538869e-005
1.532454545454546e+000 -8.741789992136603e-007
1.532545454545455e+000 -1.499933981682521e-005
1.532636363636364e+000 -4.090004556956417e-005
1.532727272727273e+000 -2.118522233666800e-005
1.532818181818182e+000 3.912460262465501e-007
1.532909090909091e+000 -2.468471271556164e-005
1.533000000000000e+000 -4.055076029370423e-005
1.533090909090909e+000 -1.141552624773329e-005
1.533181818181818e+000 -3.084038646884420e-006
1.533272727272727e+000 -3.486738989766901e-005
1.533363636363637e+000 -3.466540103982458e-005
1.533454545454545e+000 -2.794147096786286e-006
1.533545454545455e+000 -1.247702429961796e-005
1.533636363636364e+000 -4.188231044349624e-005
1.533727272727273e+000 -2.316210946741829e-005
1.533818181818182e+000 4.047509133341573e-007
1.533909090909091e+000 -2.633954841008582e-005
1.534000000000000e+000 -4.132449957468283e-005
1.534090909090909e+000 -9.350660754018664e-006
1.534181818181818e+000 -5.638352454812012e-006
1.534272727272727e+000 -3.940347184675424e-005
1.534363636363636e+000 -3.086763630488324e-005
1.534454545454546e+000 -1.806386309692276e-007
1.534545454545455e+000 -2.078773867914023e-005
1.534636363636364e+000 -4.380448466470232e-005
1.534727272727273e+000 -1.392562223307881e-005
1.534818181818182e+000 -3.140386858994017e-006
1.534909090909091e+000 -3.797670503390026e-005
1.535000000000000e+000 -3.414837342535777e-005
1.535090909090909e+000 -8.457309750696362e-007
1.535181818181818e+000 -1.966859176623373e-005
1.535272727272727e+000 -4.493133850573028e-005
1.535363636363637e+000 -1.448790842868357e-005
1.535454545454545e+000 -3.457899018417501e-006
1.535545454545455e+000 -3.961377163947863e-005
1.535636363636364e+000 -3.337366509948030e-005
1.535727272727273e+000 -1.692633301757587e-007
1.535818181818182e+000 -2.331794266424413e-005
1.535909090909091e+000 -4.518843986818854e-005
1.536000000000000e+000 -1.069174229242127e-005
1.536090909090909e+000 -6.992839894400971e-006
1.536181818181818e+000 -4.395800409740261e-005
1.536272727272727e+000 -2.780854364506669e-005
1.536363636363636e+000 3.731100156831385e-007
1.536454545454546e+000 -3.187880387522623e-005
1.536545454545455e+000 -4.219271674005459e-005
1.536636363636364e+000 -3.930339213376772e-006
1.536727272727273e+000 -1.607500719140306e-005
1.536818181818182e+000 -4.767421237762791e-005
1.536909090909091e+000 -1.666847362880058e-005
1.537000000000000e+000 -3.873079046452360e-006
1.537090909090909e+000 -4.323484008783801e-005
1.537181818181818e+000 -3.176781957673732e-005
1.537272727272727e+000 4.546297060972891e-007
1.537363636363637e+000 -3.196432778493919e-005
1.537454545454545e+000 -4.364110223854358e-005
1.537545454545455e+000 -3.505259981567409e-006
1.537636363636364e+000 -1.863098021121417e-005
1.537727272727273e+000 -4.914253435910168e-005
1.537818181818182e+000 -1.334763340916418e-005
1.537909090909091e+000 -7.463797341014294e-006
1.538000000000000e+000 -4.787591035003191e-005
1.538090909090909e+000 -2.556253542875223e-005
1.538181818181818e+000 -9.533553052539767e-007
1.538272727272727e+000 -4.140902583847542e-005
1.538363636363636e+000 -3.698457755568397e-005
1.538454545454546e+000 3.015276819229547e-007
1.538545454545455e+000 -3.214214057239648e-005
1.538636363636364e+000 -4.556850595226831e-005
1.538727272727273e+000 -2.907284878512025e-006
1.538818181818182e+000 -2.236814865068999e-005
1.538909090909091e+000 -5.052100229607305e-005
1.539000000000000e+000 -9.103036460187780e-006
1.539090909090909e+000 -1.374340964271459e-005
1.539181818181818e+000 -5.203097958847145e-005
1.539272727272727e+000 -1.672564368326065e-005
1.539363636363637e+000 -7.146045252950204e-006
1.539454545454545e+000 -5.085870061791405e-005
1.539545454545455e+000 -2.450125008108199e-005
1.539636363636364e+000 -2.786168812262538e-006
1.539727272727273e+000 -4.796292759631160e-005
1.539818181818182e+000 -3.158478894068644e-005
1.539909090909091e+000 -4.226090688842899e-007
1.540000000000000e+000 -4.424676677239104e-005
1.540090909090909e+000 -3.754367110245964e-005
1.540181818181818e+000 4.179122606815364e-007
1.540272727272727e+000 -4.042997908496226e-005
1.540363636363636e+000 -4.226019721932277e-005
1.540454545454546e+000 2.717762191371085e-007
1.540545454545455e+000 -3.701819419198278e-005
1.540636363636364e+000 -4.581212760030644e-005
1.540727272727273e+000 -3.675473821321773e-007
1.540818181818182e+000 -3.432986929900477e-005
1.540909090909091e+000 -4.836571164492371e-005
1.541000000000000e+000 -1.102322971059809e-006
1.541090909090909e+000 -3.254746625185033e-005
1.541181818181818e+000 -5.009467129214742e-005
1.541272727272727e+000 -1.648412287755787e-006
1.541363636363637e+000 -3.176995920215195e-005
1.541454545454545e+000 -5.112580447229306e-005
1.541545454545455e+000 -1.836169951699048e-006
1.541636363636364e+000 -3.205348791516111e-005
1.541727272727273e+000 -5.150642207414900e-005
1.541818181818182e+000 -1.608153632771146e-006
1.541909090909091e+000 -3.343348344902611e-005
1.542000000000000e+000 -5.118864170871528e-005
1.542090909090909e+000 -1.022027491547956e-006
1.542181818181818e+000 -3.592498756234081e-005
1.542272727272727e+000 -5.002850937689620e-005
1.542363636363636e+000 -2.614455824406859e-007
1.542454545454546e+000 -3.949945311327097e-005
1.542545454545455e+000 -4.780232984031026e-005
1.542636363636364e+000 3.482251839238814e-007
1.542727272727273e+000 -4.403790222917069e-005
1.542818181818182e+000 -4.424698060454204e-005
1.542909090909091e+000 3.292629770076164e-007
1.543000000000000e+000 -4.926400814629831e-005
1.543090909090909e+000 -3.913356385965293e-005
1.543181818181818e+000 -9.363967052761558e-007
1.543272727272727e+000 -5.466842952910871e-005
1.543363636363637e+000 -3.238187404043636e-005
1.543454545454545e+000 -4.147854590593377e-006
1.543545454545455e+000 -5.944863775042536e-005
1.543636363636364e+000 -2.421328818898910e-005
1.543727272727273e+000 -9.951517190247474e-006
1.543818181818182e+000 -6.250523251678644e-005
1.543909090909091e+000 -1.531839411544231e-005
1.544000000000000e+000 -1.871489038907167e-005
1.544090909090909e+000 -6.255042314219322e-005
1.544181818181818e+000 -6.982359845323202e-006
1.544272727272727e+000 -3.021937300612623e-005
1.544363636363636e+000 -5.838443862501272e-005
1.544454545454546e+000 -1.072683098095105e-006
1.544545454545455e+000 -4.333973005207923e-005
1.544636363636364e+000 -4.936243472142751e-005
1.544727272727273e+000 2.295078518853628e-007
1.544818181818182e+000 -5.585537284608676e-005
1.544909090909091e+000 -3.598978785299035e-005
1.545000000000000e+000 -4.952956053019737e-006
1.545090909090909e+000 -6.460798303010193e-005
1.545181818181818e+000 -2.044605605590019e-005
1.545272727272727e+000 -1.725154111487522e-005
1.545363636363637e+000 -6.622032136309591e-005
1.545454545454545e+000 -6.687477320242715e-006
1.545545454545455e+000 -3.503737261200304e-005
1.545636363636364e+000 -5.844060654600067e-005
1.545727272727273e+000 2.829927325952924e-007
1.545818181818182e+000 -5.386902349179782e-005
1.545909090909091e+000 -4.182185668940187e-005
1.546000000000000e+000 -3.791635062896406e-006
1.546090909090909e+000 -6.711214717984304e-005
1.546181818181818e+000 -2.094968128170236e-005
1.546272727272727e+000 -1.987805071462330e-005
1.546363636363636e+000 -6.823395683270109e-005
1.546454545454546e+000 -4.067180268036409e-006
1.546545454545455e+000 -4.349174040708013e-005
1.546636363636364e+000 -5.445818051758413e-005
1.546727272727273e+000 -1.794791481657221e-007
1.546818181818182e+000 -6.471585360695943e-005
1.546909090909091e+000 -3.014196437977472e-005
1.547000000000000e+000 -1.396300325660970e-005
1.547090909090909e+000 -7.190374814534894e-005
1.547181818181818e+000 -7.145595871754075e-006
1.547272727272727e+000 -4.088382521959219e-005
1.547363636363637e+000 -5.864786618052951e-005
1.547454545454545e+000 7.914541426991039e-008
1.547545454545455e+000 -6.658813815936331e-005
1.547636363636364e+000 -3.040433448984072e-005
1.547727272727273e+000 -1.607293875822702e-005
1.547818181818182e+000 -7.373752209872523e-005
1.547909090909091e+000 -4.856561465389062e-006
1.548000000000000e+000 -4.793338274233445e-005
1.548090909090909e+000 -5.462433582605629e-005
1.548181818181818e+000 -2.018418657532561e-006
1.548272727272727e+000 -7.350208091593341e-005
1.548363636363636e+000 -2.101569432877794e-005
1.548454545454546e+000 -2.777820801309226e-005
1.548545454545455e+000 -7.101066239599786e-005
1.548636363636364e+000 3.582325137355753e-009
1.548727272727273e+000 -6.391116394043135e-005
1.548818181818182e+000 -3.939902599835901e-005
1.548909090909091e+000 -1.286515092426665e-005
1.549000000000000e+000 -7.842731877292387e-005
1.549090909090909e+000 -5.664042196539744e-006
1.549181818181818e+000 -5.176047446407034e-005
1.549272727272727e+000 -5.467477843827306e-005
1.549363636363637e+000 -4.457548988762010e-006
1.549454545454545e+000 -7.981544330079722e-005
1.549545454545455e+000 -1.393444073131832e-005
1.549636363636364e+000 -4.141877802084770e-005
1.549727272727273e+000 -6.530295375437431e-005
1.549818181818182e+000 -8.716790318278124e-007
1.549909090909091e+000 -7.883881581565507e-005
1.550000000000000e+000 -2.119814396780699e-005
1.550090909090909e+000 -3.474282880688671e-005
1.550181818181818e+000 -7.179630606471124e-005
1.550272727272727e+000 1.830495278464006e-007
1.550363636363636e+000 -7.826782138000580e-005
1.550454545454546e+000 -2.549567426788620e-005
1.550545454545455e+000 -3.220262678963466e-005
1.550636363636364e+000 -7.507273360267735e-005
1.550727272727273e+000 3.304119248803811e-007
1.550818181818182e+000 -7.962813287222556e-005
1.550909090909091e+000 -2.594569027355631e-005
1.551000000000000e+000 -3.394264199751818e-005
1.551090909090909e+000 -7.547131073215944e-005
1.551181818181818e+000 2.120854167392050e-008
1.551272727272727e+000 -8.325893844263402e-005
1.551363636363637e+000 -2.230796840121549e-005
1.551454545454545e+000 -4.030616413796558e-005
1.551545454545455e+000 -7.236172838810864e-005
1.551636363636364e+000 -1.664607300053054e-006
1.551727272727273e+000 -8.822729441998554e-005
1.551818181818182e+000 -1.507591808068545e-005
1.551909090909091e+000 -5.168554341381306e-005
1.552000000000000e+000 -6.428317244788214e-005
1.552090909090909e+000 -7.044531480319126e-006
1.552181818181818e+000 -9.198739608439616e-005
1.552272727272727e+000 -6.172501709274034e-006
1.552363636363636e+000 -6.759616265392477e-005
1.552454545454546e+000 -4.982434699285548e-005
1.552545454545455e+000 -1.934200396718669e-005
1.552636363636364e+000 -9.019685411754426e-005
1.552727272727273e+000 7.469637289814339e-008
1.552818181818182e+000 -8.503144117389082e-005
1.552909090909091e+000 -2.958360281470950e-005
1.553000000000000e+000 -4.092524652072067e-005
1.553090909090909e+000 -7.773111796585736e-005
1.553181818181818e+000 -3.234230725767960e-006
1.553272727272727e+000 -9.692069250041071e-005
1.553363636363637e+000 -8.950144009101474e-006
1.553454545454545e+000 -6.976716105399456e-005
1.553545454545455e+000 -5.222120228892427e-005
1.553636363636364e+000 -2.293989882000758e-005
1.553727272727273e+000 -9.300180777794546e-005
1.553818181818182e+000 4.241403757707790e-007
1.553909090909091e+000 -9.550188014693851e-005
1.554000000000000e+000 -2.002150976229439e-005
1.554090909090909e+000 -5.885748246877771e-005
1.554181818181818e+000 -6.631482103942167e-005
1.554272727272727e+000 -1.500465466960322e-005
1.554363636363636e+000 -1.001946403198876e-004
1.554454545454546e+000 3.156738100815639e-008
1.554545454545455e+000 -9.543067259959839e-005
1.554636363636364e+000 -2.515820632242757e-005
1.554727272727273e+000 -5.708600900423989e-005
1.554818181818182e+000 -7.083960279425448e-005
1.554909090909091e+000 -1.495041311801083e-005
1.555000000000000e+000 -1.034550479212859e-004
1.555090909090909e+000 2.541979952997135e-007
1.555181818181818e+000 -1.007505474598061e-004
1.555272727272727e+000 -2.158039958744897e-005
1.555363636363637e+000 -6.597986411099143e-005
1.555454545454545e+000 -6.510230925822127e-005
1.555545454545455e+000 -2.328690669536132e-005
1.555636363636364e+000 -1.019677701786960e-004
1.555727272727273e+000 -2.337825692693345e-007
1.555818181818182e+000 -1.098938653158854e-004
1.555909090909091e+000 -1.051558335972031e-005
1.556000000000000e+000 -8.547064372247026e-005
1.556090909090909e+000 -4.730258171062118e-005
1.556181818181818e+000 -4.415037115011299e-005
1.556272727272727e+000 -8.931542604695467e-005
1.556363636363636e+000 -9.593494421036006e-006
1.556454545454546e+000 -1.140374321258595e-004
1.556545454545455e+000 -8.698739866264814e-008
1.556636363636364e+000 -1.096684324992257e-004
1.556727272727273e+000 -1.975600160977646e-005
1.556818181818182e+000 -7.982901740296966e-005
1.556909090909091e+000 -5.818388644560402e-005
1.557000000000000e+000 -3.999041079388468e-005
1.557090909090909e+000 -9.707289748300046e-005
1.557181818181818e+000 -8.889884060509319e-006
1.557272727272727e+000 -1.194818331459358e-004
1.557363636363637e+000 1.558370323019669e-007
1.557454545454545e+000 -1.169734977070826e-004
1.557545454545455e+000 -1.581977481111285e-005
1.557636363636364e+000 -9.199217428692705e-005
1.557727272727273e+000 -4.959921693254030e-005
1.557818181818182e+000 -5.544896745491456e-005
1.557909090909091e+000 -8.793508370506614e-005
1.558000000000000e+000 -2.146374564746271e-005
1.558090909090909e+000 -1.172442742960687e-004
1.558181818181818e+000 -1.863219908930916e-006
1.558272727272727e+000 -1.283947489785473e-004
1.558363636363636e+000 -2.489611433557737e-006
1.558454545454546e+000 -1.190796911419943e-004
1.558545454545455e+000 -2.220489347085710e-005
1.558636363636364e+000 -9.351031357976882e-005
1.558727272727273e+000 -5.431346724500173e-005
1.558818181818182e+000 -6.013958584110096e-005
1.558909090909091e+000 -8.939260648434126e-005
1.559000000000000e+000 -2.858373822813084e-005
1.559090909090909e+000 -1.183385222214225e-004
1.559181818181818e+000 -6.846585688813787e-006
1.559272727272727e+000 -1.346922385614341e-004
1.559363636363637e+000 4.403304496731889e-007
1.559454545454545e+000 -1.357785071649327e-004
1.559545454545455e+000 -7.461635698922150e-006
1.559636363636364e+000 -1.226555248576936e-004
1.559727272727273e+000 -2.793614860807489e-005
1.559818181818182e+000 -9.919409539804360e-005
1.559909090909091e+000 -5.620049053825074e-005
1.560000000000000e+000 -7.073694541876162e-005
1.560090909090909e+000 -8.669196313769330e-005
1.560181818181818e+000 -4.275955270071116e-005
1.560272727272727e+000 -1.142862338548264e-004
1.560363636363636e+000 -1.982686434371413e-005
1.560454545454546e+000 -1.351317216120471e-004
1.560545454545455e+000 -4.983043147788272e-006
1.560636363636364e+000 -1.470362629896204e-004
1.560727272727273e+000 4.257515556220246e-007
1.560818181818182e+000 -1.494581009329391e-004
1.560909090909091e+000 -3.413627699768713e-006
1.561000000000000e+000 -1.432180614063310e-004
1.561090909090909e+000 -1.515775576237486e-005
1.561181818181818e+000 -1.300672224914986e-004
1.561272727272727e+000 -3.276516895619768e-005
1.561363636363637e+000 -1.122279989074676e-004
1.561454545454545e+000 -5.393480640783038e-005
1.561545454545455e+000 -9.199246337576324e-005
1.561636363636364e+000 -7.645972001233551e-005
1.561727272727273e+000 -7.142366822453277e-005
1.561818181818182e+000 -9.846773139271910e-005
1.561909090909091e+000 -5.217287445542050e-005
1.562000000000000e+000 -1.185490719906766e-004
1.562090909090909e+000 -3.540235594937718e-005
1.562181818181818e+000 -1.357890489225722e-004
1.562272727272727e+000 -2.179050251513534e-005
1.562363636363636e+000 -1.497320989556093e-004
1.562454545454546e+000 -1.159166367284040e-005
1.562545454545455e+000 -1.603045013904251e-004
1.562636363636364e+000 -4.724929293603111e-006
1.562727272727273e+000 -1.677192649552469e-004
1.562818181818182e+000 -8.711615996422777e-007
1.562909090909091e+000 -1.723807599938506e-004
1.563000000000000e+000 4.361023852525346e-007
1.563090909090909e+000 -1.748003642952372e-004
1.563181818181818e+000 -2.657524258709340e-007
1.563272727272727e+000 -1.755288702882324e-004
1.563363636363637e+000 -2.426858184490191e-006
1.563454545454545e+000 -1.751071843547507e-004
1.563545454545455e+000 -5.525383726869962e-006
1.563636363636364e+000 -1.740340302512999e-004
1.563727272727273e+000 -9.092354545819641e-006
1.563818181818182e+000 -1.727477783100484e-004
1.563909090909091e+000 -1.272407430100131e-005
1.564000000000000e+000 -1.716188727212824e-004
1.564090909090909e+000 -1.608574424748306e-005
1.564181818181818e+000 -1.709493163275510e-004
1.564272727272727e+000 -1.890967583325719e-005
1.564363636363636e+000 -1.709760279967314e-004
1.564454545454546e+000 -2.099102975728274e-005
1.564545454545455e+000 -1.718754145266069e-004
1.564636363636364e+000 -2.218345639161805e-005
1.564727272727273e+000 -1.737670662240721e-004
1.564818181818182e+000 -2.239645293211099e-005
1.564909090909091e+000 -1.767150261473481e-004
1.565000000000000e+000 -2.159573087682516e-005
1.565090909090909e+000 -1.807255875019019e-004
1.565181818181818e+000 -1.980739772540616e-005
1.565272727272727e+000 -1.857410602954835e-004
1.565363636363637e+000 -1.712625617913593e-005
1.565454545454545e+000 -1.916294750349178e-004
1.565545454545455e+000 -1.372795884168338e-005
1.565636363636364e+000 -1.981708143377895e-004
1.565727272727273e+000 -9.884054872757316e-006
1.565818181818182e+000 -2.050411567235573e-004
1.565909090909091e+000 -5.978072725761453e-006
1.566000000000000e+000 -2.117971163664740e-004
1.566090909090909e+000 -2.519667872148486e-006
1.566181818181818e+000 -2.178641869999068e-004
1.566272727272727e+000 -1.525510056275791e-007
1.566363636363636e+000 -2.225339708370708e-004
1.566454545454546e+000 3.494825414766970e-007
1.566545454545455e+000 -2.249766325171731e-004
1.566636363636364e+000 -1.894656259266380e-006
1.566727272727273e+000 -2.242759386094350e-004
1.566818181818182e+000 -7.824137217734542e-006
1.566909090909091e+000 -2.194944452903964e-004
1.567000000000000e+000 -1.835342045219452e-005
1.567090909090909e+000 -2.097751156437890e-004
1.567181818181818e+000 -3.425104173751592e-005
1.567272727272727e+000 -1.944821255512339e-004
1.567363636363637e+000 -5.598006372634162e-005
1.567454545454545e+000 -1.733771095695460e-004
1.567545454545455e+000 -8.350848308549641e-005
1.567636363636364e+000 -1.468171697253634e-004
1.567727272727273e+000 -1.161095008581928e-004
1.567818181818182e+000 -1.159478424938348e-004
1.567909090909091e+000 -1.521858601976832e-004
1.568000000000000e+000 -8.284927335202500e-005
1.568090909090909e+000 -1.891672967856364e-004
1.568181818181818e+000 -5.058005736615524e-005
1.568272727272727e+000 -2.235416252906971e-004
1.568363636363636e+000 -2.305543251422798e-005
1.568454545454546e+000 -2.510823626405271e-004
1.568545454545455e+000 -4.701258664125713e-006
1.568636363636364e+000 -2.673220743681329e-004
1.568727272727273e+000 1.504168785678999e-007
1.568818181818182e+000 -2.682842018887653e-004
1.568909090909091e+000 -1.189110983162201e-005
1.569000000000000e+000 -2.514234298671932e-004
1.569090909090909e+000 -4.227517480411968e-005
1.569181818181818e+000 -2.166389924489036e-004
1.569272727272727e+000 -8.954059280159199e-005
1.569363636363637e+000 -1.671307645785224e-004
1.569454545454545e+000 -1.486503054214704e-004
1.569545454545455e+000 -1.097918807973320e-004
1.569636363636364e+000 -2.109552311834634e-004
1.569727272727273e+000 -5.481323571366012e-005
1.569818181818182e+000 -2.650853636092599e-004
1.569909090909091e+000 -1.425793651924769e-005
1.570000000000000e+000 -2.989192355872709e-004
1.570090909090909e+000 4.207671769431206e-007
1.570181818181818e+000 -3.024992210974948e-004
1.570272727272727e+000 -1.840082969985744e-005
1.570363636363636e+000 -2.713690319209275e-004
1.570454545454546e+000 -7.129309440049020e-005
1.570545454545455e+000 -2.094062304613605e-004
1.570636363636364e+000 -1.496315311565980e-004
1.570727272727273e+000 -1.299686192895138e-004
1.570818181818182e+000 -2.357280906767156e-004
1.570909090909091e+000 -5.426591615646304e-005
1.571000000000000e+000 -3.060924317745932e-004
1.571090909090909e+000 -6.464995044156185e-006
1.571181818181818e+000 -3.378121348884360e-004
1.571272727272727e+000 -6.149528994291343e-006
1.571363636363637e+000 -3.167436800798058e-004
1.571454545454545e+000 -6.014392535454339e-005
1.571545454545455e+000 -2.448640533103790e-004
1.571636363636364e+000 -1.568516919114428e-004
1.571727272727273e+000 -1.433807572410651e-004
1.571818181818182e+000 -2.664453511691366e-004
1.571909090909091e+000 -4.872849161448890e-005
1.572000000000000e+000 -3.488828977197263e-004
1.572090909090909e+000 -7.867453436143689e-007
1.572181818181818e+000 -3.687410705079756e-004
1.572272727272727e+000 -2.620891096763955e-005
1.572363636363636e+000 -3.120564633698911e-004
1.572454545454546e+000 -1.233702574834410e-004
1.572545454545455e+000 -1.974745244261167e-004
1.572636363636364e+000 -2.570825178618820e-004
1.572727272727273e+000 -7.412916307932733e-005
1.572818181818182e+000 -3.689657813977490e-004
1.572909090909091e+000 -3.183285613298712e-006
1.573000000000000e+000 -4.027355355707141e-004
1.573090909090909e+000 -2.816748797753171e-005
1.573181818181818e+000 -3.347493912124827e-004
1.573272727272727e+000 -1.477005035634728e-004
1.573363636363637e+000 -1.936138288492089e-004
1.573454545454545e+000 -3.074730641429345e-004
1.573545454545455e+000 -5.382126633313140e-005
1.573636363636364e+000 -4.220218060605424e-004
1.573727272727273e+000 1.237620967717792e-007
1.573818181818182e+000 -4.209893466700549e-004
1.573909090909091e+000 -7.566672557609526e-005
1.574000000000000e+000 -2.964216400631675e-004
1.574090909090909e+000 -2.487239467621987e-004
1.574181818181818e+000 -1.193830328572090e-004
1.574272727272727e+000 -4.180448118327823e-004
1.574363636363636e+000 -5.979962342980710e-006
1.574454545454546e+000 -4.715631052132367e-004
1.574545454545455e+000 -4.387040276047745e-005
1.574636363636364e+000 -3.641512810914730e-004
1.574727272727273e+000 -2.237122912712038e-004
1.574818181818182e+000 -1.624632740694098e-004
1.574909090909091e+000 -4.295328088290579e-004
1.575000000000000e+000 -1.322834670138343e-005
1.575090909090909e+000 -5.104783863061366e-004
1.575181818181818e+000 -4.133209393983173e-005
1.575272727272727e+000 -3.954843776877299e-004
1.575363636363637e+000 -2.448651527365356e-004
1.575454545454545e+000 -1.649342452810820e-004
1.575545454545455e+000 -4.760183533624029e-004
1.575636363636364e+000 -6.999647870684737e-006
1.575727272727273e+000 -5.450254903645624e-004
1.575818181818182e+000 -7.026052274082130e-005
1.575909090909091e+000 -3.819920144307439e-004
1.576000000000000e+000 -3.235243974145781e-004
1.576090909090909e+000 -1.196402463653435e-004
1.576181818181818e+000 -5.566768628814144e-004
1.576272727272727e+000 1.238226841604449e-008
1.576363636363636e+000 -5.535481204779733e-004
1.576454545454546e+000 -1.569741173106802e-004
1.576545454545455e+000 -3.030294097962442e-004
1.576636363636364e+000 -4.667909249820811e-004
1.576727272727273e+000 -4.128094173709426e-005
1.576818181818182e+000 -6.357161313148836e-004
1.576909090909091e+000 -4.417546255020035e-005
1.577000000000000e+000 -4.831249533422803e-004
1.577090909090909e+000 -3.397591759525166e-004
1.577181818181818e+000 -1.527200114928741e-004
1.577272727272727e+000 -6.413160777335769e-004
1.577363636363637e+000 -1.067438021832947e-006
1.577454545454545e+000 -6.227537103643632e-004
1.577545454545455e+000 -2.240861730646840e-004
1.577636363636364e+000 -2.872839280628574e-004
1.577727272727273e+000 -6.062230000355217e-004
1.577818181818182e+000 -1.067566586481736e-005
1.577909090909091e+000 -7.188581662864595e-004
1.578000000000000e+000 -1.409835024597989e-004
1.578090909090909e+000 -4.133058883935725e-004
1.578181818181818e+000 -5.647566310218162e-004
1.578272727272727e+000 -4.574709475435670e-005
1.578363636363636e+000 -7.862248141700197e-004
1.578454545454546e+000 -9.192648858461291e-005
1.578545454545455e+000 -5.158742619449181e-004
1.578636363636364e+000 -5.409712900936216e-004
1.578727272727273e+000 -8.192280051413102e-005
1.578818181818182e+000 -8.433101614574762e-004
1.578909090909091e+000 -7.062635113367590e-005
1.579000000000000e+000 -5.895393600441652e-004
1.579090909090909e+000 -5.500910675134721e-004
1.579181818181818e+000 -1.019573228980795e-004
1.579272727272727e+000 -9.040260057543623e-004
1.579363636363637e+000 -7.269029816255976e-005
1.579454545454545e+000 -6.301428035614250e-004
1.579545454545455e+000 -6.029032500967738e-004
1.579636363636364e+000 -9.615863299834142e-005
1.579727272727273e+000 -9.732102876727054e-004
1.579818181818182e+000 -1.021129209818761e-004
1.579909090909091e+000 -6.292578924999927e-004
1.580000000000000e+000 -7.081507883066573e-004
1.580090909090909e+000 -6.391412333573815e-005
1.580181818181818e+000 -1.042550535196123e-003
1.580272727272727e+000 -1.752499308510961e-004
1.580363636363636e+000 -5.731321585703566e-004
1.580454545454546e+000 -8.695936180265761e-004
1.580545454545455e+000 -1.932816686189447e-005
1.580636363636364e+000 -1.085835252276470e-003
1.580727272727273e+000 -3.209312087197665e-004
1.580818181818182e+000 -4.490556179588938e-004
1.580909090909091e+000 -1.075271741073168e-003
1.581000000000000e+000 -8.941906453880955e-007
1.581090909090909e+000 -1.056959371324088e-003
1.581181818181818e+000 -5.713071161696704e-004
1.581272727272727e+000 -2.633349071012739e-004
1.581363636363637e+000 -1.279446611953748e-003
1.581454545454545e+000 -7.871938887056151e-005
1.581545454545455e+000 -9.009058566064925e-004
1.581636363636364e+000 -9.349842543597290e-004
1.581727272727273e+000 -7.146199043337298e-005
1.581818181818182e+000 -1.387283824228867e-003
1.581909090909091e+000 -3.420283254163755e-004
1.582000000000000e+000 -5.929341894215063e-004
1.582090909090909e+000 -1.349887468556400e-003
1.582181818181818e+000 -5.174357531942518e-006
1.582272727272727e+000 -1.270219865560288e-003
1.582363636363636e+000 -8.415954672957296e-004
1.582454545454546e+000 -2.109140124987064e-004
1.582545454545455e+000 -1.640353703038020e-003
1.582636363636364e+000 -2.511604781155114e-004
1.582727272727273e+000 -8.525464254678269e-004
1.582818181818182e+000 -1.480572863395373e-003
1.582909090909091e+000 3.951678184067207e-007
1.583000000000000e+000 -1.551767925608799e-003
1.583090909090909e+000 -9.185480804259110e-004
1.583181818181818e+000 -2.744442510627536e-004
1.583272727272727e+000 -1.925639466796572e-003
1.583363636363637e+000 -3.082136753241005e-004
1.583454545454545e+000 -9.558490941760950e-004
1.583545454545455e+000 -1.801154075382565e-003
1.583636363636364e+000 -4.526951715550983e-006
1.583727272727273e+000 -1.726955464939336e-003
1.583818181818182e+000 -1.271647622247019e-003
1.583909090909091e+000 -1.868844111867676e-004
1.584000000000000e+000 -2.259279059818411e-003
1.584090909090909e+000 -6.097955647784152e-004
1.584181818181818e+000 -8.070434383708054e-004
1.584272727272727e+000 -2.360162547053897e-003
1.584363636363636e+000 -1.202665353163031e-004
1.584454545454546e+000 -1.649956695778266e-003
1.584545454545455e+000 -2.026013199047443e-003
1.584636363636364e+000 -1.568812825191416e-005
1.584727272727273e+000 -2.446835034380415e-003
1.584818181818182e+000 -1.407801342210994e-003
1.584909090909091e+000 -3.600855442847105e-004
1.585000000000000e+000 -2.978206114539008e-003
1.585090909090909e+000 -7.303744280303706e-004
1.585181818181818e+000 -1.079989564978466e-003
1.585272727272727e+000 -3.131536465148030e-003
1.585363636363637e+000 -2.102515645502453e-004
1.585454545454545e+000 -2.016814300411101e-003
1.585545454545455e+000 -2.908732013868674e-003
1.585636363636364e+000 -3.554515165027167e-007
1.585727272727273e+000 -2.988894726722957e-003
1.585818181818182e+000 -2.398617260397697e-003
1.585909090909091e+000 -1.698267628788901e-004
1.586000000000000e+000 -3.840506005618639e-003
1.586090909090909e+000 -1.735307853758263e-003
1.586181818181818e+000 -7.123857684306703e-004
1.586272727272727e+000 -4.468423425509458e-003
1.586363636363636e+000 -1.059460584372707e-003
1.586454545454546e+000 -1.570538803459694e-003
1.586545454545455e+000 -4.827239507210110e-003
1.586636363636364e+000 -4.916588856504366e-004
1.586727272727273e+000 -2.663548168930150e-003
1.586818181818182e+000 -4.920193930798243e-003
1.586909090909091e+000 -1.200790798554810e-004
1.587000000000000e+000 -3.911132553962933e-003
1.587090909090909e+000 -4.783282021289450e-003
1.587181818181818e+000 -9.522430362755371e-008
1.587272727272727e+000 -5.249428562172948e-003
1.587363636363637e+000 -4.468750230471727e-003
1.587454545454546e+000 -1.617731646801378e-004
1.587545454545455e+000 -6.639179508624702e-003
1.587636363636364e+000 -4.031553802038739e-003
1.587727272727273e+000 -6.215075596147457e-004
1.587818181818182e+000 -8.067958108056323e-003
1.587909090909091e+000 -3.520093430275103e-003
1.588000000000000e+000 -1.395442283761995e-003
1.588090909090909e+000 -9.548701259717468e-003
1.588181818181818e+000 -2.971058881010959e-003
1.588272727272727e+000 -2.514136366148253e-003
1.588363636363636e+000 -1.111636386381891e-002
1.588454545454546e+000 -2.407571145713594e-003
1.588545454545455e+000 -4.039995283242739e-003
1.588636363636364e+000 -1.282333860954992e-002
1.588727272727273e+000 -1.840036362721955e-003
1.588818181818182e+000 -6.091589592833611e-003
1.588909090909091e+000 -1.473218817049218e-002
1.589000000000000e+000 -1.270608512307890e-003
1.589090909090909e+000 -8.883035302882848e-003
1.589181818181818e+000 -1.689983571867915e-002
1.589272727272727e+000 -7.068208435934144e-004
1.589363636363637e+000 -1.279371424143374e-002
1.589454545454546e+000 -1.933658586314743e-002
1.589545454545455e+000 -2.048716984589660e-004
1.589636363636364e+000 -1.849514854890515e-002
1.589727272727273e+000 -2.189515901031831e-002
1.589818181818182e+000 -1.388793202958378e-005
1.589909090909091e+000 -2.716986859698098e-002
1.590000000000000e+000 -2.397304225592008e-002
1.590090909090909e+000 -1.074283369769332e-003
1.590181818181818e+000 -4.078273987253765e-002
1.590272727272727e+000 -2.377005566312440e-002
1.590363636363636e+000 -6.782365401332596e-003
1.590454545454546e+000 -6.167978407119904e-002
1.590545454545455e+000 -1.703772913672435e-002
1.590636363636364e+000 -2.901604166661041e-002
1.590727272727273e+000 -8.644789925839684e-002
1.590818181818182e+000 -1.560799091542873e-003
1.590909090909091e+000 -1.013721285294062e-001
1.591000000000000e+000 -7.183924322678162e-002
1.591090909090909e+000 -5.327939402734593e-002
1.591181818181818e+000 -1.945260784653159e-001
1.591272727272727e+000 -2.964699927042252e-002
1.591363636363637e+000 -3.270786296202664e-001
1.591454545454546e+000 -2.357959825616492e-001
1.591545454545455e+000 -1.724688065094181e-002
1.591636363636364e+000 -6.940601254879059e-002
1.591727272727273e+000 -2.703144290880125e+000
1.591818181818182e+000 -7.989114414438792e+001
1.591909090909091e+000 -1.000000000000000e+002
1.592000000000000e+000 -1.000000000000000e+002
1.592090909090909e+000 -1.000000000000000e+002
1.592181818181818e+000 -1.501776521612302e+001
1.592272727272727e+000 -3.137541511266199e-001
1.592363636363636e+000 -1.115039153826704e+000
1.592454545454546e+000 -7.406581467013691e-001
1.592545454545455e+000 -2.784030679885512e-001
1.592636363636364e+000 -8.724725671509052e-002
1.592727272727273e+000 -2.282505115958843e-001
1.592818181818182e+000 -6.728516828917602e-002
1.592909090909091e+000 -8.904358204860052e-002
1.593000000000000e+000 -1.161471614311700e-001
1.593090909090909e+000 -2.361359344500985e-003
1.593181818181818e+000 -9.894515651454501e-002
1.593272727272727e+000 -3.587165738136497e-002
1.593363636363637e+000 -1.458256136955487e-002
1.593454545454546e+000 -6.935634735429597e-002
1.593545454545455e+000 -1.552543531762114e-002
1.593636363636364e+000 -1.439092240966846e-002
1.593727272727273e+000 -4.915288496827047e-002
1.593818181818182e+000 -1.102842883997034e-002
1.593909090909091e+000 -9.432715084789423e-003
1.594000000000000e+000 -3.654786526459182e-002
1.594090909090909e+000 -1.112350847103223e-002
1.594181818181818e+000 -4.401775169872455e-003
1.594272727272727e+000 -2.735016588708341e-002
1.594363636363636e+000 -1.282502003345457e-002
1.594454545454546e+000 -1.034114802212653e-003
1.594545454545455e+000 -1.938447277561486e-002
1.594636363636364e+000 -1.468228798805260e-002
1.594727272727273e+000 -8.227981354663277e-006
1.594818181818182e+000 -1.204662254144887e-002
1.594909090909091e+000 -1.551219825536203e-002
1.595000000000000e+000 -1.327566788176643e-003
1.595090909090909e+000 -5.771864215613680e-003
1.595181818181818e+000 -1.444248905730843e-002
1.595272727272727e+000 -4.264572188228525e-003
1.595363636363637e+000 -1.498385631976062e-003
1.595454545454546e+000 -1.128108937572037e-002
1.595545454545455e+000 -7.436204849718943e-003
1.595636363636364e+000 2.160115718393555e-007
1.595727272727273e+000 -6.788743128525110e-003
1.595818181818182e+000 -9.249672366937073e-003
1.595909090909091e+000 -1.219749020299501e-003
1.596000000000000e+000 -2.532117668889560e-003
1.596090909090909e+000 -8.657890510180904e-003
1.596181818181818e+000 -3.964352252821138e-003
1.596272727272727e+000 -1.832015363990938e-004
1.596363636363636e+000 -5.850960773343929e-003
1.596454545454546e+000 -6.287277269062626e-003
1.596545454545455e+000 -5.152044040703281e-004
1.596636363636364e+000 -2.349075837453799e-003
1.596727272727273e+000 -6.537342029003928e-003
1.596818181818182e+000 -2.741708498897481e-003
1.596909090909091e+000 -1.810444249934731e-004
1.597000000000000e+000 -4.480848468099975e-003
1.597090909090909e+000 -4.859924585045492e-003
1.597181818181818e+000 -4.796816902292873e-004
1.597272727272727e+000 -1.597105257802701e-003
1.597363636363637e+000 -5.032105156075129e-003
1.597454545454546e+000 -2.514549476050886e-003
1.597545454545455e+000 -3.102246904504313e-005
1.597636363636364e+000 -3.079228706067931e-003
1.597727272727273e+000 -4.169268124616764e-003
1.597818181818182e+000 -7.850217912083491e-004
1.597909090909091e+000 -7.250442543879042e-004
1.598000000000000e+000 -3.766757058990292e-003
1.598090909090909e+000 -2.725396788095177e-003
1.598181818181818e+000 -5.292985208113802e-005
1.598272727272727e+000 -1.700335371766635e-003
1.598363636363636e+000 -3.611768651741088e-003
1.598454545454546e+000 -1.404437740608597e-003
1.598545454545455e+000 -9.738455602352815e-005
1.598636363636364e+000 -2.420329574521348e-003
1.598727272727273e+000 -2.949308160102501e-003
1.598818181818182e+000 -5.256488445733152e-004
1.598909090909091e+000 -5.215515466174887e-004
1.599000000000000e+000 -2.724189665341095e-003
1.599090909090909e+000 -2.140698599093703e-003
1.599181818181818e+000 -1.011135670622895e-004
1.599272727272727e+000 -1.007673178450849e-003
1.599363636363637e+000 -2.679511152900977e-003
1.599454545454546e+000 -1.418405657863191e-003
1.599545454545455e+000 2.664961177100960e-007
1.599636363636364e+000 -1.387398984784335e-003
1.599727272727273e+000 -2.429581861131822e-003
1.599818181818182e+000 -8.758260676023119e-004
1.599909090909091e+000 -7.019306948239618e-005
1.600000000000000e+000 -1.612636896804876e-003
