1.450000000000000e+000 -5.464126178402591e+001
1.450181818181818e+000 -6.842646244222746e+001
1.450363636363636e+000 -5.498274857216876e+001
1.450545454545455e+000 -6.222718403969445e+001
1.450727272727273e+000 -5.591711985352566e+001
1.450909090909091e+000 -5.847653875166021e+001
1.451090909090909e+000 -5.791908950693595e+001
1.451272727272727e+000 -5.605920767014554e+001
1.451454545454545e+000 -6.224303486662175e+001
1.451636363636364e+000 -5.471281302077021e+001
1.451818181818182e+000 -7.856827912087091e+001
1.452000000000000e+000 -5.449017424707056e+001
1.452181818181818e+000 -6.404903372887637e+001
1.452363636363636e+000 -5.576248113771565e+001
1.452545454545455e+000 -5.749257821503004e+001
1.452727272727273e+000 -5.976815093741882e+001
1.452909090909091e+000 -5.479414920811770e+001
1.453090909090909e+000 -7.739613718735600e+001
1.453272727272727e+000 -5.446229126855130e+001
1.453454545454545e+000 -6.126477000738142e+001
1.453636363636364e+000 -5.694984332032253e+001
1.453818181818182e+000 -5.554976749380374e+001
1.454000000000000e+000 -6.701025294437655e+001
1.454181818181818e+000 -5.424630011054779e+001
1.454363636363636e+000 -6.239235122097637e+001
1.454545454545455e+000 -5.674585039871239e+001
1.454727272727273e+000 -5.530292812360651e+001
1.454909090909091e+000 -7.067362603986035e+001
1.455090909090909e+000 -5.432899667166603e+001
1.455272727272727e+000 -5.935147910540036e+001
1.455454545454545e+000 -5.891443358850309e+001
1.455636363636364e+000 -5.430448730360318e+001
1.455818181818182e+000 -6.923705796707357e+001
1.456000000000000e+000 -5.562451179571785e+001
1.456181818181818e+000 -5.552561290001963e+001
1.456363636363636e+000 -7.104000601516719e+001
1.456545454545455e+000 -5.438836262892672e+001
1.456727272727273e+000 -5.737815011636813e+001
1.456909090909091e+000 -6.278499274942070e+001
1.457090909090909e+000 -5.399101423657459e+001
1.457272727272727e+000 -5.926701318422577e+001
1.457454545454545e+000 -6.009800486134531e+001
1.457636363636364e+000 -5.390138527368289e+001
1.457818181818182e+000 -6.046751735772681e+001
1.458000000000000e+000 -5.924748938286670e+001
1.458181818181818e+000 -5.385690577856519e+001
1.458363636363636e+000 -6.037004058057980e+001
1.458545454545455e+000 -5.964405764504755e+001
1.458727272727273e+000 -5.379811162371401e+001
1.458909090909091e+000 -5.900077049270753e+001
1.459090909090909e+000 -6.159730505656699e+001
1.459272727272727e+000 -5.386307812874185e+001
1.459454545454545e+000 -5.699373923161175e+001
1.459636363636364e+000 -6.723533750733712e+001
1.459818181818182e+000 -5.440308788570473e+001
1.460000000000000e+000 -5.506490361670837e+001
1.460181818181818e+000 -7.562372625097393e+001
1.460363636363636e+000 -5.611799789790583e+001
1.460545454545455e+000 -5.379854871619257e+001
1.460727272727273e+000 -6.068300646094738e+001
1.460909090909091e+000 -6.094156662113335e+001
1.461090909090909e+000 -5.381209492292455e+001
1.461272727272727e+000 -5.551227977342973e+001
1.461454545454545e+000 -7.940735812934381e+001
1.461636363636364e+000 -5.629707636206056e+001
1.461818181818182e+000 -5.353718031940164e+001
1.462000000000000e+000 -5.806007393173967e+001
1.462181818181818e+000 -6.735964107272693e+001
1.462363636363636e+000 -5.479018137568080e+001
1.462545454545455e+000 -5.375310027498784e+001
1.462727272727273e+000 -5.991963683328921e+001
1.462909090909091e+000 -6.386257362783868e+001
1.463090909090909e+000 -5.441282506339760e+001
1.463272727272727e+000 -5.374236122399249e+001
1.463454545454545e+000 -5.962419672223315e+001
1.463636363636364e+000 -6.538399907666992e+001
1.463818181818182e+000 -5.479558263958032e+001
1.464000000000000e+000 -5.340382823021914e+001
1.464181818181818e+000 -5.736734774287645e+001
1.464363636363636e+000 -7.983626151684887e+001
1.464545454545455e+000 -5.648789489686527e+001
1.464727272727273e+000 -5.326176248023487e+001
1.464909090909091e+000 -5.472881240341730e+001
1.465090909090909e+000 -6.345791483557242e+001
1.465272727272727e+000 -6.218325344950797e+001
1.465454545454545e+000 -5.450112402197124e+001
1.465636363636364e+000 -5.316224255839164e+001
1.465818181818182e+000 -5.580654843882919e+001
1.466000000000000e+000 -6.769555171009129e+001
1.466181818181818e+000 -6.051206297556437e+001
1.466363636363636e+000 -5.425941042446069e+001
1.466545454545455e+000 -5.305238447522197e+001
1.466727272727273e+000 -5.521111065120995e+001
1.466909090909091e+000 -6.355426908092348e+001
1.467090909090909e+000 -6.423709512770137e+001
1.467272727272727e+000 -5.547159914702680e+001
1.467454545454545e+000 -5.304775312245806e+001
1.467636363636364e+000 -5.354817602252695e+001
1.467818181818182e+000 -5.723135494693582e+001
1.468000000000000e+000 -7.118001622811271e+001
1.468181818181818e+000 -6.106924950739588e+001
1.468363636363636e+000 -5.488539121839210e+001
1.468545454545455e+000 -5.292025475716335e+001
1.468727272727273e+000 -5.327569704512247e+001
1.468909090909091e+000 -5.603613778444275e+001
1.469090909090909e+000 -6.380763952486966e+001
1.469272727272727e+000 -6.768424685896667e+001
1.469454545454545e+000 -5.726123395888029e+001
1.469636363636364e+000 -5.378955926286177e+001
1.469818181818182e+000 -5.268575292445031e+001
1.470000000000000e+000 -5.325567167109835e+001
1.470181818181818e+000 -5.563804696515593e+001
1.470363636363636e+000 -6.124851678492298e+001
1.470545454545455e+000 -8.725760104927834e+001
1.470727272727273e+000 -6.063099165420065e+001
1.470909090909091e+000 -5.556470981386789e+001
1.471090909090909e+000 -5.330833616139557e+001
1.471272727272727e+000 -5.252643277256003e+001
1.471454545454545e+000 -5.287299889129331e+001
1.471636363636364e+000 -5.435482014775250e+001
1.471818181818182e+000 -5.736227441430072e+001
1.472000000000000e+000 -6.353996682791998e+001
1.472181818181818e+000 -8.265511226671843e+001
1.472363636363636e+000 -6.207350518813292e+001
1.472545454545455e+000 -5.698727557033045e+001
1.472727272727273e+000 -5.438366313341705e+001
1.472909090909091e+000 -5.298179596478636e+001
1.473090909090909e+000 -5.236878294260713e+001
1.473272727272727e+000 -5.237434902474141e+001
1.473454545454545e+000 -5.293623291409351e+001
1.473636363636364e+000 -5.406749028590731e+001
1.473818181818182e+000 -5.587043777014607e+001
1.474000000000000e+000 -5.861974205368400e+001
1.474181818181818e+000 -6.310372409185494e+001
1.474363636363636e+000 -7.327868095786771e+001
1.474545454545455e+000 -7.190315542317556e+001
1.474727272727273e+000 -6.315224514158346e+001
1.474909090909091e+000 -5.920615217820741e+001
1.475090909090909e+000 -5.679484406009556e+001
1.475272727272727e+000 -5.517122631704910e+001
1.475454545454545e+000 -5.403608937227440e+001
1.475636363636364e+000 -5.323613957624000e+001
1.475818181818182e+000 -5.268020309343689e+001
1.476000000000000e+000 -5.230808365258256e+001
1.476181818181818e+000 -5.207674814019438e+001
1.476363636363636e+000 -5.195341948125768e+001
1.476545454545454e+000 -5.191182279002646e+001
1.476727272727273e+000 -5.193003270946610e+001
1.476909090909091e+000 -5.198921227882835e+001
1.477090909090909e+000 -5.207289212841210e+001
1.477272727272727e+000 -5.216660254882741e+001
1.477454545454545e+000 -5.225774783974069e+001
1.477636363636364e+000 -5.233564708056829e+001
1.477818181818182e+000 -5.239167920916270e+001
1.478000000000000e+000 -5.241947500399358e+001
1.478181818181818e+000 -5.241510213806489e+001
1.478363636363636e+000 -5.237719725002587e+001
1.478545454545454e+000 -5.230701331858358e+001
1.478727272727273e+000 -5.220837078328481e+001
1.478909090909091e+000 -5.208752328709306e+001
1.479090909090909e+000 -5.195296911605599e+001
1.479272727272727e+000 -5.181525378472109e+001
1.479454545454545e+000 -5.168681691209289e+001
1.479636363636364e+000 -5.158193982344191e+001
1.479818181818182e+000 -5.151685431078942e+001
1.480000000000000e+000 -5.151008534204292e+001
1.480181818181818e+000 -5.158313248823892e+001
1.480363636363636e+000 -5.176166610789341e+001
1.480545454545454e+000 -5.207756594268320e+001
1.480727272727273e+000 -5.257245966429461e+001
1.480909090909091e+000 -5.330418693236022e+001
1.481090909090909e+000 -5.435959651569294e+001
1.481272727272727e+000 -5.588298024464852e+001
1.481454545454545e+000 -5.815091177568381e+001
1.481636363636364e+000 -6.183158936968714e+001
1.481818181818182e+000 -6.958652138242083e+001
1.482000000000000e+000 -7.465319370610820e+001
1.482181818181818e+000 -6.282473460891456e+001
1.482363636363636e+000 -5.801480894644929e+001
1.482545454545454e+000 -5.509150216450656e+001
1.482727272727273e+000 -5.315842026231134e+001
1.482909090909091e+000 -5.191114937086454e+001
1.483090909090909e+000 -5.123372492012642e+001
1.483272727272727e+000 -5.110274547193309e+001
1.483454545454545e+000 -5.156739689269224e+001
1.483636363636364e+000 -5.277321779773786e+001
1.483818181818182e+000 -5.506736930651065e+001
1.484000000000000e+000 -5.944938923258614e+001
1.484181818181818e+000 -7.213561606356318e+001
1.484363636363636e+000 -6.411230220372039e+001
1.484545454545454e+000 -5.670518082569196e+001
1.484727272727273e+000 -5.325150681398354e+001
1.484909090909091e+000 -5.146646937608284e+001
1.485090909090909e+000 -5.083866253804738e+001
1.485272727272727e+000 -5.129405073381965e+001
1.485454545454545e+000 -5.306919598730206e+001
1.485636363636364e+000 -5.707451533766880e+001
1.485818181818182e+000 -6.896279663922203e+001
1.486000000000000e+000 -6.226067469188251e+001
1.486181818181818e+000 -5.485180612936983e+001
1.486363636363636e+000 -5.176993292894625e+001
1.486545454545454e+000 -5.066424513836841e+001
1.486727272727273e+000 -5.116244822721926e+001
1.486909090909091e+000 -5.362182574726302e+001
1.487090909090909e+000 -6.016873345772297e+001
1.487272727272727e+000 -6.917193847604040e+001
1.487454545454545e+000 -5.572393104348381e+001
1.487636363636364e+000 -5.170468804223283e+001
1.487818181818182e+000 -5.046860500816324e+001
1.488000000000000e+000 -5.137438228723556e+001
1.488181818181818e+000 -5.519440886465368e+001
1.488363636363636e+000 -6.994735690041242e+001
1.488545454545454e+000 -5.829214752940700e+001
1.488727272727273e+000 -5.219004534191373e+001
1.488909090909091e+000 -5.034803325733764e+001
1.489090909090909e+000 -5.120070633329917e+001
1.489272727272727e+000 -5.568768618702497e+001
1.489454545454545e+000 -1.000000000000000e+002
1.489636363636364e+000 -5.554085628706835e+001
1.489818181818182e+000 -5.095873281483928e+001
1.490000000000000e+000 -5.028448066021999e+001
1.490181818181818e+000 -5.303422290533019e+001
1.490363636363636e+000 -6.464933929811140e+001
1.490545454545454e+000 -5.768149740957338e+001
1.490727272727273e+000 -5.124970110484630e+001
1.490909090909091e+000 -5.008516110300056e+001
1.491090909090909e+000 -5.284745750137516e+001
1.491272727272727e+000 -6.650119252348405e+001
1.491454545454545e+000 -5.611263238790208e+001
1.491636363636364e+000 -5.057308675331927e+001
1.491818181818182e+000 -5.027266973461199e+001
1.492000000000000e+000 -5.502621790307632e+001
1.492181818181818e+000 -6.863569115982115e+001
1.492363636363636e+000 -5.249715961945189e+001
1.492545454545454e+000 -4.978047374634861e+001
1.492727272727273e+000 -5.204931709922163e+001
1.492909090909091e+000 -6.686733540573250e+001
1.493090909090909e+000 -5.459539706372777e+001
1.493272727272727e+000 -4.986348680640320e+001
1.493454545454545e+000 -5.102278016796893e+001
1.493636363636364e+000 -6.175235791365748e+001
1.493818181818182e+000 -5.549801847474019e+001
1.494000000000000e+000 -4.983014008164420e+001
1.494181818181818e+000 -5.089725216034091e+001
1.494363636363636e+000 -6.286686517039880e+001
1.494545454545454e+000 -5.443344338768291e+001
1.494727272727273e+000 -4.953267624597768e+001
1.494909090909091e+000 -5.165716389254631e+001
1.495090909090909e+000 -7.752819794916549e+001
1.495272727272727e+000 -5.213182012494529e+001
1.495454545454545e+000 -4.937149422176194e+001
1.495636363636364e+000 -5.429058737803871e+001
1.495818181818182e+000 -6.039879564160333e+001
1.496000000000000e+000 -4.995807286514965e+001
1.496181818181818e+000 -5.032028611319593e+001
1.496363636363636e+000 -6.462228187702735e+001
1.496545454545454e+000 -5.252622923818275e+001
1.496727272727273e+000 -4.916170996550220e+001
1.496909090909091e+000 -5.486248335556424e+001
1.497090909090909e+000 -5.723021503667303e+001
1.497272727272727e+000 -4.924125770879272e+001
1.497454545454545e+000 -5.163468546594597e+001
1.497636363636364e+000 -6.622801650731071e+001
1.497818181818182e+000 -4.987676867182358e+001
1.498000000000000e+000 -5.019216431933229e+001
1.498181818181818e+000 -7.568276968609338e+001
1.498363636363636e+000 -5.059228284607518e+001
1.498545454545454e+000 -4.953363161889247e+001
1.498727272727273e+000 -6.536635251565592e+001
1.498909090909091e+000 -5.100583734257238e+001
1.499090909090909e+000 -4.927081446264376e+001
1.499272727272727e+000 -6.403348760735310e+001
1.499454545454545e+000 -5.088679957358784e+001
1.499636363636364e+000 -4.927795737741627e+001
1.499818181818182e+000 -6.741043598899498e+001
1.500000000000000e+000 -5.024755237630892e+001
1.500181818181818e+000 -4.962975793310282e+001
1.500363636363636e+000 -8.170614928424710e+001
1.500545454545454e+000 -4.933692004891657e+001
1.500727272727273e+000 -5.063457461589890e+001
1.500909090909091e+000 -6.094259880196556e+001
1.501090909090909e+000 -4.854430367283106e+001
1.501272727272727e+000 -5.306155521259940e+001
1.501454545454545e+000 -5.416654156887648e+001
1.501636363636364e+000 -4.835144878615548e+001
1.501818181818182e+000 -5.970891577199535e+001
1.502000000000000e+000 -5.026225817338996e+001
1.502181818181818e+000 -4.946470571453676e+001
1.502363636363636e+000 -6.418690773632113e+001
1.502545454545454e+000 -4.829843599170531e+001
1.502727272727273e+000 -5.359704156399338e+001
1.502909090909091e+000 -5.222068116096725e+001
1.503090909090909e+000 -4.849841233869000e+001
1.503272727272727e+000 -9.886838009847772e+001
1.503454545454545e+000 -4.838855315967741e+001
1.503636363636364e+000 -5.255725609765972e+001
1.503818181818182e+000 -5.231497160433330e+001
1.504000000000000e+000 -4.839231967527021e+001
1.504181818181818e+000 -7.121367619720085e+001
1.504363636363636e+000 -4.796396470062799e+001
1.504545454545454e+000 -5.456804254556100e+001
1.504727272727273e+000 -5.026433695239311e+001
1.504909090909091e+000 -4.929219419882392e+001
1.505090909090909e+000 -5.687649302799689e+001
1.505272727272727e+000 -4.766580207699685e+001
1.505454545454545e+000 -6.753637565960122e+001
1.505636363636364e+000 -4.796542091377390e+001
1.505818181818182e+000 -5.359543988354628e+001
1.506000000000000e+000 -4.989193894241486e+001
1.506181818181818e+000 -4.953709543116460e+001
1.506363636363636e+000 -5.390826464758503e+001
1.506545454545454e+000 -4.780929664701756e+001
1.506727272727273e+000 -6.319392296857902e+001
1.506909090909091e+000 -4.727812940497945e+001
1.507090909090909e+000 -6.474218056488064e+001
1.507272727272727e+000 -4.752027377809529e+001
1.507454545454545e+000 -5.548569605958878e+001
1.507636363636364e+000 -4.831615100680501e+001
1.507818181818182e+000 -5.182006409194123e+001
1.508000000000000e+000 -4.952166201361005e+001
1.508181818181818e+000 -4.982504542178410e+001
1.508363636363636e+000 -5.101469518572588e+001
1.508545454545454e+000 -4.864591270080202e+001
1.508727272727273e+000 -5.265817036770365e+001
1.508909090909091e+000 -4.793277165148936e+001
1.509090909090909e+000 -5.426472571046944e+001
1.509272727272727e+000 -4.750269620574164e+001
1.509454545454545e+000 -5.557299860649223e+001
1.509636363636364e+000 -4.725139677886985e+001
1.509818181818182e+000 -5.627886320727537e+001
1.510000000000000e+000 -4.712365180720405e+001
1.510181818181818e+000 -5.616330272932117e+001
1.510363636363636e+000 -4.710286187853036e+001
1.510545454545454e+000 -5.523798503778498e+001
1.510727272727273e+000 -4.720851023892119e+001
1.510909090909091e+000 -5.373640148995494e+001
1.511090909090909e+000 -4.749900432353297e+001
1.511272727272727e+000 -5.196239756901271e+001
1.511454545454545e+000 -4.808284709519267e+001
1.511636363636364e+000 -5.017030909588261e+001
1.511818181818182e+000 -4.915032400120196e+001
1.512000000000000e+000 -4.854098829148982e+001
1.512181818181818e+000 -5.106922932397069e+001
1.512363636363636e+000 -4.720767272251982e+001
1.512545454545454e+000 -5.476088194861794e+001
1.512727272727273e+000 -4.629113059388472e+001
1.512909090909091e+000 -6.482713013805919e+001
1.513090909090909e+000 -4.593645418068982e+001
1.513272727272727e+000 -6.074253432111779e+001
1.513454545454545e+000 -4.636782150856648e+001
1.513636363636364e+000 -5.199035261419882e+001
1.513818181818182e+000 -4.802330384981701e+001
1.514000000000000e+000 -4.799219038765536e+001
1.514181818181818e+000 -5.210266867741949e+001
1.514363636363636e+000 -4.600602423944611e+001
1.514545454545454e+000 -6.752160763153469e+001
1.514727272727273e+000 -4.562591276884611e+001
1.514909090909091e+000 -5.429597126007643e+001
1.515090909090909e+000 -4.717723540486799e+001
1.515272727272727e+000 -4.783075129643979e+001
1.515454545454545e+000 -5.245657141180977e+001
1.515636363636364e+000 -4.547462801535877e+001
1.515818181818182e+000 -6.719130425917577e+001
1.516000000000000e+000 -4.580127825675012e+001
1.516181818181818e+000 -4.951008377555894e+001
1.516363636363636e+000 -4.984556247476025e+001
1.516545454545454e+000 -4.550960502427120e+001
1.516727272727273e+000 -9.342302767761673e+001
1.516909090909091e+000 -4.546133133582016e+001
1.517090909090909e+000 -4.916706523326602e+001
1.517272727272727e+000 -5.028180132316666e+001
1.517454545454545e+000 -4.504601652076295e+001
1.517636363636364e+000 -6.178160444819931e+001
1.517818181818182e+000 -4.592135060230807e+001
1.518000000000000e+000 -4.691629106665850e+001
1.518181818181818e+000 -5.520901109562381e+001
1.518363636363636e+000 -4.463083956128937e+001
1.518545454545454e+000 -5.102465707508409e+001
1.518727272727273e+000 -4.866993874952009e+001
1.518909090909091e+000 -4.471198170645642e+001
1.519090909090909e+000 -5.935222387557010e+001
1.519272727272727e+000 -4.610128174425729e+001
1.519454545454545e+000 -4.547570087139338e+001
1.519636363636364e+000 -6.897346817335458e+001
1.519818181818182e+000 -4.491191207746962e+001
1.520000000000000e+000 -4.644162053798702e+001
1.520181818181818e+000 -5.734616817400836e+001
1.520363636363636e+000 -4.434267255743283e+001
1.520545454545454e+000 -4.717574523354697e+001
1.520727272727273e+000 -5.442280371546998e+001
1.520909090909091e+000 -4.405724587178233e+001
1.521090909090909e+000 -4.732401514210324e+001
1.521272727272727e+000 -5.405093119743734e+001
1.521454545454545e+000 -4.392736211875069e+001
1.521636363636364e+000 -4.675565479954784e+001
1.521818181818182e+000 -5.600677243718189e+001
1.522000000000000e+000 -4.399087631904325e+001
1.522181818181818e+000 -4.564048619397606e+001
1.522363636363636e+000 -6.374623462421878e+001
1.522545454545454e+000 -4.446139859740939e+001
1.522727272727273e+000 -4.434971925567824e+001
1.522909090909091e+000 -6.132042804036721e+001
1.523090909090909e+000 -4.581778854230405e+001
1.523272727272727e+000 -4.331903007232266e+001
1.523454545454545e+000 -5.080374550128209e+001
1.523636363636364e+000 -4.926937321678172e+001
1.523818181818182e+000 -4.303572196132370e+001
1.524000000000000e+000 -4.580042040508413e+001
1.524181818181818e+000 -6.212279105857610e+001
1.524363636363636e+000 -4.423381782705367e+001
1.524545454545454e+000 -4.316886861136749e+001
1.524727272727273e+000 -5.155258563564134e+001
1.524909090909091e+000 -4.888382752331921e+001
1.525090909090909e+000 -4.269592089808084e+001
1.525272727272727e+000 -4.445297863931807e+001
1.525454545454545e+000 -6.532286793697124e+001
1.525636363636364e+000 -4.550003672860495e+001
1.525818181818182e+000 -4.226267091308299e+001
1.526000000000000e+000 -4.577390454914452e+001
1.526181818181818e+000 -6.314114512015255e+001
1.526363636363636e+000 -4.422709032657904e+001
1.526545454545454e+000 -4.205608916458420e+001
1.526727272727273e+000 -4.612878721380415e+001
1.526909090909091e+000 -6.066008134619889e+001
1.527090909090909e+000 -4.400958207403885e+001
1.527272727272727e+000 -4.174716628801421e+001
1.527454545454545e+000 -4.508299176674176e+001
1.527636363636364e+000 -8.513192027559968e+001
1.527818181818182e+000 -4.489523051436430e+001
1.528000000000000e+000 -4.148014108932304e+001
1.528181818181818e+000 -4.317192767461146e+001
1.528363636363636e+000 -5.392004362100707e+001
1.528545454545454e+000 -4.813554396642448e+001
1.528727272727273e+000 -4.188804622972830e+001
1.528909090909091e+000 -4.141625829740342e+001
1.529090909090909e+000 -4.580666897831052e+001
1.529272727272727e+000 -6.564546916773843e+001
1.529454545454545e+000 -4.446017577488377e+001
1.529636363636364e+000 -4.093673033217623e+001
1.529818181818182e+000 -4.159318222993854e+001
1.530000000000000e+000 -4.723195467037075e+001
1.530181818181818e+000 -5.743784007161758e+001
1.530363636363636e+000 -4.365478375590333e+001
1.530545454545454e+000 -4.053692456108393e+001
1.530727272727273e+000 -4.103470941542588e+001
1.530909090909091e+000 -4.560633125142168e+001
1.531090909090909e+000 -7.404148476429005e+001
1.531272727272727e+000 -4.501798388248319e+001
1.531454545454545e+000 -4.067441295778058e+001
1.531636363636364e+000 -3.998173617338301e+001
1.531818181818182e+000 -4.221846940348566e+001
1.532000000000000e+000 -4.998530194286575e+001
1.532181818181818e+000 -5.258308422745066e+001
1.532363636363636e+000 -4.279719434207647e+001
1.532545454545454e+000 -3.981114267409461e+001
1.532727272727273e+000 -3.954448009696694e+001
1.532909090909091e+000 -4.173586867649250e+001
1.533090909090909e+000 -4.837094641433777e+001
1.533272727272727e+000 -5.652424412847536e+001
1.533454545454545e+000 -4.375796834167142e+001
1.533636363636364e+000 -3.993729224714066e+001
1.533818181818182e+000 -3.877295037413788e+001
1.534000000000000e+000 -3.950582624155716e+001
1.534181818181818e+000 -4.246072466544450e+001
1.534363636363636e+000 -5.042405567650191e+001
1.534545454545454e+000 -5.358074618572501e+001
1.534727272727273e+000 -4.328295658237865e+001
1.534909090909091e+000 -3.961152325167633e+001
1.535090909090909e+000 -3.816552354216724e+001
1.535272727272727e+000 -3.820639589323769e+001
1.535454545454545e+000 -3.969170581066636e+001
1.535636363636364e+000 -4.321685377899758e+001
1.535818181818182e+000 -5.216312704196231e+001
1.536000000000000e+000 -5.267194922081656e+001
1.536181818181818e+000 -4.330265947206100e+001
1.536363636363636e+000 -3.955162298977676e+001
1.536545454545454e+000 -3.771714436357205e+001
1.536727272727273e+000 -3.705108089628990e+001
1.536909090909091e+000 -3.733314862434077e+001
1.537090909090909e+000 -3.858194761172298e+001
1.537272727272727e+000 -4.108994760471541e+001
1.537454545454545e+000 -4.591773358114171e+001
1.537636363636364e+000 -6.135999310197784e+001
1.537818181818182e+000 -4.930237107026033e+001
1.538000000000000e+000 -4.255466239678756e+001
1.538181818181818e+000 -3.921757528571846e+001
1.538363636363636e+000 -3.727084703364550e+001
1.538545454545454e+000 -3.615540350323058e+001
1.538727272727273e+000 -3.564319540834218e+001
1.538909090909091e+000 -3.563100753638129e+001
1.539090909090909e+000 -3.608222218101906e+001
1.539272727272727e+000 -3.701255135178917e+001
1.539454545454545e+000 -3.850182516533099e+001
1.539636363636364e+000 -4.074695362085960e+001
1.539818181818182e+000 -4.424810836784655e+001
1.540000000000000e+000 -5.078028294618181e+001
1.540181818181818e+000 -6.752134223392748e+001
1.540363636363636e+000 -4.865446548986617e+001
1.540545454545454e+000 -4.330630570401721e+001
1.540727272727273e+000 -4.019507237052545e+001
1.540909090909091e+000 -3.807928510090025e+001
1.541090909090909e+000 -3.653911836797497e+001
1.541272727272727e+000 -3.537808984129205e+001
1.541454545454545e+000 -3.448637866423906e+001
1.541636363636364e+000 -3.379498713457299e+001
1.541818181818182e+000 -3.325670200867679e+001
1.542000000000000e+000 -3.283699682008241e+001
1.542181818181818e+000 -3.250923134386590e+001
1.542363636363636e+000 -3.225192974630509e+001
1.542545454545454e+000 -3.204715822166803e+001
1.542727272727273e+000 -3.187953015041105e+001
1.542909090909091e+000 -3.173559464338722e+001
1.543090909090909e+000 -3.160347386569654e+001
1.543272727272727e+000 -3.147266944997257e+001
1.543454545454545e+000 -3.133398611463100e+001
1.543636363636364e+000 -3.117953429524498e+001
1.543818181818182e+000 -3.100278003122811e+001
1.544000000000000e+000 -3.079861360892571e+001
1.544181818181818e+000 -3.056341124542212e+001
1.544363636363636e+000 -3.029506804843340e+001
1.544545454545454e+000 -2.999298632912092e+001
1.544727272727273e+000 -2.965801080155819e+001
1.544909090909091e+000 -2.929231019977659e+001
1.545090909090909e+000 -2.889921197368122e+001
1.545272727272727e+000 -2.848300157425018e+001
1.545454545454545e+000 -2.804869963108321e+001
1.545636363636364e+000 -2.760182883378770e+001
1.545818181818182e+000 -2.714817799954562e+001
1.546000000000000e+000 -2.669356421794201e+001
1.546181818181818e+000 -2.624358563175223e+001
1.546363636363636e+000 -2.580334729246400e+001
1.546545454545454e+000 -2.537712993506158e+001
1.546727272727273e+000 -2.496795493670851e+001
1.546909090909091e+000 -2.457697594565033e+001
1.547090909090909e+000 -2.420259643022994e+001
1.547272727272727e+000 -2.383917248692354e+001
1.547454545454545e+000 -2.347511971660931e+001
1.547636363636364e+000 -2.309023402491889e+001
1.547818181818182e+000 -2.265215093017429e+001
1.548000000000000e+000 -2.211232415921725e+001
1.548181818181818e+000 -2.140312201914391e+001
1.548363636363636e+000 -2.044021025267809e+001
1.548545454545454e+000 -1.913878155250360e+001
1.548727272727273e+000 -1.745923334352210e+001
1.548909090909091e+000 -1.551767081188327e+001
1.549090909090909e+000 -1.391231292381189e+001
1.549272727272727e+000 -1.570860692984374e+001
1.549454545454545e+000 -1.291410562004465e+001
1.549636363636364e+000 -8.074031450870297e+000
1.549818181818182e+000 1.689763889359213e-006
1.550000000000000e+000 8.685893981439090e-006
1.550181818181818e+000 1.688555215283326e-006
1.550363636363636e+000 -7.925172280472342e+000
1.550545454545454e+000 -1.233227479808911e+001
1.550727272727273e+000 -1.713749799685150e+001
1.550909090909091e+000 -1.438328003562264e+001
1.551090909090909e+000 -1.537218756929472e+001
1.551272727272727e+000 -1.669014976080969e+001
1.551454545454545e+000 -1.784868248730373e+001
1.551636363636364e+000 -1.888084806972719e+001
1.551818181818182e+000 -1.995683679279543e+001
1.552000000000000e+000 -2.128568572424356e+001
1.552181818181818e+000 -2.312324267351749e+001
1.552363636363636e+000 -2.587381702685939e+001
1.552545454545455e+000 -3.048951551264707e+001
1.552727272727273e+000 -4.184383629294499e+001
1.552909090909091e+000 -3.781856173499160e+001
1.553090909090909e+000 -3.018266117435224e+001
1.553272727272727e+000 -2.706985695242296e+001
1.553454545454545e+000 -2.579178753005350e+001
1.553636363636364e+000 -2.582217102252829e+001
1.553818181818182e+000 -2.716987129881176e+001
1.554000000000000e+000 -3.035616929742838e+001
1.554181818181818e+000 -3.779034921376097e+001
1.554363636363636e+000 -4.491359963558801e+001
1.554545454545455e+000 -3.309100622071305e+001
1.554727272727273e+000 -2.948344679905684e+001
1.554909090909091e+000 -2.844998747213797e+001
1.555090909090909e+000 -2.933822037696363e+001
1.555272727272727e+000 -3.261805529195789e+001
1.555454545454545e+000 -4.192482654359983e+001
1.555636363636364e+000 -4.143647361242353e+001
1.555818181818182e+000 -3.308638801537916e+001
1.556000000000000e+000 -3.053194909168285e+001
1.556181818181818e+000 -3.064263872046617e+001
1.556363636363636e+000 -3.346513168045909e+001
1.556545454545455e+000 -4.239889374352750e+001
1.556727272727273e+000 -4.232819520305666e+001
1.556909090909091e+000 -3.395941714650359e+001
1.557090909090909e+000 -3.172599647524766e+001
1.557272727272727e+000 -3.256618513823882e+001
1.557454545454545e+000 -3.726344488238182e+001
1.557636363636364e+000 -7.064197433933377e+001
1.557818181818182e+000 -3.726150575817032e+001
1.558000000000000e+000 -3.319462768947837e+001
1.558181818181818e+000 -3.316024693223928e+001
1.558363636363636e+000 -3.708226370772097e+001
1.558545454545455e+000 -6.016372839334554e+001
1.558727272727273e+000 -3.841133208226854e+001
1.558909090909091e+000 -3.405045003364217e+001
1.559090909090909e+000 -3.425671497189061e+001
1.559272727272727e+000 -3.929054956903274e+001
1.559454545454545e+000 -5.372745413115499e+001
1.559636363636364e+000 -3.726077088946992e+001
1.559818181818182e+000 -3.446788046592003e+001
1.560000000000000e+000 -3.629591898465701e+001
1.560181818181818e+000 -4.663770255442630e+001
1.560363636363636e+000 -4.198600850149524e+001
1.560545454545455e+000 -3.572699069868240e+001
1.560727272727273e+000 -3.571784721571261e+001
1.560909090909091e+000 -4.190159336535941e+001
1.561090909090909e+000 -4.734880838358158e+001
1.561272727272727e+000 -3.705467246960226e+001
1.561454545454545e+000 -3.595581567235540e+001
1.561636363636364e+000 -4.096107287901992e+001
1.561818181818182e+000 -5.066969466916430e+001
1.562000000000000e+000 -3.782058445016976e+001
1.562181818181818e+000 -3.647725109876712e+001
1.562363636363636e+000 -4.181253605990646e+001
1.562545454545455e+000 -4.892850565277774e+001
1.562727272727273e+000 -3.785830121460447e+001
1.562909090909091e+000 -3.725790942290435e+001
1.563090909090909e+000 -4.479249165581803e+001
1.563272727272727e+000 -4.470642684216177e+001
1.563454545454545e+000 -3.754468800198485e+001
1.563636363636364e+000 -3.875916193246156e+001
1.563818181818182e+000 -5.467615514505224e+001
1.564000000000000e+000 -4.095687046448939e+001
1.564181818181818e+000 -3.763545872985488e+001
1.564363636363636e+000 -4.232808496480385e+001
1.564545454545455e+000 -4.937011995517255e+001
1.564727272727273e+000 -3.865105887679403e+001
1.564909090909091e+000 -3.928395443701499e+001
1.565090909090909e+000 -5.592687314813276e+001
1.565272727272727e+000 -4.114930604547154e+001
1.565454545454545e+000 -3.849396758556024e+001
1.565636363636364e+000 -4.557719364036436e+001
1.565818181818182e+000 -4.501018397174705e+001
1.566000000000000e+000 -3.872738904164072e+001
1.566181818181818e+000 -4.245082929863677e+001
1.566363636363636e+000 -5.054481719779547e+001
1.566545454545455e+000 -3.942141125286929e+001
1.566727272727273e+000 -4.118233052362706e+001
1.566909090909091e+000 -5.905392323965343e+001
1.567090909090909e+000 -4.020186230228919e+001
1.567272727272727e+000 -4.075399476045161e+001
1.567454545454545e+000 -7.999836498393313e+001
1.567636363636364e+000 -4.079595351593149e+001
1.567818181818182e+000 -4.079318453486143e+001
1.568000000000000e+000 -7.796109628459330e+001
1.568181818181818e+000 -4.105110316359249e+001
1.568363636363636e+000 -4.118181546186943e+001
1.568545454545455e+000 -6.871509979430529e+001
1.568727272727273e+000 -4.097263423777353e+001
1.568909090909091e+000 -4.198445013444358e+001
1.569090909090909e+000 -5.641585261326579e+001
1.569272727272727e+000 -4.072167769994655e+001
1.569454545454545e+000 -4.348336982107304e+001
1.569636363636364e+000 -4.988568132436279e+001
1.569818181818182e+000 -4.057553204719990e+001
1.570000000000000e+000 -4.641600970714035e+001
1.570181818181818e+000 -4.561385003912027e+001
1.570363636363636e+000 -4.091077372544046e+001
1.570545454545455e+000 -5.358857271307195e+001
1.570727272727273e+000 -4.282912531475984e+001
1.570909090909091e+000 -4.229573079837032e+001
1.571090909090909e+000 -5.801578668180099e+001
1.571272727272727e+000 -4.139982666198094e+001
1.571454545454545e+000 -4.598979645490118e+001
1.571636363636364e+000 -4.641669710416767e+001
1.571818181818182e+000 -4.159391347460923e+001
1.572000000000000e+000 -5.958109387154855e+001
1.572181818181818e+000 -4.250009057937008e+001
1.572363636363636e+000 -4.442359927060379e+001
1.572545454545455e+000 -4.912184823809439e+001
1.572727272727273e+000 -4.177928465152805e+001
1.572909090909091e+000 -5.592719440867477e+001
1.573090909090909e+000 -4.300917356319927e+001
1.573272727272727e+000 -4.480051291769870e+001
1.573454545454545e+000 -4.872019096455519e+001
1.573636363636364e+000 -4.223051187611689e+001
1.573818181818182e+000 -6.425918221794201e+001
1.574000000000000e+000 -4.272329217833534e+001
1.574181818181818e+000 -4.716135762005395e+001
1.574363636363636e+000 -4.600134420960584e+001
1.574545454545455e+000 -4.338607953458383e+001
1.574727272727273e+000 -5.516510367988873e+001
1.574909090909091e+000 -4.251729441964412e+001
1.575090909090909e+000 -5.595026349667332e+001
1.575272727272727e+000 -4.347037937510019e+001
1.575454545454545e+000 -4.723851957723542e+001
1.575636363636364e+000 -4.621363431260408e+001
1.575818181818182e+000 -4.419947228940985e+001
1.576000000000000e+000 -5.184793522994107e+001
1.576181818181818e+000 -4.310695777870149e+001
1.576363636363636e+000 -7.609261584793158e+001
1.576545454545455e+000 -4.315221402815037e+001
1.576727272727273e+000 -5.401651597785952e+001
1.576909090909091e+000 -4.403270473596924e+001
1.577090909090909e+000 -4.859571947653386e+001
1.577272727272727e+000 -4.563104435042300e+001
1.577454545454545e+000 -4.607279078434578e+001
1.577636363636364e+000 -4.794585468282526e+001
1.577818181818182e+000 -4.475672133779756e+001
1.578000000000000e+000 -5.111081741226370e+001
1.578181818181818e+000 -4.410230457589165e+001
1.578363636363636e+000 -5.554120709987181e+001
1.578545454545455e+000 -4.384447377942512e+001
1.578727272727273e+000 -6.268211059022122e+001
1.578909090909091e+000 -4.382293672833048e+001
1.579090909090909e+000 -1.000000000000000e+002
1.579272727272727e+000 -4.392805372121122e+001
1.579454545454545e+000 -6.566153361420976e+001
1.579636363636364e+000 -4.408146411227412e+001
1.579818181818182e+000 -6.152077727137409e+001
1.580000000000000e+000 -4.422972038307635e+001
1.580181818181818e+000 -6.033102293585655e+001
1.580363636363636e+000 -4.434321349619049e+001
1.580545454545455e+000 -6.092108550830163e+001
1.580727272727273e+000 -4.441665681978880e+001
1.580909090909091e+000 -6.366466976684956e+001
1.581090909090909e+000 -4.446920778301281e+001
1.581272727272727e+000 -7.253397388434877e+001
1.581454545454545e+000 -4.454388084719336e+001
1.581636363636364e+000 -6.903472543805650e+001
1.581818181818182e+000 -4.470748803338485e+001
1.582000000000000e+000 -5.917196451583804e+001
1.582181818181818e+000 -4.505391851631985e+001
1.582363636363636e+000 -5.408299612813004e+001
1.582545454545455e+000 -4.571607916132878e+001
1.582727272727273e+000 -5.065632464244195e+001
1.582909090909091e+000 -4.689937545268930e+001
1.583090909090909e+000 -4.820742359183706e+001
1.583272727272727e+000 -4.898029410269380e+001
1.583454545454545e+000 -4.650990854795735e+001
1.583636363636364e+000 -5.288798126103640e+001
1.583818181818182e+000 -4.551106555078949e+001
1.584000000000000e+000 -6.328480439589617e+001
1.584181818181818e+000 -4.527101034053884e+001
1.584363636363636e+000 -5.929960993118921e+001
1.584545454545455e+000 -4.598579560481819e+001
1.584727272727273e+000 -5.092967264639383e+001
1.584909090909091e+000 -4.814077256042481e+001
1.585090909090909e+000 -4.732222380881091e+001
1.585272727272727e+000 -5.329792221173711e+001
1.585454545454545e+000 -4.577551567146979e+001
1.585636363636364e+000 -8.547348583732367e+001
1.585818181818182e+000 -4.591917531779893e+001
1.586000000000000e+000 -5.256011004774796e+001
1.586181818181818e+000 -4.819492832787437e+001
1.586363636363636e+000 -4.751077435724929e+001
1.586545454545455e+000 -5.515681643583766e+001
1.586727272727273e+000 -4.592097920556968e+001
1.586909090909091e+000 -6.051917879915151e+001
1.587090909090909e+000 -4.696065838098743e+001
1.587272727272727e+000 -4.930382179086723e+001
1.587454545454546e+000 -5.211353463300070e+001
1.587636363636364e+000 -4.631248908373573e+001
1.587818181818182e+000 -6.701632506806458e+001
1.588000000000000e+000 -4.692884929383743e+001
1.588181818181818e+000 -4.972208183426776e+001
1.588363636363636e+000 -5.255754212344912e+001
1.588545454545455e+000 -4.643036082189452e+001
1.588727272727273e+000 -6.125811723104601e+001
1.588909090909091e+000 -4.770001997660489e+001
1.589090909090909e+000 -4.857052564944651e+001
1.589272727272727e+000 -5.695332312518722e+001
1.589454545454546e+000 -4.653526411082527e+001
1.589636363636364e+000 -5.364592745200000e+001
1.589818181818182e+000 -5.019728841089635e+001
1.590000000000000e+000 -4.708883508056471e+001
1.590181818181818e+000 -6.808278098258990e+001
1.590363636363636e+000 -4.784125441679636e+001
1.590545454545455e+000 -4.872719780388918e+001
1.590727272727273e+000 -5.999322914302739e+001
1.590909090909091e+000 -4.703110056231437e+001
1.591090909090909e+000 -5.111028358498582e+001
1.591272727272727e+000 -5.397544725614718e+001
1.591454545454546e+000 -4.694147724376874e+001
1.591636363636364e+000 -5.392050908849921e+001
1.591818181818182e+000 -5.160687607108695e+001
1.592000000000000e+000 -4.715209721490700e+001
1.592181818181818e+000 -5.664406171137269e+001
1.592363636363636e+000 -5.059870465446107e+001
1.592545454545455e+000 -4.740230105790455e+001
1.592727272727273e+000 -5.839619451166822e+001
1.592909090909091e+000 -5.035915330472201e+001
1.593090909090909e+000 -4.754618421122669e+001
1.593272727272727e+000 -5.830972987980444e+001
1.593454545454546e+000 -5.073283842186313e+001
1.593636363636364e+000 -4.755544909289434e+001
1.593818181818182e+000 -5.650591458866068e+001
1.594000000000000e+000 -5.183428052241651e+001
1.594181818181818e+000 -4.752179177157446e+001
1.594363636363636e+000 -5.393242526167818e+001
1.594545454545455e+000 -5.416462003374692e+001
1.594727272727273e+000 -4.764998896247108e+001
1.594909090909091e+000 -5.140090211204925e+001
1.595090909090909e+000 -5.952775371454272e+001
1.595272727272727e+000 -4.827019630404047e+001
1.595454545454546e+000 -4.936503324656267e+001
1.595636363636364e+000 -7.646961707062654e+001
1.595818181818182e+000 -4.995027684013192e+001
1.596000000000000e+000 -4.812681524152962e+001
1.596181818181818e+000 -5.610904805099435e+001
1.596363636363636e+000 -5.408263847109414e+001
1.596545454545455e+000 -4.804874308818442e+001
1.596727272727273e+000 -5.065413212558117e+001
1.596909090909091e+000 -7.189085128368437e+001
1.597090909090909e+000 -4.986371375389125e+001
1.597272727272727e+000 -4.835876336259737e+001
1.597454545454546e+000 -5.531127833066314e+001
1.597636363636364e+000 -5.616722084406797e+001
1.597818181818182e+000 -4.860366752274248e+001
1.598000000000000e+000 -4.953080741862082e+001
1.598181818181818e+000 -6.247293418017044e+001
1.598363636363636e+000 -5.281134178466848e+001
1.598545454545455e+000 -4.836717210259607e+001
1.598727272727273e+000 -5.070988681831688e+001
1.598909090909091e+000 -7.329464313954108e+001
1.599090909090909e+000 -5.178601088939905e+001
1.599272727272727e+000 -4.844643891878748e+001
1.599454545454546e+000 -5.123451327511771e+001
1.599636363636364e+000 -7.757082894386376e+001
1.599818181818182e+000 -5.198695830603427e+001
1.600000000000000e+000 -4.858974602211574e+001
1.600181818181818e+000 -5.085344399501851e+001
1.600363636363636e+000 -6.632757532320008e+001
1.600545454545455e+000 -5.347189305912183e+001
1.600727272727273e+000 -4.891145781729956e+001
1.600909090909091e+000 -4.988992756989853e+001
1.601090909090909e+000 -5.821585638581389e+001
1.601272727272727e+000 -5.760557331373730e+001
1.601454545454546e+000 -4.992121789414759e+001
1.601636363636364e+000 -4.903498402652623e+001
1.601818181818182e+000 -5.299026499008936e+001
1.602000000000000e+000 -8.710561718314484e+001
1.602181818181818e+000 -5.286529528177146e+001
1.602363636363636e+000 -4.916478757595378e+001
1.602545454545455e+000 -4.992140319272967e+001
1.602727272727273e+000 -5.603608741640467e+001
1.602909090909091e+000 -6.373479664755665e+001
1.603090909090909e+000 -5.175519148781972e+001
1.603272727272727e+000 -4.917284278133685e+001
1.603454545454546e+000 -5.036409349271990e+001
1.603636363636364e+000 -5.668723872658597e+001
1.603818181818182e+000 -6.428467437972390e+001
1.604000000000000e+000 -5.227756583122473e+001
1.604181818181818e+000 -4.942685571811567e+001
1.604363636363636e+000 -5.000713411811524e+001
1.604545454545455e+000 -5.443567721969032e+001
1.604727272727273e+000 -8.718152782493392e+001
1.604909090909091e+000 -5.493769571389881e+001
1.605090909090909e+000 -5.033841989010722e+001
1.605272727272727e+000 -4.948399017509139e+001
1.605454545454546e+000 -5.143040717054133e+001
1.605636363636364e+000 -5.802218679056508e+001
1.605818181818182e+000 -6.614013241999432e+001
1.606000000000000e+000 -5.365600039882503e+001
1.606181818181818e+000 -5.022344588424619e+001
1.606363636363636e+000 -4.968477942360075e+001
1.606545454545455e+000 -5.151765126319082e+001
1.606727272727273e+000 -5.707562117025649e+001
1.606909090909091e+000 -7.593079601121102e+001
1.607090909090909e+000 -5.563845606091142e+001
1.607272727272727e+000 -5.122013795617270e+001
1.607454545454546e+000 -4.981866242783442e+001
1.607636363636364e+000 -5.038487919439206e+001
1.607818181818182e+000 -5.310242517136341e+001
1.608000000000000e+000 -6.015580019147740e+001
1.608181818181818e+000 -6.777083845437005e+001
1.608363636363636e+000 -5.541916164868573e+001
1.608545454545455e+000 -5.153419617723623e+001
1.608727272727273e+000 -5.009394151853873e+001
1.608909090909091e+000 -5.024417572626081e+001
1.609090909090909e+000 -5.194559828515411e+001
1.609272727272727e+000 -5.591296990150072e+001
1.609454545454546e+000 -6.682325955995015e+001
1.609636363636364e+000 -6.275838114134766e+001
1.609818181818182e+000 -5.498113051211256e+001
1.610000000000000e+000 -5.179377110551739e+001
1.610181818181818e+000 -5.042374322061554e+001
1.610363636363636e+000 -5.026419538035398e+001
1.610545454545455e+000 -5.118976659917659e+001
1.610727272727273e+000 -5.338742783375560e+001
1.610909090909091e+000 -5.767554915468096e+001
1.611090909090909e+000 -6.891934287818702e+001
1.611272727272727e+000 -6.442744328596358e+001
1.611454545454546e+000 -5.662189785380491e+001
1.611636363636364e+000 -5.318890761181652e+001
1.611818181818182e+000 -5.139153480421896e+001
1.612000000000000e+000 -5.057657477400664e+001
1.612181818181818e+000 -5.050885997340556e+001
1.612363636363636e+000 -5.111684255141285e+001
1.612545454545455e+000 -5.244257038581579e+001
1.612727272727273e+000 -5.468150917055390e+001
1.612909090909091e+000 -5.840210453388625e+001
1.613090909090909e+000 -6.588190464204382e+001
1.613272727272727e+000 -7.437345169628402e+001
1.613454545454546e+000 -6.135509085103857e+001
1.613636363636364e+000 -5.675521854842387e+001
1.613818181818182e+000 -5.415737431675645e+001
1.614000000000000e+000 -5.254211416182561e+001
1.614181818181818e+000 -5.154476186069777e+001
1.614363636363636e+000 -5.099333101453389e+001
1.614545454545455e+000 -5.079484159133114e+001
1.614727272727273e+000 -5.089615977533141e+001
1.614909090909091e+000 -5.126804449841376e+001
1.615090909090909e+000 -5.189849367667863e+001
1.615272727272727e+000 -5.279098320509208e+001
1.615454545454546e+000 -5.396660719603174e+001
1.615636363636364e+000 -5.547142026607392e+001
1.615818181818182e+000 -5.739407958274573e+001
1.616000000000000e+000 -5.991000932333581e+001
1.616181818181818e+000 -6.341406891289724e+001
1.616363636363636e+000 -6.909690927360518e+001
1.616545454545455e+000 -8.720165765083405e+001
1.616727272727273e+000 -7.229833061149998e+001
1.616909090909091e+000 -6.592476305138777e+001
1.617090909090909e+000 -6.257536971184239e+001
1.617272727272727e+000 -6.039260180879710e+001
1.617454545454546e+000 -5.883935113596687e+001
1.617636363636364e+000 -5.768322075127441e+001
1.617818181818182e+000 -5.680170068801844e+001
1.618000000000000e+000 -5.612200651827505e+001
1.618181818181818e+000 -5.559736564817413e+001
1.618363636363636e+000 -5.519612064924448e+001
1.618545454545455e+000 -5.489616747109651e+001
1.618727272727273e+000 -5.468189881309476e+001
1.618909090909091e+000 -5.454243898014305e+001
1.619090909090909e+000 -5.447059966937911e+001
1.619272727272727e+000 -5.446227103731727e+001
1.619454545454545e+000 -5.451610158154952e+001
1.619636363636364e+000 -5.463339637930019e+001
1.619818181818182e+000 -5.481821235433834e+001
1.620000000000000e+000 -5.507767081900123e+001
1.620181818181818e+000 -5.542255624523858e+001
1.620363636363636e+000 -5.586834519544369e+001
1.620545454545455e+000 -5.643694605907356e+001
1.620727272727273e+000 -5.715970952537700e+001
1.620909090909091e+000 -5.808289837291009e+001
1.621090909090909e+000 -5.927838013831629e+001
1.621272727272727e+000 -6.086682173213669e+001
1.621454545454546e+000 -6.307624699478290e+001
1.621636363636364e+000 -6.643010171769693e+001
1.621818181818182e+000 -7.270936920431129e+001
1.622000000000000e+000 -8.962433679342705e+001
1.622181818181818e+000 -7.006530774360117e+001
1.622363636363636e+000 -6.433408168544695e+001
1.622545454545455e+000 -6.084110259490124e+001
1.622727272727273e+000 -5.835194511777383e+001
1.622909090909091e+000 -5.646190653044655e+001
1.623090909090909e+000 -5.499194717907194e+001
1.623272727272727e+000 -5.385159897318557e+001
1.623454545454545e+000 -5.299361315788814e+001
1.623636363636364e+000 -5.239586886462460e+001
1.623818181818182e+000 -5.205377879680538e+001
1.624000000000000e+000 -5.197791160297827e+001
1.624181818181818e+000 -5.219540038498121e+001
1.624363636363636e+000 -5.275591088722615e+001
1.624545454545455e+000 -5.374600426211234e+001
1.624727272727273e+000 -5.532388415607383e+001
1.624909090909091e+000 -5.781738266210613e+001
1.625090909090909e+000 -6.209994768426924e+001
1.625272727272727e+000 -7.269435326886668e+001
1.625454545454545e+000 -6.917219942628238e+001
1.625636363636364e+000 -6.070833845539818e+001
1.625818181818182e+000 -5.675439238199215e+001
1.626000000000000e+000 -5.440982733615447e+001
1.626181818181818e+000 -5.301559087006025e+001
1.626363636363636e+000 -5.234559702256009e+001
1.626545454545455e+000 -5.233869957180096e+001
1.626727272727273e+000 -5.304368731513195e+001
1.626909090909091e+000 -5.464994487602824e+001
1.627090909090909e+000 -5.766833248170072e+001
1.627272727272727e+000 -6.393055129364156e+001
1.627454545454545e+000 -7.934006294458428e+001
1.627636363636364e+000 -6.137516867412934e+001
1.627818181818182e+000 -5.634626744787236e+001
1.628000000000000e+000 -5.381448072290560e+001
1.628181818181818e+000 -5.264503451274000e+001
1.628363636363636e+000 -5.255335987946434e+001
1.628545454545455e+000 -5.357830521969896e+001
1.628727272727273e+000 -5.612091725714421e+001
1.628909090909091e+000 -6.174095696892580e+001
1.629090909090909e+000 -8.637821400286171e+001
1.629272727272727e+000 -6.073590395399773e+001
1.629454545454545e+000 -5.556873112916333e+001
1.629636363636364e+000 -5.327820600229295e+001
1.629818181818182e+000 -5.263307161781896e+001
1.630000000000000e+000 -5.345677286841051e+001
1.630181818181818e+000 -5.617842021228276e+001
1.630363636363636e+000 -6.303815160665966e+001
1.630545454545455e+000 -7.109573062806628e+001
1.630727272727273e+000 -5.826588091976567e+001
1.630909090909091e+000 -5.424714660384840e+001
1.631090909090909e+000 -5.283242893998077e+001
1.631272727272727e+000 -5.329126192545389e+001
1.631454545454545e+000 -5.595459568929861e+001
1.631636363636364e+000 -6.344115127135024e+001
1.631818181818182e+000 -6.785207837929970e+001
1.632000000000000e+000 -5.707813348746657e+001
1.632181818181818e+000 -5.365942739501873e+001
1.632363636363636e+000 -5.293438039846861e+001
1.632545454545455e+000 -5.452030769744707e+001
1.632727272727273e+000 -5.981172045495595e+001
1.632909090909091e+000 -7.926253270064743e+001
1.633090909090909e+000 -5.827953552938349e+001
1.633272727272727e+000 -5.396860153190814e+001
1.633454545454546e+000 -5.304429139210355e+001
1.633636363636364e+000 -5.484438903786110e+001
1.633818181818182e+000 -6.136283771516573e+001
1.634000000000000e+000 -6.871975873637483e+001
1.634181818181818e+000 -5.658362448081554e+001
1.634363636363636e+000 -5.341851329107064e+001
1.634545454545455e+000 -5.357669024793209e+001
1.634727272727273e+000 -5.733654543685305e+001
1.634909090909091e+000 -7.615018938799376e+001
1.635090909090909e+000 -5.910517811380573e+001
1.635272727272727e+000 -5.404295764765679e+001
1.635454545454545e+000 -5.337147189532438e+001
1.635636363636364e+000 -5.643039873480140e+001
1.635818181818182e+000 -7.058449833180232e+001
1.636000000000000e+000 -5.967778001396098e+001
1.636181818181818e+000 -5.412328617418140e+001
1.636363636363636e+000 -5.352947509668011e+001
1.636545454545455e+000 -5.721590389973733e+001
1.636727272727273e+000 -8.354079486375143e+001
1.636909090909091e+000 -5.786083616437199e+001
1.637090909090909e+000 -5.367509963487206e+001
1.637272727272727e+000 -5.423089394853650e+001
1.637454545454546e+000 -6.062384761006241e+001
1.637636363636364e+000 -6.573290210536021e+001
1.637818181818182e+000 -5.525868066374996e+001
1.638000000000000e+000 -5.351457426039961e+001
1.638181818181818e+000 -5.670206576218618e+001
1.638363636363636e+000 -8.169240777283098e+001
1.638545454545455e+000 -5.743266519817928e+001
1.638727272727273e+000 -5.363701547032025e+001
1.638909090909091e+000 -5.526369733063042e+001
1.639090909090909e+000 -6.702602400826667e+001
1.639272727272727e+000 -5.932403879785993e+001
1.639454545454545e+000 -5.392221264399602e+001
1.639636363636364e+000 -5.482572514019815e+001
1.639818181818182e+000 -6.479526890408303e+001
1.640000000000000e+000 -5.998691275463003e+001
1.640181818181818e+000 -5.402170031296587e+001
1.640363636363636e+000 -5.496981904817211e+001
1.640545454545455e+000 -6.624215926380359e+001
1.640727272727273e+000 -5.905042968094595e+001
1.640909090909091e+000 -5.389933823010055e+001
1.641090909090909e+000 -5.575507787740353e+001
1.641272727272727e+000 -7.488194926299926e+001
1.641454545454546e+000 -5.712788028149426e+001
1.641636363636364e+000 -5.383469995723493e+001
1.641818181818182e+000 -5.777584039756177e+001
1.642000000000000e+000 -6.926504612771139e+001
1.642181818181818e+000 -5.518024460573536e+001
1.642363636363636e+000 -5.441451203385402e+001
1.642545454545455e+000 -6.322811038435513e+001
1.642727272727273e+000 -5.974217741890360e+001
1.642909090909091e+000 -5.403502692857534e+001
1.643090909090909e+000 -5.678129882914874e+001
1.643272727272727e+000 -7.408661273396983e+001
1.643454545454545e+000 -5.542772245930516e+001
1.643636363636364e+000 -5.460656833014928e+001
1.643818181818182e+000 -6.523032199220533e+001
1.644000000000000e+000 -5.835332988236895e+001
1.644181818181818e+000 -5.407230461140984e+001
1.644363636363636e+000 -5.909240166533117e+001
1.644545454545455e+000 -6.320884869547508e+001
1.644727272727273e+000 -5.439630933305109e+001
1.644909090909091e+000 -5.659275961324116e+001
1.645090909090909e+000 -7.248737101351588e+001
1.645272727272727e+000 -5.515574814536545e+001
1.645454545454545e+000 -5.542180806587439e+001
1.645636363636364e+000 -7.944819385327978e+001
1.645818181818182e+000 -5.602991841825516e+001
1.646000000000000e+000 -5.489610045926408e+001
1.646181818181818e+000 -6.966832638260129e+001
1.646363636363636e+000 -5.673883735818274e+001
1.646545454545455e+000 -5.470822733609129e+001
1.646727272727273e+000 -6.731089321367286e+001
1.646909090909091e+000 -5.706412430220801e+001
1.647090909090909e+000 -5.471668607018238e+001
1.647272727272727e+000 -6.755802436568376e+001
1.647454545454545e+000 -5.691172150874669e+001
1.647636363636364e+000 -5.489493886607669e+001
1.647818181818182e+000 -7.063437246066030e+001
1.648000000000000e+000 -5.635102471154796e+001
1.648181818181818e+000 -5.532427597119722e+001
1.648363636363636e+000 -8.516498666103830e+001
1.648545454545455e+000 -5.558480672603947e+001
1.648727272727273e+000 -5.621689773644277e+001
1.648909090909091e+000 -7.062234888854869e+001
1.649090909090909e+000 -5.488491283958262e+001
1.649272727272727e+000 -5.801669754510345e+001
1.649454545454545e+000 -6.267502599719327e+001
1.649636363636364e+000 -5.456117726234903e+001
1.649818181818182e+000 -6.186143647749777e+001
1.650000000000000e+000 -5.831702644979099e+001
