1.450000000000000e+000 3.718201458394122e-007
1.450181818181818e+000 1.466219371981224e-005
1.450363636363636e+000 1.495929306464782e-006
1.450545454545455e+000 1.268174030355610e-005
1.450727272727273e+000 4.161197054534433e-006
1.450909090909091e+000 9.110658972340986e-006
1.451090909090909e+000 8.264005558389468e-006
1.451272727272727e+000 4.513353948859469e-006
1.451454545454545e+000 1.268164372162071e-005
1.451636363636364e+000 5.983244561975268e-007
1.451818181818182e+000 1.520851075798248e-005
1.452000000000000e+000 -1.772919236796951e-007
1.452181818181818e+000 1.355552958591583e-005
1.452363636363636e+000 3.740929541314508e-006
1.452545454545455e+000 7.525069854848281e-006
1.452727272727273e+000 1.067824901374087e-005
1.452909090909091e+000 8.571836312318045e-007
1.453090909090909e+000 1.517642841382472e-005
1.453272727272727e+000 -2.901367314253293e-007
1.453454545454545e+000 1.200601774542850e-005
1.453636363636364e+000 6.483824727399385e-006
1.453818181818182e+000 3.147261459358567e-006
1.454000000000000e+000 1.438150193883181e-005
1.454181818181818e+000 -1.092269169526115e-006
1.454363636363636e+000 1.273866868530555e-005
1.454545454545455e+000 6.052723236895473e-006
1.454727272727273e+000 2.430049870064093e-006
1.454909090909091e+000 1.486456869371475e-005
1.455090909090909e+000 -7.936643153709529e-007
1.455272727272727e+000 1.019026553507062e-005
1.455454545454545e+000 9.654518356246084e-006
1.455636363636364e+000 -8.900833308537902e-007
1.455818181818182e+000 1.470925108819741e-005
1.456000000000000e+000 3.330891683004584e-006
1.456181818181818e+000 3.055025475769166e-006
1.456363636363636e+000 1.487944011331843e-005
1.456545454545455e+000 -5.912683047926212e-007
1.456727272727273e+000 7.274721985783115e-006
1.456909090909091e+000 1.292845128584586e-005
1.457090909090909e+000 -2.111766409752988e-006
1.457272727272727e+000 1.007033297965509e-005
1.457454545454545e+000 1.096381796037968e-005
1.457636363636364e+000 -2.478733649577235e-006
1.457818181818182e+000 1.130634999964287e-005
1.458000000000000e+000 1.003958069519773e-005
1.458181818181818e+000 -2.666496109340915e-006
1.458363636363636e+000 1.121214514477458e-005
1.458545454545455e+000 1.048460009334465e-005
1.458727272727273e+000 -2.915730020052916e-006
1.458909090909091e+000 9.728218045713713e-006
1.459090909090909e+000 1.218635220653762e-005
1.459272727272727e+000 -2.652481635763477e-006
1.459454545454545e+000 6.511193397358343e-006
1.459636363636364e+000 1.436630027406697e-005
1.459818181818182e+000 -5.718666382007969e-007
1.460000000000000e+000 1.653442038719992e-006
1.460181818181818e+000 1.506249002848567e-005
1.460363636363636e+000 4.562972950212064e-006
1.460545454545455e+000 -2.932822321727844e-006
1.460727272727273e+000 1.146484548220092e-005
1.460909090909091e+000 1.167744231376248e-005
1.461090909090909e+000 -2.882086536121207e-006
1.461272727272727e+000 2.964582403267597e-006
1.461454545454545e+000 1.511845459108240e-005
1.461636363636364e+000 4.978622996403061e-006
1.461818181818182e+000 -4.069433768913056e-006
1.462000000000000e+000 8.374021914762680e-006
1.462181818181818e+000 1.436302602573913e-005
1.462363636363636e+000 7.453906990481257e-007
1.462545454545455e+000 -3.144094309268405e-006
1.462727272727273e+000 1.073097948419113e-005
1.462909090909091e+000 1.336861152423603e-005
1.463090909090909e+000 -5.705399032793941e-007
1.463272727272727e+000 -3.196936517579941e-006
1.463454545454545e+000 1.041201819685808e-005
1.463636363636364e+000 1.388848389373006e-005
1.463818181818182e+000 7.482449227074342e-007
1.464000000000000e+000 -4.691777536656635e-006
1.464181818181818e+000 7.177475955034597e-006
1.464363636363636e+000 1.509300732944852e-005
1.464545454545455e+000 5.386435338838255e-006
1.464727272727273e+000 -5.358819597469921e-006
1.464909090909091e+000 5.139364085945407e-007
1.465090909090909e+000 1.317177931876863e-005
1.465272727272727e+000 1.250172082206879e-005
1.465454545454545e+000 -2.785511269046744e-007
1.465636363636364e+000 -5.843235746913930e-006
1.465818181818182e+000 3.717173701731718e-006
1.466000000000000e+000 1.438291721777928e-005
1.466181818181818e+000 1.125941699423535e-005
1.466363636363636e+000 -1.169650252331048e-006
1.466545454545455e+000 -6.389783140256943e-006
1.466727272727273e+000 2.031721804491584e-006
1.466909090909091e+000 1.319600915604086e-005
1.467090909090909e+000 1.347287020766543e-005
1.467272727272727e+000 2.787691175233141e-006
1.467454545454545e+000 -6.422091367805747e-006
1.467636363636364e+000 -4.080904767333525e-006
1.467818181818182e+000 6.886695611494849e-006
1.468000000000000e+000 1.476964803550436e-005
1.468181818181818e+000 1.170358943393176e-005
1.468363636363636e+000 9.960050390265319e-007
1.468545454545455e+000 -7.074700679051341e-006
1.468727272727273e+000 -5.334381719590223e-006
1.468909090909091e+000 4.272669396193812e-006
1.469090909090909e+000 1.328214309144461e-005
1.469272727272727e+000 1.434731734427524e-005
1.469454545454545e+000 6.926210736428076e-006
1.469636363636364e+000 -3.064218846597303e-006
1.469818181818182e+000 -8.317757106616204e-006
1.470000000000000e+000 -5.441856078680762e-006
1.470181818181818e+000 3.221060736308990e-006
1.470363636363636e+000 1.181848087055969e-005
1.470545454545455e+000 1.506631377613584e-005
1.470727272727273e+000 1.131696491940956e-005
1.470909090909091e+000 3.011680867824768e-006
1.471090909090909e+000 -5.205680781337082e-006
1.471272727272727e+000 -9.207020271148961e-006
1.471454545454545e+000 -7.347085668289351e-006
1.471636363636364e+000 -8.698953429207847e-007
1.471818181818182e+000 7.089631351252171e-006
1.472000000000000e+000 1.313743544299009e-005
1.472181818181818e+000 1.503416261868649e-005
1.472363636363636e+000 1.236164351187786e-005
1.472545454545455e+000 6.363261698366355e-006
1.472727272727273e+000 -7.755834633333728e-007
1.472909090909091e+000 -6.807473202495083e-006
1.473090909090909e+000 -1.012295708269532e-005
1.473272727272727e+000 -1.009257374494812e-005
1.473454545454545e+000 -7.043567053891246e-006
1.473636363636364e+000 -1.980132748341361e-006
1.473818181818182e+000 3.801665850761187e-006
1.474000000000000e+000 9.071411354770324e-006
1.474181818181818e+000 1.291204425942623e-005
1.474363636363636e+000 1.483131558225264e-005
1.474545454545455e+000 1.475339606104821e-005
1.474727272727273e+000 1.293009583922538e-005
1.474909090909091e+000 9.815910954045522e-006
1.475090909090909e+000 5.943552787438607e-006
1.475272727272727e+000 1.823499745206300e-006
1.475454545454545e+000 -2.122193599013461e-006
1.475636363636364e+000 -5.591947388161935e-006
1.475818181818182e+000 -8.408981244992947e-006
1.476000000000000e+000 -1.050688914449716e-005
1.476181818181818e+000 -1.190528271707153e-005
1.476363636363636e+000 -1.268261577664659e-005
1.476545454545454e+000 -1.295102802837899e-005
1.476727272727273e+000 -1.283586727130573e-005
1.476909090909091e+000 -1.246082385784120e-005
1.477090909090909e+000 -1.193843702862582e-005
1.477272727272727e+000 -1.136507653759653e-005
1.477454545454545e+000 -1.081924215839182e-005
1.477636363636364e+000 -1.036202528525039e-005
1.477818181818182e+000 -1.003872609370348e-005
1.478000000000000e+000 -9.880826848649193e-006
1.478181818181818e+000 -9.907734552751214e-006
1.478363636363636e+000 -1.012789372710591e-005
1.478545454545454e+000 -1.053903019945761e-005
1.478727272727273e+000 -1.112742572332809e-005
1.478909090909091e+000 -1.186625484132303e-005
1.479090909090909e+000 -1.271316679917472e-005
1.479272727272727e+000 -1.360747535122946e-005
1.479454545454545e+000 -1.446754890218889e-005
1.479636363636364e+000 -1.518926325216006e-005
1.479818181818182e+000 -1.564666990080922e-005
1.480000000000000e+000 -1.569628224870284e-005
1.480181818181818e+000 -1.518649803010422e-005
1.480363636363636e+000 -1.397351211937207e-005
1.480545454545454e+000 -1.194446084737521e-005
1.480727272727273e+000 -9.047299092241893e-006
1.480909090909091e+000 -5.324939166295745e-006
1.481090909090909e+000 -9.485133774111221e-007
1.481272727272727e+000 3.758404610519986e-006
1.481454545454545e+000 8.315465762620953e-006
1.481636363636364e+000 1.211310675961171e-005
1.481818181818182e+000 1.448215785265149e-005
1.482000000000000e+000 1.480924501769527e-005
1.482181818181818e+000 1.268989705999944e-005
1.482363636363636e+000 8.094651191047853e-006
1.482545454545454e+000 1.505206361068912e-006
1.482727272727273e+000 -6.035997026687453e-006
1.482909090909091e+000 -1.301977200543158e-005
1.483090909090909e+000 -1.774289070740590e-005
1.483272727272727e+000 -1.874564239133402e-005
1.483454545454545e+000 -1.532901373729568e-005
1.483636363636364e+000 -7.991642693082186e-006
1.483818181818182e+000 1.417453552574438e-006
1.484000000000000e+000 1.000786023087036e-005
1.484181818181818e+000 1.467041965508338e-005
1.484363636363636e+000 1.324936492469564e-005
1.484545454545454e+000 5.658367694398506e-006
1.484727272727273e+000 -5.611087173216792e-006
1.484909090909091e+000 -1.605539889978943e-005
1.485090909090909e+000 -2.087615865270815e-005
1.485272727272727e+000 -1.731389693902882e-005
1.485454545454545e+000 -6.499060504226145e-006
1.485636363636364e+000 6.403485337693763e-006
1.485818181818182e+000 1.436812505814493e-005
1.486000000000000e+000 1.233717053475715e-005
1.486181818181818e+000 7.055860866073469e-007
1.486363636363636e+000 -1.397888811089936e-005
1.486545454545454e+000 -2.235791777260033e-005
1.486727272727273e+000 -1.832037313536113e-005
1.486909090909091e+000 -3.954017380182197e-006
1.487090909090909e+000 1.072936023386907e-005
1.487272727272727e+000 1.437946631393596e-005
1.487454545454545e+000 3.278198073777019e-006
1.487636363636364e+000 -1.442898564734366e-005
1.487818181818182e+000 -2.408800767301839e-005
1.488000000000000e+000 -1.675039568283402e-005
1.488181818181818e+000 1.763487277320771e-006
1.488363636363636e+000 1.445447692976357e-005
1.488545454545454e+000 8.456933294082925e-006
1.488727272727273e+000 -1.133852970615736e-005
1.488909090909091e+000 -2.519648785295637e-005
1.489090909090909e+000 -1.805257599102075e-005
1.489272727272727e+000 3.162587091919061e-006
1.489454545454545e+000 1.488311833014889e-005
1.489636363636364e+000 2.755858504796754e-006
1.489818181818182e+000 -1.994720282750606e-005
1.490000000000000e+000 -2.579828562727219e-005
1.490181818181818e+000 -6.719588099312380e-006
1.490363636363636e+000 1.338524160297233e-005
1.490545454545454e+000 7.465402675102257e-006
1.490727272727273e+000 -1.769939188570370e-005
1.490909090909091e+000 -2.771769045636145e-005
1.491090909090909e+000 -7.677613514419536e-006
1.491272727272727e+000 1.389302966775852e-005
1.491454545454545e+000 4.233501268696343e-006
1.491636363636364e+000 -2.319936217583056e-005
1.491818181818182e+000 -2.592718116587097e-005
1.492000000000000e+000 1.206824624656347e-006
1.492181818181818e+000 1.426138876453467e-005
1.492363636363636e+000 -9.584053522431956e-006
1.492545454545454e+000 -3.082902257628730e-005
1.492727272727273e+000 -1.224225407741579e-005
1.492909090909091e+000 1.395533234448357e-005
1.493090909090909e+000 -2.276495865658913e-007
1.493272727272727e+000 -2.997136478205309e-005
1.493454545454545e+000 -1.947357472157070e-005
1.493636363636364e+000 1.194051014289690e-005
1.493818181818182e+000 2.594026258726901e-006
1.494000000000000e+000 -3.032403096219301e-005
1.494181818181818e+000 -2.048716511052961e-005
1.494363636363636e+000 1.258990976833201e-005
1.494545454545454e+000 -8.148543941498129e-007
1.494727272727273e+000 -3.353296296404525e-005
1.494909090909091e+000 -1.482416407845706e-005
1.495090909090909e+000 1.475035619682854e-005
1.495272727272727e+000 -1.175769347310611e-005
1.495454545454545e+000 -3.536885189196553e-005
1.495636363636364e+000 -1.348927103457123e-006
1.495818181818182e+000 1.085796858375305e-005
1.496000000000000e+000 -2.903288956121329e-005
1.496181818181818e+000 -2.552574491988770e-005
1.496363636363636e+000 1.331633003962268e-005
1.496545454545454e+000 -9.462503461985059e-006
1.496727272727273e+000 -3.786549684931651e-005
1.496909090909091e+000 6.336441712749839e-007
1.497090909090909e+000 6.589346554839395e-006
1.497272727272727e+000 -3.691481634928568e-005
1.497454545454545e+000 -1.500323235207217e-005
1.497636363636364e+000 1.376680124660583e-005
1.497818181818182e+000 -2.987953456241971e-005
1.498000000000000e+000 -2.675158578342498e-005
1.498181818181818e+000 1.467916058575313e-005
1.498363636363636e+000 -2.309818373190724e-005
1.498545454545454e+000 -3.356008652001741e-005
1.498727272727273e+000 1.352887521715663e-005
1.498909090909091e+000 -1.966169371355117e-005
1.499090909090909e+000 -3.658196019206667e-005
1.499272727272727e+000 1.307008172661329e-005
1.499454545454545e+000 -2.062441772858922e-005
1.499636363636364e+000 -3.650291511322474e-005
1.499818181818182e+000 1.399199688736755e-005
1.500000000000000e+000 -2.624475409329753e-005
1.500181818181818e+000 -3.251772005997790e-005
1.500363636363636e+000 1.474569697192055e-005
1.500545454545454e+000 -3.582028437801134e-005
1.500727272727273e+000 -2.275425306634320e-005
1.500909090909091e+000 1.127402936124702e-005
1.501090909090909e+000 -4.595566067570127e-005
1.501272727272727e+000 -6.693928957695268e-006
1.501454545454545e+000 -1.874852479482534e-006
1.501636363636364e+000 -4.871832578063569e-005
1.501818181818182e+000 1.011671208179167e-005
1.502000000000000e+000 -2.612573888501886e-005
1.502181818181818e+000 -3.436939169286567e-005
1.502363636363636e+000 1.309923921473056e-005
1.502545454545454e+000 -4.950689170652557e-005
1.502727272727273e+000 -4.218802524300933e-006
1.502909090909091e+000 -1.129457213582843e-005
1.503090909090909e+000 -4.662035629788930e-005
1.503272727272727e+000 1.474588829576896e-005
1.503454545454545e+000 -4.819611281966698e-005
1.503636363636364e+000 -9.359489433521028e-006
1.503818181818182e+000 -1.074411354781145e-005
1.504000000000000e+000 -4.814689106826655e-005
1.504181818181818e+000 1.440913859198640e-005
1.504363636363636e+000 -5.466931874810549e-005
1.504545454545454e+000 -4.358426980227331e-007
1.504727272727273e+000 -2.613289630540125e-005
1.504909090909091e+000 -3.638681132073505e-005
1.505090909090909e+000 5.813367611011491e-006
1.505272727272727e+000 -5.961059731856377e-005
1.505454545454545e+000 1.395924829505424e-005
1.505636363636364e+000 -5.465849253119354e-005
1.505818181818182e+000 -4.256047215285468e-006
1.506000000000000e+000 -2.980406618905321e-005
1.506181818181818e+000 -3.359646378733353e-005
1.506363636363636e+000 -2.942472081272569e-006
1.506545454545454e+000 -5.720696403611633e-005
1.506727272727273e+000 1.263110557343457e-005
1.506909090909091e+000 -6.656754610220259e-005
1.507090909090909e+000 1.325177730110519e-005
1.507272727272727e+000 -6.216332597878966e-005
1.507454545454545e+000 2.425112764991527e-006
1.507636363636364e+000 -4.929506432048717e-005
1.507818181818182e+000 -1.385933887909455e-005
1.508000000000000e+000 -3.378618598125488e-005
1.508181818181818e+000 -3.051643667627859e-005
1.508363636363636e+000 -1.968410076364656e-005
1.508545454545454e+000 -4.462432579534795e-005
1.508727272727273e+000 -8.855577677728779e-006
1.508909090909091e+000 -5.521394984111141e-005
1.509090909090909e+000 -1.577521261486084e-006
1.509272727272727e+000 -6.249454572699212e-005
1.509454545454545e+000 2.650056320928392e-006
1.509636363636364e+000 -6.709593432906103e-005
1.509818181818182e+000 4.452065781716013e-006
1.510000000000000e+000 -6.954073223012716e-005
1.510181818181818e+000 4.172659559576447e-006
1.510363636363636e+000 -6.994840493959859e-005
1.510545454545454e+000 1.674256725704688e-006
1.510727272727273e+000 -6.791810844391262e-005
1.510909090909091e+000 -3.699498429914300e-006
1.511090909090909e+000 -6.257782947046730e-005
1.511272727272727e+000 -1.297200546750663e-005
1.511454545454545e+000 -5.286423262907243e-005
1.511636363636364e+000 -2.709454419087298e-005
1.511818181818182e+000 -3.815145308967929e-005
1.512000000000000e+000 -4.610844512140351e-005
1.512181818181818e+000 -1.929212597078723e-005
1.512363636363636e+000 -6.794988516022640e-005
1.512545454545454e+000 1.451946183171782e-007
1.512727272727273e+000 -8.736347385491587e-005
1.512909090909091e+000 1.322353354814896e-005
1.513090909090909e+000 -9.604828092507289e-005
1.513272727272727e+000 1.098872748553568e-005
1.513454545454545e+000 -8.558478645201641e-005
1.513636363636364e+000 -1.281751773901310e-005
1.513818181818182e+000 -5.381934260714438e-005
1.514000000000000e+000 -5.431334243921585e-005
1.514181818181818e+000 -1.212164027726051e-005
1.514363636363636e+000 -9.430137157363343e-005
1.514545454545454e+000 1.386840195220428e-005
1.514727272727273e+000 -1.042695752291995e-004
1.514909090909091e+000 -1.517214088876070e-006
1.515090909090909e+000 -6.855720420713398e-005
1.515272727272727e+000 -5.693713334870523e-005
1.515454545454545e+000 -1.003957824678300e-005
1.515636363636364e+000 -1.084933762351047e-004
1.515818181818182e+000 1.379541739786278e-005
1.516000000000000e+000 -9.957611441632000e-005
1.516181818181818e+000 -3.399479484477050e-005
1.516363636363636e+000 -3.038248364471426e-005
1.516545454545454e+000 -1.075145126415653e-004
1.516727272727273e+000 1.461389098790188e-005
1.516909090909091e+000 -1.088831498554156e-004
1.517090909090909e+000 -3.799909538988465e-005
1.517272727272727e+000 -2.609047960723626e-005
1.517454545454545e+000 -1.212817304099284e-004
1.517636363636364e+000 1.172560081822584e-005
1.517818181818182e+000 -9.647945063816686e-005
1.518000000000000e+000 -7.373680445766620e-005
1.518181818181818e+000 1.513586729320760e-006
1.518363636363636e+000 -1.349227787191145e-004
1.518545454545454e+000 -1.970364898653748e-005
1.518727272727273e+000 -4.439535749747974e-005
1.518909090909091e+000 -1.321602558029542e-004
1.519090909090909e+000 9.551668799924330e-006
1.519272727272727e+000 -9.198504628537208e-005
1.519454545454545e+000 -1.084996048140201e-004
1.519636363636364e+000 1.403788314220140e-005
1.519818181818182e+000 -1.255660224817884e-004
1.520000000000000e+000 -8.395881750579240e-005
1.520181818181818e+000 6.581328709671183e-006
1.520363636363636e+000 -1.451999397615759e-004
1.520545454545454e+000 -6.863807227170341e-005
1.520727272727273e+000 -1.108174780663461e-006
1.520909090909091e+000 -1.560592350866670e-004
1.521090909090909e+000 -6.585012795375846e-005
1.521272727272727e+000 -2.515681204602611e-006
1.521454545454545e+000 -1.612447736414014e-004
1.521636363636364e+000 -7.710031043631350e-005
1.521818181818182e+000 3.675152116058843e-006
1.522000000000000e+000 -1.586973858545536e-004
1.522181818181818e+000 -1.039426603641933e-004
1.522363636363636e+000 1.272896406543739e-005
1.522545454545454e+000 -1.409117866820978e-004
1.522727272727273e+000 -1.449634197729206e-004
1.522909090909091e+000 1.135240627501825e-005
1.523090909090909e+000 -9.921060743416542e-005
1.523272727272727e+000 -1.876980313021297e-004
1.523454545454545e+000 -2.154046561628412e-005
1.523636363636364e+000 -3.683670237240020e-005
1.523818181818182e+000 -2.013370861285558e-004
1.524000000000000e+000 -9.967512436934971e-005
1.524181818181818e+000 1.188086050702317e-005
1.524363636363636e+000 -1.492935628038525e-004
1.524545454545454e+000 -1.948256138733166e-004
1.524727272727273e+000 -1.583625481773892e-005
1.524909090909091e+000 -4.161926928327706e-005
1.525090909090909e+000 -2.189193142664402e-004
1.525272727272727e+000 -1.412393871442328e-004
1.525454545454545e+000 1.325766592084204e-005
1.525636363636364e+000 -1.078705955570409e-004
1.525818181818182e+000 -2.434175929332649e-004
1.526000000000000e+000 -1.003935817070659e-004
1.526181818181818e+000 1.241872961023641e-005
1.526363636363636e+000 -1.495664777397717e-004
1.526545454545454e+000 -2.559911623883212e-004
1.526727272727273e+000 -9.138303132925636e-005
1.526909090909091e+000 1.078831385693738e-005
1.527090909090909e+000 -1.580009447520340e-004
1.527272727272727e+000 -2.759417718393186e-004
1.527454545454545e+000 -1.202247952968913e-004
1.527636363636364e+000 1.449872158450854e-005
1.527818181818182e+000 -1.261813067495549e-004
1.528000000000000e+000 -2.943684294721428e-004
1.528181818181818e+000 -1.947125098667632e-004
1.528363636363636e+000 -3.105663165226300e-006
1.528545454545454e+000 -5.221299864399467e-005
1.528727272727273e+000 -2.666842403225923e-004
1.528909090909091e+000 -2.989541548225602e-004
1.529090909090909e+000 -9.955892315847349e-005
1.529272727272727e+000 1.331299279311163e-005
1.529454545454545e+000 -1.410208177044757e-004
1.529636363636364e+000 -3.355556735133431e-004
1.529818181818182e+000 -2.864492677716478e-004
1.530000000000000e+000 -6.765735814800040e-005
1.530181818181818e+000 6.653869849295113e-006
1.530363636363636e+000 -1.727175925397190e-004
1.530545454545454e+000 -3.693205836328470e-004
1.530727272727273e+000 -3.277566853967686e-004
1.530909090909091e+000 -1.049606297750469e-004
1.531090909090909e+000 1.430845047768634e-005
1.531272727272727e+000 -1.222925920777743e-004
1.531454545454545e+000 -3.573683898831473e-004
1.531636363636364e+000 -4.216719791983356e-004
1.531818181818182e+000 -2.461126499186466e-004
1.532000000000000e+000 -2.910564055931460e-005
1.532181818181818e+000 -9.489892741969723e-006
1.532363636363636e+000 -2.136063765747497e-004
1.532545454545454e+000 -4.391543500184633e-004
1.532727272727273e+000 -4.678834069560176e-004
1.532909090909091e+000 -2.767509925286674e-004
1.533090909090909e+000 -4.873530635834866e-005
1.533272727272727e+000 4.790960376570192e-006
1.533454545454545e+000 -1.683507835112928e-004
1.533636363636364e+000 -4.261769589190292e-004
1.533818181818182e+000 -5.616723327322278e-004
1.534000000000000e+000 -4.722076123698226e-004
1.534181818181818e+000 -2.319962255664740e-004
1.534363636363636e+000 -2.494005493218260e-005
1.534545454545454e+000 -4.594111826192455e-006
1.534727272727273e+000 -1.894921827341675e-004
1.534909090909091e+000 -4.605140919209360e-004
1.535090909090909e+000 -6.481780082715139e-004
1.535272727272727e+000 -6.419723848080669e-004
1.535454545454545e+000 -4.518300176756034e-004
1.535636363636364e+000 -1.926283635401265e-004
1.535818181818182e+000 -1.195581286584817e-005
1.536000000000000e+000 -9.039605370822696e-006
1.536181818181818e+000 -1.885822396580579e-004
1.536363636363636e+000 -4.671239104123612e-004
1.536545454545454e+000 -7.202645266883792e-004
1.536727272727273e+000 -8.420555490974727e-004
1.536909090909091e+000 -7.881928531934165e-004
1.537090909090909e+000 -5.876073172697868e-004
1.537272727272727e+000 -3.234910356225798e-004
1.537454545454545e+000 -9.675584716014522e-005
1.537636363636364e+000 1.124463897253824e-005
1.537818181818182e+000 -3.657926587025375e-005
1.538000000000000e+000 -2.267570672494789e-004
1.538181818181818e+000 -5.056440633354897e-004
1.538363636363636e+000 -7.998037376303710e-004
1.538545454545454e+000 -1.038268575543476e-003
1.538727272727273e+000 -1.170059417498480e-003
1.538909090909091e+000 -1.173390164183688e-003
1.539090909090909e+000 -1.056164114034355e-003
1.539272727272727e+000 -8.497109786457194e-004
1.539454545454545e+000 -5.988386610981859e-004
1.539636363636364e+000 -3.512824777524390e-004
1.539818181818182e+000 -1.488972279027305e-004
1.540000000000000e+000 -2.188802501889599e-005
1.540181818181818e+000 1.362951694720286e-005
1.540363636363636e+000 -4.480606532137092e-005
1.540545454545454e+000 -1.884497645055135e-004
1.540727272727273e+000 -4.008451518832233e-004
1.540909090909091e+000 -6.615190297156041e-004
1.541090909090909e+000 -9.492623026565347e-004
1.541272727272727e+000 -1.244647157260116e-003
1.541454545454545e+000 -1.531662945033715e-003
1.541636363636364e+000 -1.798523575194210e-003
1.541818181818182e+000 -2.037800945960870e-003
1.542000000000000e+000 -2.246080596258747e-003
1.542181818181818e+000 -2.423333365006969e-003
1.542363636363636e+000 -2.572167639452190e-003
1.542545454545454e+000 -2.697085551814922e-003
1.542727272727273e+000 -2.803823982927798e-003
1.542909090909091e+000 -2.898823993275889e-003
1.543090909090909e+000 -2.988843345044048e-003
1.543272727272727e+000 -3.080706607853966e-003
1.543454545454545e+000 -3.181174922273883e-003
1.543636363636364e+000 -3.296911078192756e-003
1.543818181818182e+000 -3.434513216770051e-003
1.544000000000000e+000 -3.600590465833623e-003
1.544181818181818e+000 -3.801854800508858e-003
1.544363636363636e+000 -4.045204486581887e-003
1.544545454545454e+000 -4.337775156183426e-003
1.544727272727273e+000 -4.686934912893328e-003
1.544909090909091e+000 -5.100200385853923e-003
1.545090909090909e+000 -5.585052316754919e-003
1.545272727272727e+000 -6.148633658809972e-003
1.545454545454545e+000 -6.797322313942371e-003
1.545636363636364e+000 -7.536187182286436e-003
1.545818181818182e+000 -8.368363068372268e-003
1.546000000000000e+000 -9.294420396277325e-003
1.546181818181818e+000 -1.031186264550085e-002
1.546363636363636e+000 -1.141496090116193e-002
1.546545454545454e+000 -1.259523426068452e-002
1.546727272727273e+000 -1.384301342067453e-002
1.546909090909091e+000 -1.515069897121879e-002
1.547090909090909e+000 -1.651858907096153e-002
1.547272727272727e+000 -1.796461288048567e-002
1.547454545454545e+000 -1.954023206902294e-002
1.547636363636364e+000 -2.135679276462575e-002
1.547818181818182e+000 -2.363120675891873e-002
1.548000000000000e+000 -2.677048034633602e-002
1.548181818181818e+000 -3.153912325034159e-002
1.548363636363636e+000 -3.940696957482497e-002
1.548545454545454e+000 -5.326584245577209e-002
1.548727272727273e+000 -7.865160476433235e-002
1.548909090909091e+000 -1.236326409882370e-001
1.549090909090909e+000 -1.800906461300034e-001
1.549272727272727e+000 -1.182406384041714e-001
1.549454545454545e+000 -2.278701043146980e-001
1.549636363636364e+000 -7.355813366963355e-001
1.549818181818182e+000 -7.463320413161515e+001
1.550000000000000e+000 -1.000000000000000e+002
1.550181818181818e+000 -7.444641101792777e+001
1.550363636363636e+000 -7.636226412891569e-001
1.550545454545454e+000 -2.615424793877341e-001
1.550727272727273e+000 -8.475942091926568e-002
1.550909090909091e+000 -1.612328633855053e-001
1.551090909090909e+000 -1.279074920643243e-001
1.551272727272727e+000 -9.405828739821132e-002
1.551454545454545e+000 -7.184829199084687e-002
1.551636363636364e+000 -5.654749641698315e-002
1.551818181818182e+000 -4.407180531923507e-002
1.552000000000000e+000 -3.240729412819668e-002
1.552181818181818e+000 -2.119460717574279e-002
1.552363636363636e+000 -1.123076764813863e-002
1.552545454545455e+000 -3.867388328014455e-003
1.552727272727273e+000 -2.697195899884357e-004
1.552909090909091e+000 -7.034010730172847e-004
1.553090909090909e+000 -4.151743855954556e-003
1.553272727272727e+000 -8.521110252505983e-003
1.553454545454545e+000 -1.144552500868973e-002
1.553636363636364e+000 -1.136553213405410e-002
1.553818181818182e+000 -8.326623342017806e-003
1.554000000000000e+000 -3.988537447682990e-003
1.554181818181818e+000 -7.081213504690468e-004
1.554363636363636e+000 -1.258102122146688e-004
1.554545454545455e+000 -2.117731256323062e-003
1.554727272727273e+000 -4.879948978946571e-003
1.554909090909091e+000 -6.195786239454836e-003
1.555090909090909e+000 -5.046480713418363e-003
1.555272727272727e+000 -2.363103735161237e-003
1.555454545454545e+000 -2.645464758592823e-004
1.555636363636364e+000 -2.977330713789156e-004
1.555818181818182e+000 -2.120021218821312e-003
1.556000000000000e+000 -3.829723849851157e-003
1.556181818181818e+000 -3.732950055836144e-003
1.556363636363636e+000 -1.941744980780008e-003
1.556545454545455e+000 -2.357281627703749e-004
1.556727272727273e+000 -2.398332930375553e-004
1.556909090909091e+000 -1.731291683393656e-003
1.557090909090909e+000 -2.905402574318187e-003
1.557272727272727e+000 -2.391702949648839e-003
1.557454545454545e+000 -8.013642387695534e-004
1.557636363636364e+000 1.386542419467736e-005
1.557818181818182e+000 -8.017326509789297e-004
1.558000000000000e+000 -2.067499902963262e-003
1.558181818181818e+000 -2.084051291239601e-003
1.558363636363636e+000 -8.361233870406541e-004
1.558545454545455e+000 1.004775856568289e-005
1.558727272727273e+000 -6.119277162417268e-004
1.558909090909091e+000 -1.695099334235798e-003
1.559090909090909e+000 -1.615800921120852e-003
1.559272727272727e+000 -4.971708046113285e-004
1.559454545454545e+000 -4.188917406177129e-006
1.559636363636364e+000 -8.018901096470901e-004
1.559818181818182e+000 -1.538434396997914e-003
1.560000000000000e+000 -1.004947416295585e-003
1.560181818181818e+000 -7.997993040197052e-005
1.560363636363636e+000 -2.607029427102726e-004
1.560545454545455e+000 -1.147622528389683e-003
1.560727272727273e+000 -1.150073319642965e-003
1.560909090909091e+000 -2.661043947791339e-004
1.561090909090909e+000 -6.576231194279921e-005
1.561272727272727e+000 -8.415732146320580e-004
1.561454545454545e+000 -1.087993002892679e-003
1.561636363636364e+000 -3.338935644858920e-004
1.561818181818182e+000 -2.302647564054732e-005
1.562000000000000e+000 -7.032053773256273e-004
1.562181818181818e+000 -9.632869690559602e-004
1.562363636363636e+000 -2.719261690804308e-004
1.562545454545455e+000 -4.139232541570590e-005
1.562727272727273e+000 -6.970084904302678e-004
1.562909090909091e+000 -8.024601800020147e-004
1.563090909090909e+000 -1.298748798762398e-004
1.563272727272727e+000 -1.327599836544054e-004
1.563454545454545e+000 -7.502768661885134e-004
1.563636363636364e+000 -5.637793854640963e-004
1.563818181818182e+000 -6.189823471540310e-007
1.564000000000000e+000 -3.342531517798067e-004
1.564181818181818e+000 -7.344704492666122e-004
1.564363636363636e+000 -2.399178128282764e-004
1.564545454545455e+000 -3.603718516714265e-005
1.564727272727273e+000 -5.783575387720983e-004
1.564909090909091e+000 -4.980027710292441e-004
1.565090909090909e+000 3.071690819891585e-006
1.565272727272727e+000 -3.191626729440650e-004
1.565454545454545e+000 -6.001908660311224e-004
1.565636363636364e+000 -1.060852418733941e-004
1.565818181818182e+000 -1.228573097412004e-004
1.566000000000000e+000 -5.680456358808897e-004
1.566181818181818e+000 -2.328537610042142e-004
1.566363636363636e+000 -2.415522801172710e-005
1.566545454545455e+000 -4.820604236325709e-004
1.566727272727273e+000 -3.166510173849974e-004
1.566909090909091e+000 8.749072446515877e-006
1.567090909090909e+000 -4.004426124327366e-004
1.567272727272727e+000 -3.509469509056978e-004
1.567454545454545e+000 1.410057843668007e-005
1.567636363636364e+000 -3.474398456487081e-004
1.567818181818182e+000 -3.476721394427821e-004
1.568000000000000e+000 1.406955731556219e-005
1.568181818181818e+000 -3.268129344277804e-004
1.568363636363636e+000 -3.167053166204571e-004
1.568545454545455e+000 1.355018928532691e-005
1.568727272727273e+000 -3.330345100542235e-004
1.568909090909091e+000 -2.608822165004598e-004
1.569090909090909e+000 4.216136280240322e-006
1.569272727272727e+000 -3.536923074089916e-004
1.569454545454545e+000 -1.806151665846291e-004
1.569636363636364e+000 -3.046401692041961e-005
1.569818181818182e+000 -3.662860585032840e-004
1.570000000000000e+000 -8.500545499369600e-005
1.570181818181818e+000 -1.051163639370162e-004
1.570363636363636e+000 -3.380300533312332e-004
1.570545454545455e+000 -4.891890981228519e-006
1.570727272727273e+000 -2.122893950905336e-004
1.570909090909091e+000 -2.418781751829433e-004
1.571090909090909e+000 7.252645704872953e-006
1.571272727272727e+000 -3.005333664810001e-004
1.571454545454545e+000 -9.524034344849232e-005
1.571636363636364e+000 -8.500464683433436e-005
1.571818181818182e+000 -2.867859972528156e-004
1.572000000000000e+000 9.319808143410405e-006
1.572181818181818e+000 -2.301226245405668e-004
1.572363636363636e+000 -1.427318772133657e-004
1.572545454545455e+000 -3.906451159287976e-005
1.572727272727273e+000 -2.742210623715070e-004
1.572909090909091e+000 3.000881672872449e-006
1.573090909090909e+000 -2.031163422328872e-004
1.573272727272727e+000 -1.297028018132605e-004
1.573454545454545e+000 -4.422399644880622e-005
1.573636363636364e+000 -2.457762681199246e-004
1.573818181818182e+000 1.245729567553990e-005
1.574000000000000e+000 -2.179041764067236e-004
1.574181818181818e+000 -6.941070100971485e-005
1.574363636363636e+000 -9.497627977912513e-005
1.574545454545455e+000 -1.850732205137818e-004
1.574727272727273e+000 8.565821108780204e-007
1.574909090909091e+000 -2.291816855469456e-004
1.575090909090909e+000 3.039973644135034e-006
1.575272727272727e+000 -1.812512517149781e-004
1.575454545454545e+000 -6.795180037684569e-005
1.575636363636364e+000 -8.978496275559913e-005
1.575818181818182e+000 -1.510692772002837e-004
1.576000000000000e+000 -1.431223065726686e-005
1.576181818181818e+000 -1.983081090010197e-004
1.576363636363636e+000 1.395639762493369e-005
1.576545454545455e+000 -1.961097488894251e-004
1.576727272727273e+000 -3.164059186824956e-006
1.576909090909091e+000 -1.575437356344030e-004
1.577090909090909e+000 -4.595219511275311e-005
1.577272727272727e+000 -1.047092388516789e-004
1.577454545454545e+000 -9.322457702628742e-005
1.577636363636364e+000 -5.564333587515849e-005
1.577818181818182e+000 -1.312009537143206e-004
1.578000000000000e+000 -1.957972607897840e-005
1.578181818181818e+000 -1.548269122020280e-004
1.578363636363636e+000 1.920759892082319e-006
1.578545454545455e+000 -1.651596101513006e-004
1.578727272727273e+000 1.170009274181468e-005
1.578909090909091e+000 -1.660537700848689e-004
1.579090909090909e+000 1.403875989336368e-005
1.579272727272727e+000 -1.617502461749083e-004
1.579454545454545e+000 1.285620696599603e-005
1.579636363636364e+000 -1.556522426053520e-004
1.579818181818182e+000 1.097238442028893e-005
1.580000000000000e+000 -1.499605135202861e-004
1.580181818181818e+000 1.000481396695968e-005
1.580363636363636e+000 -1.457336477400991e-004
1.580545454545455e+000 1.051281621691163e-005
1.580727272727273e+000 -1.430578432513804e-004
1.580909090909091e+000 1.215481556976268e-005
1.581090909090909e+000 -1.411717598550369e-004
1.581272727272727e+000 1.377700473424329e-005
1.581454545454545e+000 -1.385293582664838e-004
1.581636363636364e+000 1.347369869835911e-005
1.581818181818182e+000 -1.328926506175429e-004
1.582000000000000e+000 8.757669798140187e-006
1.582181818181818e+000 -1.216323390312652e-004
1.582363636363636e+000 -2.952706195715224e-006
1.582545454545455e+000 -1.024534462409314e-004
1.582727272727273e+000 -2.333183262623080e-005
1.582909090909091e+000 -7.468042789081540e-005
1.583090909090909e+000 -5.161819186968135e-005
1.583272727272727e+000 -4.092187336981903e-005
1.583454545454545e+000 -8.300599146966637e-005
1.583636363636364e+000 -8.336737592141210e-006
1.583818181818182e+000 -1.080943389285114e-004
1.584000000000000e+000 1.195664052459191e-005
1.584181818181818e+000 -1.150362140021780e-004
1.584363636363636e+000 8.888911386853394e-006
1.584545454545455e+000 -9.545832503704179e-005
1.584727272727273e+000 -2.107188726823629e-005
1.584909090909091e+000 -5.264916538380870e-005
1.585090909090909e+000 -6.647194110819363e-005
1.585272727272727e+000 -6.339404326172005e-006
1.585454545454545e+000 -1.008961934810559e-004
1.585636363636364e+000 1.396831333561011e-005
1.585818181818182e+000 -9.716147595124416e-005
1.586000000000000e+000 -1.010912987524407e-005
1.586181818181818e+000 -5.183462691845654e-005
1.586363636363636e+000 -6.306481229602998e-005
1.586545454545455e+000 7.260319827289034e-007
1.586727272727273e+000 -9.712334912081316e-005
1.586909090909091e+000 1.011578981272288e-005
1.587090909090909e+000 -7.347477039908395e-005
1.587272727272727e+000 -3.701438679459537e-005
1.587454545454546e+000 -1.273055926985479e-005
1.587636363636364e+000 -8.755442127489523e-005
1.587818181818182e+000 1.309809446794065e-005
1.588000000000000e+000 -7.412559763463729e-005
1.588181818181818e+000 -3.234155659292508e-005
1.588363636363636e+000 -1.014422065468456e-005
1.588545454545455e+000 -8.484417083292260e-005
1.588727272727273e+000 1.070270117271650e-005
1.588909090909091e+000 -5.980230126401677e-005
1.589090909090909e+000 -4.640781811004930e-005
1.589272727272727e+000 5.189614453448983e-006
1.589454545454546e+000 -8.249425206975030e-005
1.589636363636364e+000 -4.812882155949813e-006
1.589818181818182e+000 -2.755712478020517e-005
1.590000000000000e+000 -7.095730261973176e-005
1.590181818181818e+000 1.326526924071784e-005
1.590363636363636e+000 -5.745513152756826e-005
1.590545454545455e+000 -4.428197049456487e-005
1.590727272727273e+000 9.586072696666943e-006
1.590909090909091e+000 -7.210147174236103e-005
1.591090909090909e+000 -1.969977680990873e-005
1.591272727272727e+000 -3.456621319187304e-006
1.591454545454546e+000 -7.390019765465208e-005
1.591636363636364e+000 -3.681159793596178e-006
1.591818181818182e+000 -1.607217746419814e-005
1.592000000000000e+000 -6.974709735201520e-005
1.592181818181818e+000 4.517615965174157e-006
1.592363636363636e+000 -2.391546374136702e-005
1.592545454545455e+000 -6.506759999656872e-005
1.592727272727273e+000 7.635297178131464e-006
1.592909090909091e+000 -2.606591623008889e-005
1.593090909090909e+000 -6.249834439580217e-005
1.593272727272727e+000 7.504182970795639e-006
1.593454545454546e+000 -2.277425539132711e-005
1.593636363636364e+000 -6.234027178450783e-005
1.593818181818182e+000 4.199309220056777e-006
1.594000000000000e+000 -1.456090577551289e-005
1.594181818181818e+000 -6.293827175880838e-005
1.594363636363636e+000 -3.656768133839168e-006
1.594545454545455e+000 -2.744129459971845e-006
1.594727272727273e+000 -6.070785235432343e-005
1.594909090909091e+000 -1.755622855173349e-005
1.595090909090909e+000 9.055792485904172e-006
1.595272727272727e+000 -5.078365509595564e-005
1.595454545454546e+000 -3.637261450399846e-005
1.595636363636364e+000 1.379495309494902e-005
1.595818181818182e+000 -3.003848192199543e-005
1.596000000000000e+000 -5.296103316781050e-005
1.596181818181818e+000 3.249617965328794e-006
1.596363636363636e+000 -3.077202921445931e-006
1.596545454545455e+000 -5.417842088809797e-005
1.596727272727273e+000 -2.347372420253830e-005
1.596909090909091e+000 1.360078176925066e-005
1.597090909090909e+000 -3.093395624878560e-005
1.597272727272727e+000 -4.949539004462910e-005
1.597454545454546e+000 1.093316105482459e-006
1.597636363636364e+000 3.378510406531651e-006
1.597818181818182e+000 -4.602526466284280e-005
1.598000000000000e+000 -3.451217939201291e-005
1.598181818181818e+000 1.141322506087667e-005
1.598363636363636e+000 -8.863581553205033e-006
1.598545454545455e+000 -4.938386517481190e-005
1.598727272727273e+000 -2.301458330797037e-005
1.598909090909091e+000 1.366101005716477e-005
1.599090909090909e+000 -1.492340374943397e-005
1.599272727272727e+000 -4.824618498867812e-005
1.599454545454546e+000 -1.882429301788577e-005
1.599636363636364e+000 1.378210589752975e-005
1.599818181818182e+000 -1.362811758405183e-005
1.600000000000000e+000 -4.623652028688425e-005
1.600181818181818e+000 -2.182802610767627e-005
1.600363636363636e+000 1.284014103152755e-005
1.600545454545455e+000 -5.675013989816279e-006
1.600727272727273e+000 -4.195228133407355e-005
1.600909090909091e+000 -3.069740907851873e-005
1.601090909090909e+000 7.296123558644749e-006
1.601272727272727e+000 6.306411683864919e-006
1.601454545454546e+000 -3.038234422802411e-005
1.601636363636364e+000 -4.039535437437620e-005
1.601818181818182e+000 -7.975990849385695e-006
1.602000000000000e+000 1.382916521470735e-005
1.602181818181818e+000 -8.615994317394415e-006
1.602363636363636e+000 -3.880458772520950e-005
1.602545454545455e+000 -3.038988779268128e-005
1.602727272727273e+000 3.012612597483747e-006
1.602909090909091e+000 1.199194079329730e-005
1.603090909090909e+000 -1.516302951701312e-005
1.603272727272727e+000 -3.871489413756105e-005
1.603454545454546e+000 -2.611207959804271e-005
1.603636363636364e+000 4.511107040231397e-006
1.603818181818182e+000 1.220266202983465e-005
1.604000000000000e+000 -1.188531954766129e-005
1.604181818181818e+000 -3.573777942997388e-005
1.604363636363636e+000 -2.954116113696737e-005
1.604545454545455e+000 -1.823648051086686e-006
1.604727272727273e+000 1.380577712045085e-005
1.604909090909091e+000 -1.195415590160540e-007
1.605090909090909e+000 -2.636297516815152e-005
1.605272727272727e+000 -3.509949174085126e-005
1.605454545454546e+000 -1.743462953278452e-005
1.605636363636364e+000 6.958226105451412e-006
1.605818181818182e+000 1.274843623312045e-005
1.606000000000000e+000 -4.911667656886676e-006
1.606181818181818e+000 -2.745012420973936e-005
1.606363636363636e+000 -3.289911430848377e-005
1.606545454545455e+000 -1.682265121878792e-005
1.606727272727273e+000 5.281136845212906e-006
1.606909090909091e+000 1.368447717376613e-005
1.607090909090909e+000 1.937727369039414e-006
1.607272727272727e+000 -1.900012462071748e-005
1.607454545454546e+000 -3.149081543045815e-005
1.607636363636364e+000 -2.595737835584504e-005
1.607818181818182e+000 -7.471486717749988e-006
1.608000000000000e+000 9.596046502439382e-006
1.608181818181818e+000 1.305878977331802e-005
1.608363636363636e+000 1.312769482138615e-006
1.608545454545455e+000 -1.672338488501382e-005
1.608727272727273e+000 -2.872060947370305e-005
1.608909090909091e+000 -2.727709782056399e-005
1.609090909090909e+000 -1.397102538374011e-005
1.609272727272727e+000 2.645232442546454e-006
1.609454545454546e+000 1.287096547970847e-005
1.609636363636364e+000 1.147077475258468e-005
1.609818181818182e+000 -2.304383728492881e-008
1.610000000000000e+000 -1.496601044091833e-005
1.610181818181818e+000 -2.562509186867008e-005
1.610363636363636e+000 -2.710073172625339e-005
1.610545454545455e+000 -1.925829649662084e-005
1.610727272727273e+000 -6.146082732326059e-006
1.610909090909091e+000 6.344020372320358e-006
1.611090909090909e+000 1.320249859536193e-005
1.611272727272727e+000 1.219104302257749e-005
1.611454545454546e+000 4.302833963513729e-006
1.611636363636364e+000 -7.085017282294334e-006
1.611818181818182e+000 -1.777007257383394e-005
1.612000000000000e+000 -2.427848243833723e-005
1.612181818181818e+000 -2.487764715695561e-005
1.612363636363636e+000 -1.983300141296793e-005
1.612545454545455e+000 -1.100026433678697e-005
1.612727272727273e+000 -1.033104247881473e-006
1.612909090909091e+000 7.469545624176722e-006
1.613090909090909e+000 1.262145446370167e-005
1.613272727272727e+000 1.358222510609306e-005
1.613454545454546e+000 1.056043647886495e-005
1.613636363636364e+000 4.570023622105831e-006
1.613818181818182e+000 -2.938075466365422e-006
1.614000000000000e+000 -1.045187964671176e-005
1.614181818181818e+000 -1.669740645113562e-005
1.614363636363636e+000 -2.081880332482891e-005
1.614545454545455e+000 -2.243608513053953e-005
1.614727272727273e+000 -2.160366112779742e-005
1.614909090909091e+000 -1.870563347379117e-005
1.615090909090909e+000 -1.432482532274037e-005
1.615272727272727e+000 -9.115674543954744e-006
1.615454545454546e+000 -3.700752571158032e-006
1.615636363636364e+000 1.399850506771588e-006
1.615818181818182e+000 5.805570905618356e-006
1.616000000000000e+000 9.283798498110430e-006
1.616181818181818e+000 1.173744235819031e-005
1.616363636363636e+000 1.317990845314380e-005
1.616545454545455e+000 1.370477252788758e-005
1.616727272727273e+000 1.345567202257046e-005
1.616909090909091e+000 1.259999761981320e-005
1.617090909090909e+000 1.130821726737812e-005
1.617272727272727e+000 9.739308183061513e-006
1.617454545454546e+000 8.031854974187434e-006
1.617636363636364e+000 6.299858207810110e-006
1.617818181818182e+000 4.632097968213891e-006
1.618000000000000e+000 3.093917061368253e-006
1.618181818181818e+000 1.730434862552715e-006
1.618363636363636e+000 5.704086349671801e-007
1.618545454545455e+000 -3.698304531577386e-007
1.618727272727273e+000 -1.082747985494777e-006
1.618909090909091e+000 -1.566514545303999e-006
1.619090909090909e+000 -1.822569680354762e-006
1.619272727272727e+000 -1.853888003896146e-006
1.619454545454545e+000 -1.663949459229301e-006
1.619636363636364e+000 -1.256396920838521e-006
1.619818181818182e+000 -6.353563777290646e-007
1.620000000000000e+000 1.936072082163728e-007
1.620181818181818e+000 1.221932784173669e-006
1.620363636363636e+000 2.435956039795003e-006
1.620545454545455e+000 3.814341417922848e-006
1.620727272727273e+000 5.325201867102096e-006
1.620909090909091e+000 6.923145232053549e-006
1.621090909090909e+000 8.546598015434018e-006
1.621272727272727e+000 1.011589557605575e-005
1.621454545454546e+000 1.153276455123440e-005
1.621636363636364e+000 1.268194047324545e-005
1.621818181818182e+000 1.343571941424304e-005
1.622000000000000e+000 1.366217878655495e-005
1.622181818181818e+000 1.323756921162649e-005
1.622363636363636e+000 1.206290559775005e-005
1.622545454545455e+000 1.008403903442428e-005
1.622727272727273e+000 7.313471110381991e-006
1.622909090909091e+000 3.850946969843578e-006
1.623090909090909e+000 -1.013824507519805e-007
1.623272727272727e+000 -4.234421171916157e-006
1.623454545454545e+000 -8.143707730371725e-006
1.623636363636364e+000 -1.136175845505638e-005
1.623818181818182e+000 -1.341337774765806e-005
1.624000000000000e+000 -1.389186193791160e-005
1.624181818181818e+000 -1.254808984844488e-005
1.624363636363636e+000 -9.377699412717307e-006
1.624545454545455e+000 -4.685449105270574e-006
1.624727272727273e+000 8.973023709261497e-007
1.624909090909091e+000 6.463729222139930e-006
1.625090909090909e+000 1.096304123996088e-005
1.625272727272727e+000 1.340585257321878e-005
1.625454545454545e+000 1.311236997959124e-005
1.625636363636364e+000 9.946977460672462e-006
1.625818181818182e+000 4.465311399896207e-006
1.626000000000000e+000 -2.099383702332795e-006
1.626181818181818e+000 -8.056580694092101e-006
1.626363636363636e+000 -1.167590335115308e-005
1.626545454545455e+000 -1.171765054967547e-005
1.626727272727273e+000 -7.921293695177928e-006
1.626909090909091e+000 -1.260766471631493e-006
1.627090909090909e+000 6.194780291209086e-006
1.627272727272727e+000 1.186579011765223e-005
1.627454545454545e+000 1.357053931341512e-005
1.627636363636364e+000 1.045534718120077e-005
1.627818181818182e+000 3.545070137520365e-006
1.628000000000000e+000 -4.427648455651544e-006
1.628181818181818e+000 -1.000510657025858e-005
1.628363636363636e+000 -1.051052198073801e-005
1.628545454545455e+000 -5.440652170743557e-006
1.628727272727273e+000 3.000993541531561e-006
1.628909090909091e+000 1.070029813920114e-005
1.629090909090909e+000 1.359741166553129e-005
1.629272727272727e+000 9.939878114511652e-006
1.629454545454545e+000 1.556461023843143e-006
1.629636363636364e+000 -6.812866217612361e-006
1.629818181818182e+000 -1.008393224661949e-005
1.630000000000000e+000 -5.993498839405078e-006
1.630181818181818e+000 3.128396032926386e-006
1.630363636363636e+000 1.143919424443694e-005
1.630545454545455e+000 1.325781804207118e-005
1.630727272727273e+000 7.119397797315405e-006
1.630909090909091e+000 -2.740931909116217e-006
1.631090909090909e+000 -9.031879574854561e-006
1.631272727272727e+000 -6.765231985904271e-006
1.631454545454545e+000 2.564045305701650e-006
1.631636363636364e+000 1.161978945745943e-005
1.631818181818182e+000 1.287250537785300e-005
1.632000000000000e+000 5.072330260052793e-006
1.632181818181818e+000 -5.118402257348579e-006
1.632363636363636e+000 -8.517591984650494e-006
1.632545454545455e+000 -1.758879892943155e-006
1.632727272727273e+000 9.041730685335156e-006
1.632909090909091e+000 1.352411897314689e-005
1.633090909090909e+000 7.120042994014093e-006
1.633272727272727e+000 -3.842499046810085e-006
1.633454545454546e+000 -7.974431671247369e-006
1.633636363636364e+000 -6.650865415609164e-007
1.633818181818182e+000 1.039480723390561e-005
1.634000000000000e+000 1.298333306479735e-005
1.634181818181818e+000 4.027779440583201e-006
1.634363636363636e+000 -6.203188928795824e-006
1.634545454545455e+000 -5.497714960735733e-006
1.634727272727273e+000 5.541300407025376e-006
1.634909090909091e+000 1.345359414922090e-005
1.635090909090909e+000 8.220841886779553e-006
1.635272727272727e+000 -3.563473807875920e-006
1.635454545454545e+000 -6.427508775625995e-006
1.635636363636364e+000 3.673219182111399e-006
1.635818181818182e+000 1.317183198342483e-005
1.636000000000000e+000 8.872511004804829e-006
1.636181818181818e+000 -3.257270265809530e-006
1.636363636363636e+000 -5.721128756313134e-006
1.636545454545455e+000 5.300346215301769e-006
1.636727272727273e+000 1.352469317725573e-005
1.636909090909091e+000 6.435165241792889e-006
1.637090909090909e+000 -5.091775967736445e-006
1.637272727272727e+000 -2.855009819671017e-006
1.637454545454546e+000 9.776059487169706e-006
1.637636363636364e+000 1.237629454845946e-005
1.637818181818182e+000 5.954061712105417e-007
1.638000000000000e+000 -5.800887673271253e-006
1.638181818181818e+000 4.251237451433980e-006
1.638363636363636e+000 1.350096803549288e-005
1.638545454545455e+000 5.685230115660092e-006
1.638727272727273e+000 -5.269412204522403e-006
1.638909090909091e+000 6.013336039611793e-007
1.639090909090909e+000 1.266302230302820e-005
1.639272727272727e+000 8.448523462688974e-006
1.639454545454545e+000 -4.080700813329198e-006
1.639636363636364e+000 -7.760562760676691e-007
1.639818181818182e+000 1.207872582610300e-005
1.640000000000000e+000 9.160824770834757e-006
1.640181818181818e+000 -3.688053641979707e-006
1.640363636363636e+000 -3.155104603129456e-007
1.640545454545455e+000 1.248064830437447e-005
1.640727272727273e+000 8.106559388352317e-006
1.640909090909091e+000 -4.185643811177764e-006
1.641090909090909e+000 1.965997575521689e-006
1.641272727272727e+000 1.336527522376748e-005
1.641454545454546e+000 5.091011639252406e-006
1.641636363636364e+000 -4.456964023263126e-006
1.641818181818182e+000 6.254200552468964e-006
1.642000000000000e+000 1.298603751984171e-005
1.642181818181818e+000 3.236175276807744e-007
1.642363636363636e+000 -2.218283122520131e-006
1.642545454545455e+000 1.143067495250936e-005
1.642727272727273e+000 8.885858086439049e-006
1.642909090909091e+000 -3.657783815491622e-006
1.643090909090909e+000 4.378583753420507e-006
1.643272727272727e+000 1.332047286932537e-005
1.643454545454545e+000 1.042952356995228e-006
1.643636363636364e+000 -1.548888705233200e-006
1.643818181818182e+000 1.218305443861399e-005
1.644000000000000e+000 7.138693771166788e-006
1.644181818181818e+000 -3.521646246367177e-006
1.644363636363636e+000 8.128655039188690e-006
1.644545454545455e+000 1.140507963188918e-005
1.644727272727273e+000 -2.303690970831023e-006
1.644909090909091e+000 3.959341079067156e-006
1.645090909090909e+000 1.323011037258906e-005
1.645272727272727e+000 2.237284660295926e-007
1.645454545454545e+000 1.009594953788169e-006
1.645636363636364e+000 1.342126297130923e-005
1.645818181818182e+000 2.634983753898434e-006
1.646000000000000e+000 -5.985410214954022e-007
1.646181818181818e+000 1.299735112819893e-005
1.646363636363636e+000 4.262226555813387e-006
1.646545454545455e+000 -1.224850065092908e-006
1.646727272727273e+000 1.265498294052510e-005
1.646909090909091e+000 4.921847361556156e-006
1.647090909090909e+000 -1.200729194162161e-006
1.647272727272727e+000 1.269514601117235e-005
1.647454545454545e+000 4.612443685807236e-006
1.647636363636364e+000 -6.156809041000767e-007
1.647818181818182e+000 1.307746540164753e-005
1.648000000000000e+000 3.389299450041966e-006
1.648181818181818e+000 7.042558703720369e-007
1.648363636363636e+000 1.343506441515992e-005
1.648545454545455e+000 1.443403749480278e-006
1.648727272727273e+000 3.067764309768769e-006
1.648909090909091e+000 1.306752367248376e-005
1.649090909090909e+000 -6.600683696675638e-007
1.649272727272727e+000 6.584176325790582e-006
1.649454545454545e+000 1.109364006159373e-005
1.649636363636364e+000 -1.755923647536770e-006
1.649818181818182e+000 1.060737693738034e-005
1.650000000000000e+000 7.036391182635028e-006
