1.500000000000000e+000 -7.986709489303308e+001
1.500090909090909e+000 -8.109624210197957e+001
1.500181818181818e+000 -7.125486727682866e+001
1.500272727272727e+000 -6.691164098771930e+001
1.500363636363636e+000 -6.418809253494443e+001
1.500454545454546e+000 -6.227731621319394e+001
1.500545454545455e+000 -6.087025521458723e+001
1.500636363636364e+000 -5.981532810417530e+001
1.500727272727273e+000 -5.902708412657731e+001
1.500818181818182e+000 -5.845295470982190e+001
1.500909090909091e+000 -5.805875759037436e+001
1.501000000000000e+000 -5.782157893276935e+001
1.501090909090909e+000 -5.772598995932790e+001
1.501181818181818e+000 -5.776194720040135e+001
1.501272727272727e+000 -5.792363509897033e+001
1.501363636363637e+000 -5.820890465616728e+001
1.501454545454545e+000 -5.861915803200795e+001
1.501545454545455e+000 -5.915965140395232e+001
1.501636363636364e+000 -5.984029743442915e+001
1.501727272727273e+000 -6.067719647561791e+001
1.501818181818182e+000 -6.169539575493600e+001
1.501909090909091e+000 -6.293395511708715e+001
1.502000000000000e+000 -6.445582231761190e+001
1.502090909090909e+000 -6.636903075232995e+001
1.502181818181818e+000 -6.887923627316228e+001
1.502272727272727e+000 -7.245314210923949e+001
1.502363636363636e+000 -7.859710659319053e+001
1.502454545454546e+000 -1.000000000000000e+002
1.502545454545455e+000 -7.853142442239054e+001
1.502636363636364e+000 -7.270496157644426e+001
1.502727272727273e+000 -6.935569372992849e+001
1.502818181818182e+000 -6.703814391075223e+001
1.502909090909091e+000 -6.529481714223925e+001
1.503000000000000e+000 -6.392050981225236e+001
1.503090909090909e+000 -6.280496988792226e+001
1.503181818181818e+000 -6.188183047268903e+001
1.503272727272727e+000 -6.110784661444685e+001
1.503363636363637e+000 -6.045312825175080e+001
1.503454545454545e+000 -5.989604391567024e+001
1.503545454545455e+000 -5.942034756751441e+001
1.503636363636364e+000 -5.901345671347463e+001
1.503727272727273e+000 -5.866536921951497e+001
1.503818181818182e+000 -5.836795389834574e+001
1.503909090909091e+000 -5.811447015326912e+001
1.504000000000000e+000 -5.789923350410609e+001
1.504090909090909e+000 -5.771737694774232e+001
1.504181818181818e+000 -5.756467745483858e+001
1.504272727272727e+000 -5.743742753372433e+001
1.504363636363636e+000 -5.733233899971469e+001
1.504454545454546e+000 -5.724647003962534e+001
1.504545454545455e+000 -5.717716957549099e+001
1.504636363636364e+000 -5.712203476231517e+001
1.504727272727273e+000 -5.707887829236138e+001
1.504818181818182e+000 -5.704570363969141e+001
1.504909090909091e+000 -5.702068629882494e+001
1.505000000000000e+000 -5.700215994455438e+001
1.505090909090909e+000 -5.698860635950092e+001
1.505181818181818e+000 -5.697864854710458e+001
1.505272727272727e+000 -5.697104619307869e+001
1.505363636363637e+000 -5.696469302980394e+001
1.505454545454545e+000 -5.695861565273201e+001
1.505545454545455e+000 -5.695197342540142e+001
1.505636363636364e+000 -5.694405895080145e+001
1.505727272727273e+000 -5.693429904180853e+001
1.505818181818182e+000 -5.692225579423903e+001
1.505909090909091e+000 -5.690762759709809e+001
1.506000000000000e+000 -5.689024983407747e+001
1.506090909090909e+000 -5.687009536102966e+001
1.506181818181818e+000 -5.684727448725263e+001
1.506272727272727e+000 -5.682203455414721e+001
1.506363636363636e+000 -5.679475912200547e+001
1.506454545454546e+000 -5.676596691187190e+001
1.506545454545455e+000 -5.673631056531455e+001
1.506636363636364e+000 -5.670657552270869e+001
1.506727272727273e+000 -5.667767900724192e+001
1.506818181818182e+000 -5.665066982525529e+001
1.506909090909091e+000 -5.662672886196896e+001
1.507000000000000e+000 -5.660717088561046e+001
1.507090909090909e+000 -5.659344810125899e+001
1.507181818181818e+000 -5.658715577954019e+001
1.507272727272727e+000 -5.659004073323369e+001
1.507363636363637e+000 -5.660401314735633e+001
1.507454545454545e+000 -5.663116289932396e+001
1.507545454545455e+000 -5.667378126411740e+001
1.507636363636364e+000 -5.673438948559405e+001
1.507727272727273e+000 -5.681577612527737e+001
1.507818181818182e+000 -5.692104602946903e+001
1.507909090909091e+000 -5.705368407203450e+001
1.508000000000000e+000 -5.721763916133910e+001
1.508090909090909e+000 -5.741743551384700e+001
1.508181818181818e+000 -5.765832226555035e+001
1.508272727272727e+000 -5.794647688980536e+001
1.508363636363636e+000 -5.828928805566928e+001
1.508454545454546e+000 -5.869575646669569e+001
1.508545454545455e+000 -5.917707850747410e+001
1.508636363636364e+000 -5.974752236213973e+001
1.508727272727273e+000 -6.042579219255622e+001
1.508818181818182e+000 -6.123724793058689e+001
1.508909090909091e+000 -6.221772044690624e+001
1.509000000000000e+000 -6.342053171975961e+001
1.509090909090909e+000 -6.493062385543473e+001
1.509181818181818e+000 -6.689668759270727e+001
1.509272727272727e+000 -6.961857425241885e+001
1.509363636363637e+000 -7.386775421710273e+001
1.509454545454545e+000 -8.319477322877874e+001
1.509545454545455e+000 -8.324902657923897e+001
1.509636363636364e+000 -7.353799233744648e+001
1.509727272727273e+000 -6.900873047948393e+001
1.509818181818182e+000 -6.602942935385514e+001
1.509909090909091e+000 -6.382275247455685e+001
1.510000000000000e+000 -6.208996317392345e+001
1.510090909090909e+000 -6.068524889564181e+001
1.510181818181818e+000 -5.952731114688888e+001
1.510272727272727e+000 -5.856699410252735e+001
1.510363636363636e+000 -5.777312480903333e+001
1.510454545454546e+000 -5.712554760299105e+001
1.510545454545455e+000 -5.661142039058724e+001
1.510636363636364e+000 -5.622315950520559e+001
1.510727272727273e+000 -5.595730775291310e+001
1.510818181818182e+000 -5.581398482945368e+001
1.510909090909091e+000 -5.579677046977707e+001
1.511000000000000e+000 -5.591298901147233e+001
1.511090909090909e+000 -5.617446671530087e+001
1.511181818181818e+000 -5.659896982410992e+001
1.511272727272727e+000 -5.721277477718263e+001
1.511363636363637e+000 -5.805533950368182e+001
1.511454545454545e+000 -5.918829233751796e+001
1.511545454545455e+000 -6.071439637916873e+001
1.511636363636364e+000 -6.282341518649034e+001
1.511727272727273e+000 -6.592926476262043e+001
1.511818181818182e+000 -7.127205523283496e+001
1.511909090909091e+000 -9.032709231843674e+001
1.512000000000000e+000 -7.323943981818654e+001
1.512090909090909e+000 -6.663211882023191e+001
1.512181818181818e+000 -6.299677304730263e+001
1.512272727272727e+000 -6.055536758341750e+001
1.512363636363636e+000 -5.879291792535551e+001
1.512454545454546e+000 -5.749139123923690e+001
1.512545454545455e+000 -5.654146222042075e+001
1.512636363636364e+000 -5.588434351753580e+001
1.512727272727273e+000 -5.548931867522034e+001
1.512818181818182e+000 -5.534422737087153e+001
1.512909090909091e+000 -5.545192591788111e+001
1.513000000000000e+000 -5.583058451038610e+001
1.513090909090909e+000 -5.651797628407157e+001
1.513181818181818e+000 -5.758237542620466e+001
1.513272727272727e+000 -5.914834995914359e+001
1.513363636363637e+000 -6.146514488276029e+001
1.513454545454545e+000 -6.513890601900418e+001
1.513545454545455e+000 -7.247400157618041e+001
1.513636363636364e+000 -8.076880854150322e+001
1.513727272727273e+000 -6.747130104822101e+001
1.513818181818182e+000 -6.256410294410348e+001
1.513909090909091e+000 -5.963810755666639e+001
1.514000000000000e+000 -5.768868991144643e+001
1.514090909090909e+000 -5.636703449180624e+001
1.514181818181818e+000 -5.551884364017357e+001
1.514272727272727e+000 -5.507217555011311e+001
1.514363636363636e+000 -5.500081204137371e+001
1.514454545454546e+000 -5.531284676356496e+001
1.514545454545455e+000 -5.605301921094085e+001
1.514636363636364e+000 -5.732091813337090e+001
1.514727272727273e+000 -5.932487753175764e+001
1.514818181818182e+000 -6.255915913887543e+001
1.514909090909091e+000 -6.869224221433207e+001
1.515000000000000e+000 -8.950826543828048e+001
1.515090909090909e+000 -6.715229761640435e+001
1.515181818181818e+000 -6.164012255813566e+001
1.515272727272727e+000 -5.856676470075156e+001
1.515363636363637e+000 -5.663515769475971e+001
1.515454545454545e+000 -5.543690384679363e+001
1.515545454545455e+000 -5.480632490190340e+001
1.515636363636364e+000 -5.468092391079625e+001
1.515727272727273e+000 -5.506290948857835e+001
1.515818181818182e+000 -5.601912781679589e+001
1.515909090909091e+000 -5.771922348819911e+001
1.516000000000000e+000 -6.057374925240584e+001
1.516090909090909e+000 -6.587006747376485e+001
1.516181818181818e+000 -8.727187818490982e+001
1.516272727272727e+000 -6.730045369720564e+001
1.516363636363636e+000 -6.106318303250119e+001
1.516454545454546e+000 -5.781736224038505e+001
1.516545454545455e+000 -5.588882717392259e+001
1.516636363636364e+000 -5.480288017947578e+001
1.516727272727273e+000 -5.438496511357790e+001
1.516818181818182e+000 -5.459069830120672e+001
1.516909090909091e+000 -5.547219879418422e+001
1.517000000000000e+000 -5.721364565411143e+001
1.517090909090909e+000 -6.030693246906206e+001
1.517181818181818e+000 -6.649203750157015e+001
1.517272727272727e+000 -8.426445979119656e+001
1.517363636363637e+000 -6.446069785854463e+001
1.517454545454545e+000 -5.921080546239805e+001
1.517545454545455e+000 -5.642027799664562e+001
1.517636363636364e+000 -5.486275862625147e+001
1.517727272727273e+000 -5.416983626718784e+001
1.517818181818182e+000 -5.422973101357587e+001
1.517909090909091e+000 -5.507617263890636e+001
1.518000000000000e+000 -5.691538431188435e+001
1.518090909090909e+000 -6.035955771650237e+001
1.518181818181818e+000 -6.795096851273827e+001
1.518272727272727e+000 -7.387490207452943e+001
1.518363636363636e+000 -6.200069728433696e+001
1.518454545454546e+000 -5.759347539274177e+001
1.518545454545455e+000 -5.526175180176595e+001
1.518636363636364e+000 -5.410858082256101e+001
1.518727272727273e+000 -5.386804293839236e+001
1.518818181818182e+000 -5.451286685723380e+001
1.518909090909091e+000 -5.622214953361232e+001
1.519000000000000e+000 -5.960045260300172e+001
1.519090909090909e+000 -6.723540250549672e+001
1.519181818181818e+000 -7.273335757507310e+001
1.519272727272727e+000 -6.110782687109377e+001
1.519363636363637e+000 -5.681469801817033e+001
1.519454545454545e+000 -5.463170937160834e+001
1.519545454545455e+000 -5.369064424354614e+001
1.519636363636364e+000 -5.376100679254815e+001
1.519727272727273e+000 -5.488841308930006e+001
1.519818181818182e+000 -5.744855529217544e+001
1.519909090909091e+000 -6.285666617522040e+001
1.520000000000000e+000 -1.000000000000000e+002
1.520090909090909e+000 -6.287501867706982e+001
1.520181818181818e+000 -5.730463739250305e+001
1.520272727272727e+000 -5.465505014283887e+001
1.520363636363636e+000 -5.350107339699719e+001
1.520454545454546e+000 -5.349800937929803e+001
1.520545454545455e+000 -5.467537620870679e+001
1.520636363636364e+000 -5.747588809324083e+001
1.520727272727273e+000 -6.376680063091980e+001
1.520818181818182e+000 -7.740986644868534e+001
1.520909090909091e+000 -6.082794360954588e+001
1.521000000000000e+000 -5.608193146056599e+001
1.521090909090909e+000 -5.387401542562317e+001
1.521181818181818e+000 -5.313399366619960e+001
1.521272727272727e+000 -5.364555146615849e+001
1.521363636363637e+000 -5.561490629097418e+001
1.521454545454545e+000 -6.006126437194033e+001
1.521545454545455e+000 -7.501447039892393e+001
1.521636363636364e+000 -6.343164339973230e+001
1.521727272727273e+000 -5.686197823327812e+001
1.521818181818182e+000 -5.401931708367459e+001
1.521909090909091e+000 -5.295015428924449e+001
1.522000000000000e+000 -5.326807337836039e+001
1.522090909090909e+000 -5.512580767706864e+001
1.522181818181818e+000 -5.953156695013500e+001
1.522272727272727e+000 -7.475880693588088e+001
1.522363636363636e+000 -6.274184058701717e+001
1.522454545454546e+000 -5.628200580354829e+001
1.522545454545455e+000 -5.356424605909253e+001
1.522636363636364e+000 -5.268428199355918e+001
1.522727272727273e+000 -5.330994355562667e+001
1.522818181818182e+000 -5.574317351933262e+001
1.522909090909091e+000 -6.172289407328641e+001
1.523000000000000e+000 -7.688367401757417e+001
1.523090909090909e+000 -5.922936367206385e+001
1.523181818181818e+000 -5.460367808237027e+001
1.523272727272727e+000 -5.273520308679700e+001
1.523363636363637e+000 -5.259502846084734e+001
1.523454545454545e+000 -5.416322873334735e+001
1.523545454545455e+000 -5.836328901963488e+001
1.523636363636364e+000 -7.298094472905440e+001
1.523727272727273e+000 -6.180814254799344e+001
1.523818181818182e+000 -5.535374633908482e+001
1.523909090909091e+000 -5.281277952084906e+001
1.524000000000000e+000 -5.227348671426022e+001
1.524090909090909e+000 -5.351839736109452e+001
1.524181818181818e+000 -5.729007376502717e+001
1.524272727272727e+000 -6.927467131814223e+001
1.524363636363636e+000 -6.239111635155895e+001
1.524454545454546e+000 -5.527979443679988e+001
1.524545454545455e+000 -5.259929418991859e+001
1.524636363636364e+000 -5.207123533933125e+001
1.524727272727273e+000 -5.346472258237183e+001
1.524818181818182e+000 -5.769999119818377e+001
1.524909090909091e+000 -7.403857338526274e+001
1.525000000000000e+000 -6.034323559571968e+001
1.525090909090909e+000 -5.430109231483102e+001
1.525181818181818e+000 -5.209382130469783e+001
1.525272727272727e+000 -5.203097872316607e+001
1.525363636363637e+000 -5.412780603442198e+001
1.525454545454545e+000 -6.014872779945920e+001
1.525545454545455e+000 -7.263231272396347e+001
1.525636363636364e+000 -5.700853768147675e+001
1.525727272727273e+000 -5.284842566765606e+001
1.525818181818182e+000 -5.161113449067268e+001
1.525909090909091e+000 -5.252302399319336e+001
1.526000000000000e+000 -5.623864410987682e+001
1.526090909090909e+000 -6.932064843763632e+001
1.526181818181818e+000 -6.040669152112761e+001
1.526272727272727e+000 -5.383095005607126e+001
1.526363636363636e+000 -5.160030061444180e+001
1.526454545454546e+000 -5.175228245544417e+001
1.526545454545455e+000 -5.444390985566155e+001
1.526636363636364e+000 -6.280901114383876e+001
1.526727272727273e+000 -6.380486788762176e+001
1.526818181818182e+000 -5.458239651396382e+001
1.526909090909091e+000 -5.163051335728254e+001
1.527000000000000e+000 -5.135500425824202e+001
1.527090909090909e+000 -5.362371474758816e+001
1.527181818181818e+000 -6.086684753761180e+001
1.527272727272727e+000 -6.554578347725979e+001
1.527363636363637e+000 -5.471935018193381e+001
1.527454545454545e+000 -5.148754701045974e+001
1.527545454545455e+000 -5.113018526534405e+001
1.527636363636364e+000 -5.344347416452516e+001
1.527727272727273e+000 -6.109545011823507e+001
1.527818181818182e+000 -6.408084730829367e+001
1.527909090909091e+000 -5.409352280658700e+001
1.528000000000000e+000 -5.112171702057344e+001
1.528090909090909e+000 -5.105720989815980e+001
1.528181818181818e+000 -5.391703965715716e+001
1.528272727272727e+000 -6.394807757690944e+001
1.528363636363636e+000 -6.047095460427471e+001
1.528454545454546e+000 -5.288352509531190e+001
1.528545454545455e+000 -5.065548269138218e+001
1.528636363636364e+000 -5.128994747925790e+001
1.528727272727273e+000 -5.542014447261045e+001
1.528818181818182e+000 -7.738596442501751e+001
1.528909090909091e+000 -5.656902231552193e+001
1.529000000000000e+000 -5.148491234586906e+001
1.529090909090909e+000 -5.036632805736369e+001
1.529181818181818e+000 -5.220803230257461e+001
1.529272727272727e+000 -5.923691436363823e+001
1.529363636363637e+000 -6.397563871726305e+001
1.529454545454545e+000 -5.324815486349313e+001
1.529545454545455e+000 -5.035627236585815e+001
1.529636363636364e+000 -5.069755885050341e+001
1.529727272727273e+000 -5.468541080820336e+001
1.529818181818182e+000 -7.660934844760718e+001
1.529909090909091e+000 -5.581792228265793e+001
1.530000000000000e+000 -5.085839102237060e+001
1.530090909090909e+000 -5.000519889488613e+001
1.530181818181818e+000 -5.244543227758383e+001
1.530272727272727e+000 -6.208870891739832e+001
1.530363636363636e+000 -5.913503870965304e+001
1.530454545454546e+000 -5.158090548254117e+001
1.530545454545455e+000 -4.972100514056238e+001
1.530636363636364e+000 -5.120153689832058e+001
1.530727272727273e+000 -5.799488344685710e+001
1.530818181818182e+000 -6.306297801699125e+001
1.530909090909091e+000 -5.226057852904464e+001
1.531000000000000e+000 -4.959694559931342e+001
1.531090909090909e+000 -5.048194997195161e+001
1.531181818181818e+000 -5.608670755800283e+001
1.531272727272727e+000 -6.691442351080349e+001
1.531363636363637e+000 -5.265463434194314e+001
1.531454545454545e+000 -4.947349674614268e+001
1.531545454545455e+000 -5.006969775786595e+001
1.531636363636364e+000 -5.528581774461794e+001
1.531727272727273e+000 -6.860361356989608e+001
1.531818181818182e+000 -5.258660454125170e+001
1.531909090909091e+000 -4.926626879182641e+001
1.532000000000000e+000 -4.987723595447761e+001
1.532090909090909e+000 -5.532936193221902e+001
1.532181818181818e+000 -6.639435514918061e+001
1.532272727272727e+000 -5.201171201829882e+001
1.532363636363636e+000 -4.896821240149715e+001
1.532454545454546e+000 -4.991470824592556e+001
1.532545454545455e+000 -5.632689280234970e+001
1.532636363636364e+000 -6.209355402286219e+001
1.532727272727273e+000 -5.103740341650514e+001
1.532818181818182e+000 -4.864985044563363e+001
1.532909090909091e+000 -5.029294440878569e+001
1.533000000000000e+000 -5.892070570607169e+001
1.533090909090909e+000 -5.774847911861325e+001
1.533181818181818e+000 -4.987579287545803e+001
1.533272727272727e+000 -4.845614074335629e+001
1.533363636363637e+000 -5.126648793664493e+001
1.533454545454545e+000 -6.612563477459564e+001
1.533545454545455e+000 -5.401904840692846e+001
1.533636363636364e+000 -4.877939030470677e+001
1.533727272727273e+000 -4.861446029753495e+001
1.533818181818182e+000 -5.340207370690193e+001
1.533909090909091e+000 -6.777357577770029e+001
1.534000000000000e+000 -5.103420556599264e+001
1.534090909090909e+000 -4.801613813906292e+001
1.534181818181818e+000 -4.949008342062881e+001
1.534272727272727e+000 -5.846335710732674e+001
1.534363636363636e+000 -5.621895763701316e+001
1.534454545454546e+000 -4.885091042532275e+001
1.534545454545455e+000 -4.790348634313111e+001
1.534636363636364e+000 -5.181765589656840e+001
1.534727272727273e+000 -7.819714462823404e+001
1.534818181818182e+000 -5.108100132508226e+001
1.534909090909091e+000 -4.759461316240318e+001
1.535000000000000e+000 -4.893851871247846e+001
1.535090909090909e+000 -5.809288660900726e+001
1.535181818181818e+000 -5.528854441541757e+001
1.535272727272727e+000 -4.819710024985574e+001
1.535363636363637e+000 -4.755921991991832e+001
1.535454545454545e+000 -5.230717978383048e+001
1.535545454545455e+000 -6.491449358714604e+001
1.535636363636364e+000 -4.957066933817479e+001
1.535727272727273e+000 -4.702775564947718e+001
1.535818181818182e+000 -4.948887452080843e+001
1.535909090909091e+000 -6.540154330592853e+001
1.536000000000000e+000 -5.170892415442781e+001
1.536090909090909e+000 -4.703723286658317e+001
1.536181818181818e+000 -4.788995992865388e+001
1.536272727272727e+000 -5.637851884152578e+001
1.536363636363636e+000 -5.475787810125573e+001
1.536454545454546e+000 -4.739598179082262e+001
1.536545454545455e+000 -4.694768561493865e+001
1.536636363636364e+000 -5.261904320765631e+001
1.536727272727273e+000 -5.918590266283105e+001
1.536818181818182e+000 -4.795475673510793e+001
1.536909090909091e+000 -4.638641701051933e+001
1.537000000000000e+000 -5.046192488849896e+001
1.537090909090909e+000 -6.671513878662886e+001
1.537181818181818e+000 -4.857610374478158e+001
1.537272727272727e+000 -4.603857808369009e+001
1.537363636363637e+000 -4.909637508900573e+001
1.537454545454545e+000 -8.640578876929693e+001
1.537545454545455e+000 -4.912238891074907e+001
1.537636363636364e+000 -4.579067214137959e+001
1.537727272727273e+000 -4.820094500676581e+001
1.537818181818182e+000 -6.775064836891292e+001
1.537909090909091e+000 -4.945970537347498e+001
1.538000000000000e+000 -4.556508558911440e+001
1.538090909090909e+000 -4.762147158550958e+001
1.538181818181818e+000 -6.429596122168017e+001
1.538272727272727e+000 -4.947826569222022e+001
1.538363636363636e+000 -4.531495349819452e+001
1.538454545454546e+000 -4.728674481932096e+001
1.538545454545455e+000 -6.395437353353200e+001
1.538636363636364e+000 -4.912173724009363e+001
1.538727272727273e+000 -4.502368142945830e+001
1.538818181818182e+000 -4.718188657563077e+001
1.538909090909091e+000 -6.663172588295031e+001
1.539000000000000e+000 -4.840656497104121e+001
1.539090909090909e+000 -4.470516668312164e+001
1.539181818181818e+000 -4.734371721729598e+001
1.539272727272727e+000 -8.148890799324514e+001
1.539363636363637e+000 -4.741566500522960e+001
1.539454545454545e+000 -4.440340527102237e+001
1.539545454545455e+000 -4.787303214646622e+001
1.539636363636364e+000 -6.546896239712737e+001
1.539727272727273e+000 -4.627175101610357e+001
1.539818181818182e+000 -4.419265493850996e+001
1.539909090909091e+000 -4.897818682895179e+001
1.540000000000000e+000 -5.707460954708914e+001
1.540090909090909e+000 -4.511017544217661e+001
1.540181818181818e+000 -4.418188701919394e+001
1.540272727272727e+000 -5.111892407792908e+001
1.540363636363636e+000 -5.198769131484665e+001
1.540454545454546e+000 -4.406567481459618e+001
1.540545454545455e+000 -4.453134746566137e+001
1.540636363636364e+000 -5.567156660785940e+001
1.540727272727273e+000 -4.831792079683715e+001
1.540818181818182e+000 -4.327552810096664e+001
1.540909090909091e+000 -4.550178693252849e+001
1.541000000000000e+000 -7.867405086803542e+001
1.541090909090909e+000 -4.556351448827337e+001
1.541181818181818e+000 -4.289825569298372e+001
1.541272727272727e+000 -4.761459470550660e+001
1.541363636363637e+000 -5.493994323783203e+001
1.541454545454545e+000 -4.356361806226957e+001
1.541545454545455e+000 -4.315607916814076e+001
1.541636363636364e+000 -5.241300991765795e+001
1.541727272727273e+000 -4.804136520889744e+001
1.541818181818182e+000 -4.231222282810155e+001
1.541909090909091e+000 -4.444515032052303e+001
1.542000000000000e+000 -1.000000000000000e+002
1.542090909090909e+000 -4.422162221026689e+001
1.542181818181818e+000 -4.193200139579395e+001
1.542272727272727e+000 -4.775046695776945e+001
1.542363636363636e+000 -5.075364196697733e+001
1.542454545454546e+000 -4.198957376084579e+001
1.542545454545455e+000 -4.275086944078451e+001
1.542636363636364e+000 -5.831745988012428e+001
1.542727272727273e+000 -4.455046105981574e+001
1.542818181818182e+000 -4.107884383749970e+001
1.542909090909091e+000 -4.567772802162316e+001
1.543000000000000e+000 -5.222740567809485e+001
1.543090909090909e+000 -4.145408677162025e+001
1.543181818181818e+000 -4.170976281689048e+001
1.543272727272727e+000 -5.543611501632346e+001
1.543363636363637e+000 -4.398888840082997e+001
1.543454545454545e+000 -4.026822844876161e+001
1.543545454545455e+000 -4.492367259891632e+001
1.543636363636364e+000 -5.080826340608127e+001
1.543727272727273e+000 -4.049311774094703e+001
1.543818181818182e+000 -4.110096597659888e+001
1.543909090909091e+000 -5.833749311779374e+001
1.544000000000000e+000 -4.239650702670730e+001
1.544090909090909e+000 -3.945970553657521e+001
1.544181818181818e+000 -4.551517506070206e+001
1.544272727272727e+000 -4.699134000846946e+001
1.544363636363636e+000 -3.919492106781501e+001
1.544454545454546e+000 -4.109174200418364e+001
1.544545454545455e+000 -6.479917456189072e+001
1.544636363636364e+000 -4.014579932984594e+001
1.544727272727273e+000 -3.888971366993566e+001
1.544818181818182e+000 -4.889163590152289e+001
1.544909090909091e+000 -4.256852794030981e+001
1.545000000000000e+000 -3.791714493186049e+001
1.545090909090909e+000 -4.240751586557681e+001
1.545181818181818e+000 -4.773253250977865e+001
1.545272727272727e+000 -3.785485986327253e+001
1.545363636363637e+000 -3.914866355072504e+001
1.545454545454545e+000 -7.483510155195020e+001
1.545545454545455e+000 -3.862715366923214e+001
1.545636363636364e+000 -3.726007983295438e+001
1.545727272727273e+000 -4.795883926642325e+001
1.545818181818182e+000 -4.035225105678336e+001
1.545909090909091e+000 -3.619610748742556e+001
1.546000000000000e+000 -4.176674127412797e+001
1.546090909090909e+000 -4.351372979591119e+001
1.546181818181818e+000 -3.572208711726400e+001
1.546272727272727e+000 -3.834984173020929e+001
1.546363636363636e+000 -5.009894006407976e+001
1.546454545454546e+000 -3.572381788709217e+001
1.546545454545455e+000 -3.609747392151493e+001
1.546636363636364e+000 -6.130640387351883e+001
1.546727272727273e+000 -3.615326114851337e+001
1.546818181818182e+000 -3.449519605607053e+001
1.546909090909091e+000 -4.574874904577506e+001
1.547000000000000e+000 -3.701700720918964e+001
1.547090909090909e+000 -3.329904635320342e+001
1.547181818181818e+000 -4.026175235337834e+001
1.547272727272727e+000 -3.839399016030465e+001
1.547363636363637e+000 -3.236448460461993e+001
1.547454545454545e+000 -3.677167630270562e+001
1.547545454545455e+000 -4.050876288274099e+001
1.547636363636364e+000 -3.159122224655295e+001
1.547727272727273e+000 -3.413078591483198e+001
1.547818181818182e+000 -4.401486883528226e+001
1.547909090909091e+000 -3.090082148599715e+001
1.548000000000000e+000 -3.190904606102875e+001
1.548090909090909e+000 -5.192498126019647e+001
1.548181818181818e+000 -3.022692057173397e+001
1.548272727272727e+000 -2.987141988305391e+001
1.548363636363636e+000 -5.334612684465797e+001
1.548454545454546e+000 -2.951340111176572e+001
1.548545454545455e+000 -2.784708048629283e+001
1.548636363636364e+000 -4.147404737814631e+001
1.548727272727273e+000 -2.872537452073922e+001
1.548818181818182e+000 -2.567424570640625e+001
1.548909090909091e+000 -3.488969800266332e+001
1.549000000000000e+000 -2.790590861372270e+001
1.549090909090909e+000 -2.316028987865561e+001
1.549181818181818e+000 -2.896091974312325e+001
1.549272727272727e+000 -2.750450729234641e+001
1.549363636363637e+000 -2.006129204280764e+001
1.549454545454545e+000 -2.205948729123418e+001
1.549545454545455e+000 -3.312444944791402e+001
1.549636363636364e+000 -1.671318348015403e+001
1.549727272727273e+000 -1.268198620227185e+001
1.549818181818182e+000 -9.640468257226084e+000
1.549909090909091e+000 -1.634987164878877e+001
1.550000000000000e+000 -2.725927131077052e-010
1.550090909090909e+000 -1.642964339490702e+001
1.550181818181818e+000 -9.617924857518339e+000
1.550272727272727e+000 -1.267055745259931e+001
1.550363636363636e+000 -1.690681656651976e+001
1.550454545454546e+000 -3.657110902934045e+001
1.550545454545455e+000 -2.140507515437748e+001
1.550636363636364e+000 -2.020101685037119e+001
1.550727272727273e+000 -3.000837346409788e+001
1.550818181818182e+000 -2.660853775861390e+001
1.550909090909091e+000 -2.315321730158779e+001
1.551000000000000e+000 -3.147169254416395e+001
1.551090909090909e+000 -2.947458746751528e+001
1.551181818181818e+000 -2.542929917765955e+001
1.551272727272727e+000 -3.393060661737668e+001
1.551363636363637e+000 -3.097621105772714e+001
1.551454545454545e+000 -2.729009563702721e+001
1.551545454545455e+000 -3.708682784038592e+001
1.551636363636364e+000 -3.171967640022061e+001
1.551727272727273e+000 -2.894095666593326e+001
1.551818181818182e+000 -4.145825492332865e+001
1.551909090909091e+000 -3.208335457621577e+001
1.552000000000000e+000 -3.054641255394744e+001
1.552090909090909e+000 -4.930987156089351e+001
1.552181818181818e+000 -3.230361809717616e+001
1.552272727272727e+000 -3.226216069674910e+001
1.552363636363636e+000 -5.858857135202828e+001
1.552454545454546e+000 -3.253567940285818e+001
1.552545454545455e+000 -3.427043098810629e+001
1.552636363636364e+000 -4.543989719696479e+001
1.552727272727273e+000 -3.289451004792951e+001
1.552818181818182e+000 -3.684323070362561e+001
1.552909090909091e+000 -4.090051725954834e+001
1.553000000000000e+000 -3.348304791595972e+001
1.553090909090909e+000 -4.052230344282468e+001
1.553181818181818e+000 -3.837355946575438e+001
1.553272727272727e+000 -3.441666582209747e+001
1.553363636363637e+000 -4.698432052768258e+001
1.553454545454545e+000 -3.688522177047155e+001
1.553545454545455e+000 -3.585628686142250e+001
1.553636363636364e+000 -7.019133106148003e+001
1.553727272727273e+000 -3.613905501403815e+001
1.553818181818182e+000 -3.807922813388569e+001
1.553909090909091e+000 -4.652622785663457e+001
1.554000000000000e+000 -3.605542785278179e+001
1.554090909090909e+000 -4.170344175533136e+001
1.554181818181818e+000 -4.144853392261243e+001
1.554272727272727e+000 -3.667804189375376e+001
1.554363636363636e+000 -4.892722375802858e+001
1.554454545454546e+000 -3.899066404024767e+001
1.554545454545455e+000 -3.818719590541141e+001
1.554636363636364e+000 -5.916237609048620e+001
1.554727272727273e+000 -3.790964672959621e+001
1.554818181818182e+000 -4.104637805436358e+001
1.554909090909091e+000 -4.539030078313932e+001
1.555000000000000e+000 -3.791969296003474e+001
1.555090909090909e+000 -4.676497082141850e+001
1.555181818181818e+000 -4.115311569501969e+001
1.555272727272727e+000 -3.908557373932382e+001
1.555363636363637e+000 -8.849355305156531e+001
1.555454545454545e+000 -3.934952084415515e+001
1.555545454545455e+000 -4.187002559615895e+001
1.555636363636364e+000 -4.711252715528150e+001
1.555727272727273e+000 -3.909757954818382e+001
1.555818181818182e+000 -4.808618426352098e+001
1.555909090909091e+000 -4.209357936482117e+001
1.556000000000000e+000 -4.036604121703201e+001
1.556090909090909e+000 -6.394431165954663e+001
1.556181818181818e+000 -4.019858266759115e+001
1.556272727272727e+000 -4.381930634413611e+001
1.556363636363636e+000 -4.624283830246063e+001
1.556454545454546e+000 -4.022034578066508e+001
1.556545454545455e+000 -5.318474388535251e+001
1.556636363636364e+000 -4.200391961734784e+001
1.556727272727273e+000 -4.224591634522353e+001
1.556818181818182e+000 -5.265727468261392e+001
1.556909090909091e+000 -4.077570675635818e+001
1.557000000000000e+000 -4.782039464379715e+001
1.557090909090909e+000 -4.426696223616865e+001
1.557181818181818e+000 -4.177027579759516e+001
1.557272727272727e+000 -6.768703727118475e+001
1.557363636363637e+000 -4.168098669677755e+001
1.557454545454545e+000 -4.576353091773439e+001
1.557545454545455e+000 -4.675085022841618e+001
1.557636363636364e+000 -4.183646994175356e+001
1.557727272727273e+000 -6.119617575285508e+001
1.557818181818182e+000 -4.268870342143342e+001
1.557909090909091e+000 -4.494586850536957e+001
1.558000000000000e+000 -4.914089947191415e+001
1.558090909090909e+000 -4.216297233418892e+001
1.558181818181818e+000 -5.590518206076253e+001
1.558272727272727e+000 -4.360327480382642e+001
1.558363636363636e+000 -4.477688604476068e+001
1.558454545454546e+000 -5.099907720926438e+001
1.558545454545455e+000 -4.258917576492636e+001
1.558636363636364e+000 -5.453685554417529e+001
1.558727272727273e+000 -4.428181636086202e+001
1.558818181818182e+000 -4.502467216454941e+001
1.558909090909091e+000 -5.187370306390741e+001
1.559000000000000e+000 -4.303494024268116e+001
1.559090909090909e+000 -5.503558811979619e+001
1.559181818181818e+000 -4.465653823167200e+001
1.559272727272727e+000 -4.562060945720881e+001
1.559363636363637e+000 -5.160175892039906e+001
1.559454545454545e+000 -4.349084278249428e+001
1.559545454545455e+000 -5.744201933292541e+001
1.559636363636364e+000 -4.475194527757178e+001
1.559727272727273e+000 -4.661903850332594e+001
1.559818181818182e+000 -5.045883404493116e+001
1.559909090909091e+000 -4.401708099946826e+001
1.560000000000000e+000 -6.408195644044585e+001
1.560090909090909e+000 -4.467860593838501e+001
1.560181818181818e+000 -4.822537707569650e+001
1.560272727272727e+000 -4.892168430373502e+001
1.560363636363636e+000 -4.474837714003413e+001
1.560454545454546e+000 -6.915655370627503e+001
1.560545454545455e+000 -4.460980556903253e+001
1.560636363636364e+000 -5.095095311880125e+001
1.560727272727273e+000 -4.740056613127926e+001
1.560818181818182e+000 -4.591840582716388e+001
1.560909090909091e+000 -5.634603425265178e+001
1.561000000000000e+000 -4.476548584378356e+001
1.561090909090909e+000 -5.642254273977662e+001
1.561181818181818e+000 -4.618493331267645e+001
1.561272727272727e+000 -4.795269528524791e+001
1.561363636363637e+000 -5.107932135984532e+001
1.561454545454545e+000 -4.542940813484767e+001
1.561545454545455e+000 -8.343341685227115e+001
1.561636363636364e+000 -4.550657997136621e+001
1.561727272727273e+000 -5.186429337326911e+001
1.561818181818182e+000 -4.800915335335345e+001
1.561909090909091e+000 -4.704226643507975e+001
1.562000000000000e+000 -5.500530505403584e+001
1.562090909090909e+000 -4.563045531922563e+001
1.562181818181818e+000 -6.276973457247959e+001
1.562272727272727e+000 -4.635145668074408e+001
1.562363636363636e+000 -5.057415828576129e+001
1.562454545454546e+000 -4.942894452166742e+001
1.562545454545455e+000 -4.700144235037608e+001
1.562636363636364e+000 -5.771392873403387e+001
1.562727272727273e+000 -4.603732367442529e+001
1.562818181818182e+000 -6.049209847426747e+001
1.562909090909091e+000 -4.692760254119143e+001
1.563000000000000e+000 -5.072866471287677e+001
1.563090909090909e+000 -4.995227226792342e+001
1.563181818181818e+000 -4.745537536612059e+001
1.563272727272727e+000 -5.753374680525998e+001
1.563363636363637e+000 -4.647599373200643e+001
1.563454545454545e+000 -6.339037092864223e+001
1.563545454545455e+000 -4.712686383450972e+001
1.563636363636364e+000 -5.211902384251038e+001
1.563727272727273e+000 -4.953321120470845e+001
1.563818181818182e+000 -4.842372838625130e+001
1.563909090909091e+000 -5.498735760522787e+001
1.564000000000000e+000 -4.703710907592148e+001
1.564090909090909e+000 -9.493022668111099e+001
1.564181818181818e+000 -4.713195502165919e+001
1.564272727272727e+000 -5.554919733965167e+001
1.564363636363636e+000 -4.860780451547808e+001
1.564454545454546e+000 -5.033389551596940e+001
1.564545454545455e+000 -5.191612055372364e+001
1.564636363636364e+000 -4.809273095441461e+001
1.564727272727273e+000 -5.938473798453457e+001
1.564818181818182e+000 -4.737509113225519e+001
1.564909090909091e+000 -6.672012497757757e+001
1.565000000000000e+000 -4.781784102418298e+001
1.565090909090909e+000 -5.456275713134286e+001
1.565181818181818e+000 -4.943426838535545e+001
1.565272727272727e+000 -5.046988876605413e+001
1.565363636363637e+000 -5.265335501016000e+001
1.565454545454545e+000 -4.855414883459341e+001
1.565545454545455e+000 -5.934593779350787e+001
1.565636363636364e+000 -4.786759986236974e+001
1.565727272727273e+000 -7.284896587270761e+001
1.565818181818182e+000 -4.812309331625743e+001
1.565909090909091e+000 -5.676967825767787e+001
1.566000000000000e+000 -4.928229205182832e+001
1.566090909090909e+000 -5.211300382312609e+001
1.566181818181818e+000 -5.152615922721049e+001
1.566272727272727e+000 -4.979348746273760e+001
1.566363636363636e+000 -5.550675956211533e+001
1.566454545454546e+000 -4.866613682471194e+001
1.566545454545455e+000 -6.427722284741623e+001
1.566636363636364e+000 -4.836041580827405e+001
1.566727272727273e+000 -6.691786105537621e+001
1.566818181818182e+000 -4.873941639008038e+001
1.566909090909091e+000 -5.690767119172554e+001
1.567000000000000e+000 -4.978764900393215e+001
1.567090909090909e+000 -5.292982367602054e+001
1.567181818181818e+000 -5.160671732619119e+001
1.567272727272727e+000 -5.075999458966876e+001
1.567363636363637e+000 -5.451077112391163e+001
1.567454545454545e+000 -4.955649616064606e+001
1.567545454545455e+000 -5.947990432915449e+001
1.567636363636364e+000 -4.900621517057983e+001
1.567727272727273e+000 -7.290307688068856e+001
1.567818181818182e+000 -4.896615123630270e+001
1.567909090909091e+000 -6.479196265408821e+001
1.568000000000000e+000 -4.937112978649611e+001
1.568090909090909e+000 -5.767534966509447e+001
1.568181818181818e+000 -5.020495690383664e+001
1.568272727272727e+000 -5.424998579442843e+001
1.568363636363636e+000 -5.149660370981008e+001
1.568454545454546e+000 -5.220188214812974e+001
1.568545454545455e+000 -5.333742866979591e+001
1.568636363636364e+000 -5.091610801353732e+001
1.568727272727273e+000 -5.594036898904550e+001
1.568818181818182e+000 -5.013474655109774e+001
1.568909090909091e+000 -5.984568398964922e+001
1.569000000000000e+000 -4.972419851349813e+001
1.569090909090909e+000 -6.704502356409361e+001
1.569181818181818e+000 -4.960627146807570e+001
1.569272727272727e+000 -7.956895573997755e+001
1.569363636363637e+000 -4.973168901904625e+001
1.569454545454545e+000 -6.421369178050378e+001
1.569545454545455e+000 -5.006816873689709e+001
1.569636363636364e+000 -5.935532858300353e+001
1.569727272727273e+000 -5.059450843108802e+001
1.569818181818182e+000 -5.657531396001881e+001
1.569909090909091e+000 -5.129752687284412e+001
1.570000000000000e+000 -5.474169941360357e+001
1.570090909090909e+000 -5.217056112210000e+001
1.570181818181818e+000 -5.345960401465837e+001
1.570272727272727e+000 -5.321297654059512e+001
1.570363636363636e+000 -5.254151729981106e+001
1.570454545454546e+000 -5.443052438568744e+001
1.570545454545455e+000 -5.188176976376357e+001
1.570636363636364e+000 -5.583665818881556e+001
1.570727272727273e+000 -5.141367626895435e+001
1.570818181818182e+000 -5.745526391931472e+001
1.570909090909091e+000 -5.109155442837341e+001
1.571000000000000e+000 -5.932590515299223e+001
1.571090909090909e+000 -5.088208859915037e+001
1.571181818181818e+000 -6.151422051636713e+001
1.571272727272727e+000 -5.075977146137787e+001
1.571363636363637e+000 -6.413443492483891e+001
1.571454545454545e+000 -5.070433242007906e+001
1.571545454545455e+000 -6.740568379762128e+001
1.571636363636364e+000 -5.069922185239324e+001
1.571727272727273e+000 -7.183021667653222e+001
1.571818181818182e+000 -5.073069761357693e+001
1.571909090909091e+000 -7.907765813734062e+001
1.572000000000000e+000 -5.078727539917050e+001
1.572090909090909e+000 -1.000000000000000e+002
1.572181818181818e+000 -5.085940826381597e+001
1.572272727272727e+000 -7.969368958757079e+001
1.572363636363636e+000 -5.093931332151531e+001
1.572454545454546e+000 -7.517203744485417e+001
1.572545454545455e+000 -5.102089160730633e+001
1.572636363636364e+000 -7.309389835948194e+001
1.572727272727273e+000 -5.109970306978941e+001
1.572818181818182e+000 -7.219550495215349e+001
1.572909090909091e+000 -5.117296889086048e+001
1.573000000000000e+000 -7.213413540210391e+001
1.573090909090909e+000 -5.123958120975424e+001
1.573181818181818e+000 -7.287063995490982e+001
1.573272727272727e+000 -5.130010782063391e+001
1.573363636363637e+000 -7.462112211515257e+001
1.573454545454545e+000 -5.135678674763992e+001
1.573545454545455e+000 -7.817663599008557e+001
1.573636363636364e+000 -5.141351329819079e+001
1.573727272727273e+000 -8.785536074289503e+001
1.573818181818182e+000 -5.147582953369128e+001
1.573909090909091e+000 -8.409891438937672e+001
1.574000000000000e+000 -5.155093347258708e+001
1.574090909090909e+000 -7.467574386783571e+001
1.574181818181818e+000 -5.164773265337264e+001
1.574272727272727e+000 -6.975434531122386e+001
1.574363636363636e+000 -5.177697580006655e+001
1.574454545454546e+000 -6.631528849529703e+001
1.574545454545455e+000 -5.195150915964090e+001
1.574636363636364e+000 -6.364826041010930e+001
1.574727272727273e+000 -5.218672661680387e+001
1.574818181818182e+000 -6.147064944779961e+001
1.574909090909091e+000 -5.250132355018432e+001
1.575000000000000e+000 -5.964205608684928e+001
1.575090909090909e+000 -5.291854412631329e+001
1.575181818181818e+000 -5.808387645696083e+001
1.575272727272727e+000 -5.346827311510566e+001
1.575363636363637e+000 -5.674921433710907e+001
1.575454545454545e+000 -5.419067171992771e+001
1.575545454545455e+000 -5.560954742932454e+001
1.575636363636364e+000 -5.514287181636736e+001
1.575727272727273e+000 -5.464815591499862e+001
1.575818181818182e+000 -5.641236543952692e+001
1.575909090909091e+000 -5.385670419582719e+001
1.576000000000000e+000 -5.814711814593364e+001
1.576090909090909e+000 -5.323350393293379e+001
1.576181818181818e+000 -6.063610975921163e+001
1.576272727272727e+000 -5.278283260916773e+001
1.576363636363636e+000 -6.459589662818246e+001
1.576454545454546e+000 -5.251508936863358e+001
1.576545454545455e+000 -7.306700080470495e+001
1.576636363636364e+000 -5.244784254365063e+001
1.576727272727273e+000 -7.570974888149316e+001
1.576818181818182e+000 -5.260813035072028e+001
1.576909090909091e+000 -6.505722347026374e+001
1.577000000000000e+000 -5.303691602646820e+001
1.577090909090909e+000 -6.045286495840447e+001
1.577181818181818e+000 -5.379783121951616e+001
1.577272727272727e+000 -5.758795592835136e+001
1.577363636363637e+000 -5.499568136133764e+001
1.577454545454545e+000 -5.563002914532866e+001
1.577545454545455e+000 -5.682102283689532e+001
1.577636363636364e+000 -5.428083199505719e+001
1.577727272727273e+000 -5.968229353318691e+001
1.577818181818182e+000 -5.341248603029501e+001
1.577909090909091e+000 -6.477575763547944e+001
1.578000000000000e+000 -5.297436300972051e+001
1.578090909090909e+000 -8.205928743953895e+001
1.578181818181818e+000 -5.296395727222595e+001
1.578272727272727e+000 -6.724732389636571e+001
1.578363636363636e+000 -5.342252290333882e+001
1.578454545454546e+000 -6.059187350907226e+001
1.578545454545455e+000 -5.445057229204827e+001
1.578636363636364e+000 -5.714265754254366e+001
1.578727272727273e+000 -5.626109172793403e+001
1.578818181818182e+000 -5.505450983991926e+001
1.578909090909091e+000 -5.935877096432657e+001
1.579000000000000e+000 -5.382972544754492e+001
1.579090909090909e+000 -6.544768808513213e+001
1.579181818181818e+000 -5.329408094694177e+001
1.579272727272727e+000 -8.506093538886501e+001
1.579363636363637e+000 -5.341264664785888e+001
1.579454545454545e+000 -6.373307461575830e+001
1.579545454545455e+000 -5.425656075274874e+001
1.579636363636364e+000 -5.840462129249659e+001
1.579727272727273e+000 -5.605026914583301e+001
1.579818181818182e+000 -5.560944223299710e+001
1.579909090909091e+000 -5.940204229541547e+001
1.580000000000000e+000 -5.410667493324758e+001
1.580090909090909e+000 -6.671987970626718e+001
1.580181818181818e+000 -5.354984990960585e+001
1.580272727272727e+000 -7.393662153410665e+001
1.580363636363636e+000 -5.387450384055293e+001
1.580454545454546e+000 -6.140514688638596e+001
1.580545454545455e+000 -5.521511641659021e+001
1.580636363636364e+000 -5.697525320013226e+001
1.580727272727273e+000 -5.804805492762402e+001
1.580818181818182e+000 -5.475238290472846e+001
1.580909090909091e+000 -6.414624127584803e+001
1.581000000000000e+000 -5.384045048304436e+001
1.581090909090909e+000 -8.072875648287496e+001
1.581181818181818e+000 -5.403484241137112e+001
1.581272727272727e+000 -6.194271039671082e+001
1.581363636363637e+000 -5.545764069667720e+001
1.581454545454545e+000 -5.702249794396317e+001
1.581545454545455e+000 -5.872365950881384e+001
1.581636363636364e+000 -5.474669262823797e+001
1.581727272727273e+000 -6.667984120539013e+001
1.581818181818182e+000 -5.399842964869228e+001
1.581909090909091e+000 -7.033231302034328e+001
1.582000000000000e+000 -5.458329154113293e+001
1.582090909090909e+000 -5.972611260642454e+001
1.582181818181818e+000 -5.679131290128654e+001
1.582272727272727e+000 -5.590304901030955e+001
1.582363636363636e+000 -6.201411470518689e+001
1.582454545454546e+000 -5.435517895677332e+001
1.582545454545455e+000 -1.000000000000000e+002
1.582636363636364e+000 -5.440237963588147e+001
1.582727272727273e+000 -6.201023210435888e+001
1.582818181818182e+000 -5.614294622149328e+001
1.582909090909091e+000 -5.676041284756666e+001
1.583000000000000e+000 -6.066433309323302e+001
1.583090909090909e+000 -5.468156854717565e+001
1.583181818181818e+000 -7.879837272051547e+001
1.583272727272727e+000 -5.449651871504271e+001
1.583363636363637e+000 -6.280986453797225e+001
1.583454545454545e+000 -5.619977990460020e+001
1.583545454545455e+000 -5.695575601462188e+001
1.583636363636364e+000 -6.098911316299813e+001
1.583727272727273e+000 -5.479020379728058e+001
1.583818181818182e+000 -8.741440562811721e+001
1.583909090909091e+000 -5.474605898835046e+001
1.584000000000000e+000 -6.171914531997099e+001
1.584090909090909e+000 -5.688898643962732e+001
1.584181818181818e+000 -5.647436847655554e+001
1.584272727272727e+000 -6.311958452160749e+001
1.584363636363636e+000 -5.474347992010392e+001
1.584454545454546e+000 -7.382994896835218e+001
1.584545454545455e+000 -5.528672707953660e+001
1.584636363636364e+000 -5.950550070256592e+001
1.584727272727273e+000 -5.856364023173846e+001
1.584818181818182e+000 -5.565770369515766e+001
1.584909090909091e+000 -6.952658332304925e+001
1.585000000000000e+000 -5.484443587697595e+001
1.585090909090909e+000 -6.439226662250539e+001
1.585181818181818e+000 -5.655772382905688e+001
1.585272727272727e+000 -5.721138131359354e+001
1.585363636363637e+000 -6.249563246064793e+001
1.585454545454545e+000 -5.504259612943777e+001
1.585545454545455e+000 -7.392536492949692e+001
1.585636363636364e+000 -5.564451255797750e+001
1.585727272727273e+000 -5.920108944602487e+001
1.585818181818182e+000 -5.963756773941670e+001
1.585909090909091e+000 -5.557738703849551e+001
1.586000000000000e+000 -7.879293819594591e+001
1.586090909090909e+000 -5.529608656120733e+001
1.586181818181818e+000 -6.140384320920199e+001
1.586272727272727e+000 -5.821450125326825e+001
1.586363636363636e+000 -5.622251487426769e+001
1.586454545454546e+000 -6.945486124533205e+001
1.586545454545455e+000 -5.523759658974107e+001
1.586636363636364e+000 -6.349249159266687e+001
1.586727272727273e+000 -5.752184820661135e+001
1.586818181818182e+000 -5.679216011094289e+001
1.586909090909091e+000 -6.660556703069462e+001
1.587000000000000e+000 -5.530528961221507e+001
1.587090909090909e+000 -6.499051863170628e+001
1.587181818181818e+000 -5.727627935351719e+001
1.587272727272727e+000 -5.714508903506726e+001
1.587363636363637e+000 -6.578450802390802e+001
1.587454545454546e+000 -5.540790159837912e+001
1.587545454545455e+000 -6.541466482226358e+001
1.587636363636364e+000 -5.736382808977691e+001
1.587727272727273e+000 -5.720778687965631e+001
1.587818181818182e+000 -6.635973511219856e+001
1.587909090909091e+000 -5.551724279735634e+001
1.588000000000000e+000 -6.463340441192860e+001
1.588090909090909e+000 -5.777854428765154e+001
1.588181818181818e+000 -5.699325184929955e+001
1.588272727272727e+000 -6.862483292043659e+001
1.588363636363636e+000 -5.566677496426558e+001
1.588454545454546e+000 -6.299496920917244e+001
1.588545454545455e+000 -5.861963686901450e+001
1.588636363636364e+000 -5.659714506711830e+001
1.588727272727273e+000 -7.478537075805096e+001
1.588818181818182e+000 -5.595298599753226e+001
1.588909090909091e+000 -6.101506587846066e+001
1.589000000000000e+000 -6.014238263327653e+001
1.589090909090909e+000 -5.617496125776683e+001
1.589181818181818e+000 -8.167663388162873e+001
1.589272727272727e+000 -5.654567863754473e+001
1.589363636363637e+000 -5.909813896188717e+001
1.589454545454546e+000 -6.296702698052785e+001
1.589545454545455e+000 -5.592193259269650e+001
1.589636363636364e+000 -6.765141791739485e+001
1.589727272727273e+000 -5.773007493690193e+001
1.589818181818182e+000 -5.750894836661448e+001
1.589909090909091e+000 -6.928580283924474e+001
1.590000000000000e+000 -5.607765072653534e+001
1.590090909090909e+000 -6.206755686537807e+001
1.590181818181818e+000 -6.006253696405542e+001
1.590272727272727e+000 -5.644816929937196e+001
1.590363636363636e+000 -7.908224105788891e+001
1.590454545454546e+000 -5.698026701110135e+001
1.590545454545455e+000 -5.875456666002451e+001
1.590636363636364e+000 -6.513922539623829e+001
1.590727272727273e+000 -5.613735566152905e+001
1.590818181818182e+000 -6.420541498284783e+001
1.590909090909091e+000 -5.926085171851688e+001
1.591000000000000e+000 -5.686249837626512e+001
1.591090909090909e+000 -1.000000000000000e+002
1.591181818181818e+000 -5.693332034908610e+001
1.591272727272727e+000 -5.920874494921185e+001
1.591363636363637e+000 -6.483086765825155e+001
1.591454545454546e+000 -5.629021292482646e+001
1.591545454545455e+000 -6.415795210186110e+001
1.591636363636364e+000 -5.964551857122246e+001
1.591727272727273e+000 -5.687838319115991e+001
1.591818181818182e+000 -8.081514256349163e+001
1.591909090909091e+000 -5.737350226544712e+001
1.592000000000000e+000 -5.867364984079213e+001
1.592090909090909e+000 -6.759810674584161e+001
1.592181818181818e+000 -5.651881172512639e+001
1.592272727272727e+000 -6.208638698369610e+001
1.592363636363636e+000 -6.141406982938723e+001
1.592454545454546e+000 -5.664111338150366e+001
1.592545454545455e+000 -6.900533155013670e+001
1.592636363636364e+000 -5.860450676167039e+001
1.592727272727273e+000 -5.760023259826230e+001
1.592818181818182e+000 -8.194997922355212e+001
1.592909090909091e+000 -5.721675690255263e+001
1.593000000000000e+000 -5.943138448507928e+001
1.593090909090909e+000 -6.641130021858652e+001
1.593181818181818e+000 -5.669186901660946e+001
1.593272727272727e+000 -6.240299369286301e+001
1.593363636363637e+000 -6.178599749529369e+001
1.593454545454546e+000 -5.679361709245079e+001
1.593545454545455e+000 -6.744083369406553e+001
1.593636363636364e+000 -5.936929796950134e+001
1.593727272727273e+000 -5.740848243127307e+001
1.593818181818182e+000 -8.050641082473999e+001
1.593909090909091e+000 -5.799947227330764e+001
1.594000000000000e+000 -5.848781153136383e+001
1.594090909090909e+000 -7.346665833493204e+001
1.594181818181818e+000 -5.726326743330846e+001
1.594272727272727e+000 -6.003182036462999e+001
1.594363636363636e+000 -6.633628117955004e+001
1.594454545454546e+000 -5.695754517199600e+001
1.594545454545455e+000 -6.209630896964194e+001
1.594636363636364e+000 -6.298243251499328e+001
1.594727272727273e+000 -5.696153431344224e+001
1.594818181818182e+000 -6.483010137829444e+001
1.594909090909091e+000 -6.098607318270346e+001
1.595000000000000e+000 -5.719272371479359e+001
1.595090909090909e+000 -6.859904060506395e+001
1.595181818181818e+000 -5.970512894057836e+001
1.595272727272727e+000 -5.758786876950057e+001
1.595363636363637e+000 -7.452408852963255e+001
1.595454545454546e+000 -5.886445953155366e+001
1.595545454545455e+000 -5.809347600305533e+001
1.595636363636364e+000 -9.136226745655792e+001
1.595727272727273e+000 -5.831600355524882e+001
1.595818181818182e+000 -5.866060039649192e+001
1.595909090909091e+000 -7.929324943596569e+001
1.596000000000000e+000 -5.796845761521873e+001
1.596090909090909e+000 -5.924212270981950e+001
1.596181818181818e+000 -7.323076897029786e+001
1.596272727272727e+000 -5.776060094679867e+001
1.596363636363636e+000 -5.979195891906640e+001
1.596454545454546e+000 -7.040197305197182e+001
1.596545454545455e+000 -5.764958565947655e+001
1.596636363636364e+000 -6.026614498039650e+001
1.596727272727273e+000 -6.884567630872444e+001
1.596818181818182e+000 -5.760537444340071e+001
1.596909090909091e+000 -6.062572035406070e+001
1.597000000000000e+000 -6.802829811274066e+001
1.597090909090909e+000 -5.760802377134767e+001
1.597181818181818e+000 -6.084087890407943e+001
1.597272727272727e+000 -6.774905560366379e+001
1.597363636363637e+000 -5.764638335305366e+001
1.597454545454546e+000 -6.089518712349339e+001
1.597545454545455e+000 -6.794351687572312e+001
1.597636363636364e+000 -5.771753282018081e+001
1.597727272727273e+000 -6.078829844887950e+001
1.597818181818182e+000 -6.863883239089000e+001
1.597909090909091e+000 -5.782664409072688e+001
1.598000000000000e+000 -6.053600116246090e+001
1.598090909090909e+000 -6.997157854756415e+001
1.598181818181818e+000 -5.798719348668091e+001
1.598272727272727e+000 -6.016757716935555e+001
1.598363636363636e+000 -7.230036357122680e+001
1.598454545454546e+000 -5.822165665219729e+001
1.598545454545455e+000 -5.972159774132664e+001
1.598636363636364e+000 -7.672035625073356e+001
1.598727272727273e+000 -5.856307399843043e+001
1.598818181818182e+000 -5.924172911985697e+001
1.598909090909091e+000 -9.132481999153573e+001
1.599000000000000e+000 -5.905830440926483e+001
1.599090909090909e+000 -5.877376666469084e+001
1.599181818181818e+000 -7.897472505566967e+001
1.599272727272727e+000 -5.977471472988953e+001
1.599363636363637e+000 -5.836444845524898e+001
1.599454545454546e+000 -7.134427542212414e+001
1.599545454545455e+000 -6.081447807233585e+001
1.599636363636364e+000 -5.806212519127063e+001
1.599727272727273e+000 -6.705543891607589e+001
1.599818181818182e+000 -6.234813067872513e+001
1.599909090909091e+000 -5.791931667542980e+001
1.600000000000000e+000 -6.408253774933176e+001
