1.500000000000000e+000 -4.477904469755500e-008
1.500090909090909e+000 -3.374116726473038e-008
1.500181818181818e+000 -3.253101394911079e-007
1.500272727272727e+000 -8.843420108324690e-007
1.500363636363636e+000 -1.655675188407187e-006
1.500454545454546e+000 -2.570708411075189e-006
1.500545454545455e+000 -3.554339987640711e-006
1.500636363636364e+000 -4.531601662602923e-006
1.500727272727273e+000 -5.433456197815562e-006
1.500818181818182e+000 -6.201391510478005e-006
1.500909090909091e+000 -6.790611612367783e-006
1.501000000000000e+000 -7.171776991930088e-006
1.501090909090909e+000 -7.331379181279028e-006
1.501181818181818e+000 -7.270929853683838e-006
1.501272727272727e+000 -7.005209882290939e-006
1.501363636363637e+000 -6.559854001642309e-006
1.501454545454545e+000 -5.968549589342775e-006
1.501545454545455e+000 -5.270107018734387e-006
1.501636363636364e+000 -4.505622409166894e-006
1.501727272727273e+000 -3.715907114633233e-006
1.501818181818182e+000 -2.939306552232599e-006
1.501909090909091e+000 -2.209982883700820e-006
1.502000000000000e+000 -1.556690078171680e-006
1.502090909090909e+000 -1.002031296689193e-006
1.502181818181818e+000 -5.621609987286725e-007
1.502272727272727e+000 -2.468710207348681e-007
1.502363636363636e+000 -5.998928075658034e-008
1.502454545454546e+000 -1.333954184485211e-011
1.502545454545455e+000 -6.090344681402956e-008
1.502636363636364e+000 -2.329636517331298e-007
1.502727272727273e+000 -5.037498890483504e-007
1.502818181818182e+000 -8.589541121659951e-007
1.502909090909091e+000 -1.283224554482139e-006
1.503000000000000e+000 -1.760894828999859e-006
1.503090909090909e+000 -2.276603694738317e-006
1.503181818181818e+000 -2.815797408014692e-006
1.503272727272727e+000 -3.365114284398914e-006
1.503363636363637e+000 -3.912656137575984e-006
1.503454545454545e+000 -4.448157354880679e-006
1.503545454545455e+000 -4.963063167234614e-006
1.503636363636364e+000 -5.450532235388627e-006
1.503727272727273e+000 -5.905377766495165e-006
1.503818181818182e+000 -6.323961796493687e-006
1.503909090909091e+000 -6.704055966210852e-006
1.504000000000000e+000 -7.044680693843044e-006
1.504090909090909e+000 -7.345933352877217e-006
1.504181818181818e+000 -7.608813623333221e-006
1.504272727272727e+000 -7.835053200129442e-006
1.504363636363636e+000 -8.026954711598510e-006
1.504454545454546e+000 -8.187243680921420e-006
1.504545454545455e+000 -8.318935742208317e-006
1.504636363636364e+000 -8.425220122358830e-006
1.504727272727273e+000 -8.509360197318889e-006
1.504818181818182e+000 -8.574609999310188e-006
1.504909090909091e+000 -8.624146247365559e-006
1.505000000000000e+000 -8.661014185153979e-006
1.505090909090909e+000 -8.688085971506178e-006
1.505181818181818e+000 -8.708029507420252e-006
1.505272727272727e+000 -8.723286336465739e-006
1.505363636363637e+000 -8.736056720782687e-006
1.505454545454545e+000 -8.748290247043690e-006
1.505545454545455e+000 -8.761680389553634e-006
1.505636363636364e+000 -8.777662031920200e-006
1.505727272727273e+000 -8.797410292020237e-006
1.505818181818182e+000 -8.821839922190342e-006
1.505909090909091e+000 -8.851604362740218e-006
1.506000000000000e+000 -8.887093968550822e-006
1.506090909090909e+000 -8.928432540377178e-006
1.506181818181818e+000 -8.975472308397245e-006
1.506272727272727e+000 -9.027787070992894e-006
1.506363636363636e+000 -9.084663664270957e-006
1.506454545454546e+000 -9.145091968691529e-006
1.506545454545455e+000 -9.207754153872393e-006
1.506636363636364e+000 -9.271013694363844e-006
1.506727272727273e+000 -9.332905689198898e-006
1.506818181818182e+000 -9.391128829488841e-006
1.506909090909091e+000 -9.443041476967339e-006
1.507000000000000e+000 -9.485663125440475e-006
1.507090909090909e+000 -9.515683245169929e-006
1.507181818181818e+000 -9.529480151496257e-006
1.507272727272727e+000 -9.523151954625371e-006
1.507363636363637e+000 -9.492562629669711e-006
1.507454545454545e+000 -9.433405278810296e-006
1.507545454545455e+000 -9.341285633824801e-006
1.507636363636364e+000 -9.211828062737667e-006
1.507727272727273e+000 -9.040806014055803e-006
1.507818181818182e+000 -8.824297666649219e-006
1.507909090909091e+000 -8.558868070202715e-006
1.508000000000000e+000 -8.241776008082845e-006
1.508090909090909e+000 -7.871203732000689e-006
1.508181818181818e+000 -7.446504513374752e-006
1.508272727272727e+000 -6.968462555616713e-006
1.508363636363636e+000 -6.439554568031348e-006
1.508454545454546e+000 -5.864202487679604e-006
1.508545454545455e+000 -5.249001815781574e-006
1.508636363636364e+000 -4.602908112910362e-006
1.508727272727273e+000 -3.937361486582628e-006
1.508818181818182e+000 -3.266327155656293e-006
1.508909090909091e+000 -2.606227943625648e-006
1.509000000000000e+000 -1.975746576633168e-006
1.509090909090909e+000 -1.395474791278416e-006
1.509181818181818e+000 -8.873921782670179e-007
1.509272727272727e+000 -4.741621787185133e-007
1.509363636363637e+000 -1.782415287976861e-007
1.509454545454545e+000 -2.081167280671134e-008
1.509545454545455e+000 -2.055330440467715e-008
1.509636363636364e+000 -1.923025694809138e-007
1.509727272727273e+000 -5.456463955041587e-007
1.509818181818182e+000 -1.083531222101727e-006
1.509909090909091e+000 -1.800981094436363e-006
1.510000000000000e+000 -2.684034711669870e-006
1.510090909090909e+000 -3.709023689629978e-006
1.510181818181818e+000 -4.842319473122345e-006
1.510272727272727e+000 -6.040671280780552e-006
1.510363636363636e+000 -7.252240419868526e-006
1.510454545454546e+000 -8.418408035315210e-006
1.510545454545455e+000 -9.476386078719018e-006
1.510636363636364e+000 -1.036260344434082e-005
1.510727272727273e+000 -1.101676503314519e-005
1.510818181818182e+000 -1.138639898608486e-005
1.510909090909091e+000 -1.143162148251107e-005
1.511000000000000e+000 -1.112976428610822e-005
1.511090909090909e+000 -1.047944213042427e-005
1.511181818181818e+000 -9.503592454882569e-006
1.511272727272727e+000 -8.251012520442275e-006
1.511363636363637e+000 -6.795958227328969e-006
1.511454545454545e+000 -5.235465948973497e-006
1.511545454545455e+000 -3.684214076819470e-006
1.511636363636364e+000 -2.266955035042669e-006
1.511727272727273e+000 -1.108811931269789e-006
1.511818181818182e+000 -3.240252125832939e-007
1.511909090909091e+000 -4.027866609780386e-009
1.512000000000000e+000 -2.059872500573344e-007
1.512090909090909e+000 -9.431319911711067e-007
1.512181818181818e+000 -2.178246954408334e-006
1.512272727272727e+000 -3.821622137683475e-006
1.512363636363636e+000 -5.734463667686632e-006
1.512454545454546e+000 -7.738300209589545e-006
1.512545454545455e+000 -9.630272380154128e-006
1.512636363636364e+000 -1.120341748142276e-005
1.512727272727273e+000 -1.227023999685933e-005
1.512818181818182e+000 -1.268709548859812e-005
1.512909090909091e+000 -1.237634303883713e-005
1.513000000000000e+000 -1.134296070070028e-005
1.513090909090909e+000 -9.682492450093951e-006
1.513181818181818e+000 -7.577869947417823e-006
1.513272727272727e+000 -5.283839042632034e-006
1.513363636363637e+000 -3.099345400174384e-006
1.513454545454545e+000 -1.330129041906793e-006
1.513545454545455e+000 -2.456881250057947e-007
1.513636363636364e+000 -3.638341490114362e-008
1.513727272727273e+000 -7.774173796889156e-007
1.513818181818182e+000 -2.406435009582855e-006
1.513909090909091e+000 -4.720345545568052e-006
1.514000000000000e+000 -7.394617085270292e-006
1.514090909090909e+000 -1.002493033620468e-005
1.514181818181818e+000 -1.218710510538113e-005
1.514272727272727e+000 -1.350726534989824e-005
1.514363636363636e+000 -1.373105142698360e-005
1.514454545454546e+000 -1.277910015512580e-005
1.514545454545455e+000 -1.077662892796690e-005
1.514636363636364e+000 -8.048091408579697e-006
1.514727272727273e+000 -5.073373216010058e-006
1.514818181818182e+000 -2.409175943168848e-006
1.514909090909091e+000 -5.868946075824181e-007
1.515000000000000e+000 -4.863599080869371e-009
1.515090909090909e+000 -8.366707599652995e-007
1.515181818181818e+000 -2.976954550911698e-006
1.515272727272727e+000 -6.040990368021958e-006
1.515363636363637e+000 -9.424732076566013e-006
1.515454545454545e+000 -1.241922649510899e-005
1.515545454545455e+000 -1.435993714997279e-005
1.515636363636364e+000 -1.478062025656444e-005
1.515727272727273e+000 -1.353611512039092e-005
1.515818181818182e+000 -1.086105649352235e-005
1.515909090909091e+000 -7.342810658054753e-006
1.516000000000000e+000 -3.805481161194176e-006
1.516090909090909e+000 -1.124029268989517e-006
1.516181818181818e+000 -8.139476867139250e-009
1.516272727272727e+000 -8.086097655925679e-007
1.516363636363636e+000 -3.399900270540356e-006
1.516454545454546e+000 -7.178743667645683e-006
1.516545454545455e+000 -1.119185702644392e-005
1.516636363636364e+000 -1.437133165400720e-005
1.516727272727273e+000 -1.582299136554311e-005
1.516818181818182e+000 -1.509090328252099e-005
1.516909090909091e+000 -1.231870479181461e-005
1.517000000000000e+000 -8.249358135420086e-006
1.517090909090909e+000 -4.046609220125414e-006
1.517181818181818e+000 -9.740485627076112e-007
1.517272727272727e+000 -1.626815617484992e-008
1.517363636363637e+000 -1.554943464012528e-006
1.517454545454545e+000 -5.208396345203672e-006
1.517545454545455e+000 -9.902777170199260e-006
1.517636363636364e+000 -1.417454599147991e-005
1.517727272727273e+000 -1.662652600383407e-005
1.517818181818182e+000 -1.639879851387874e-005
1.517909090909091e+000 -1.349483945282351e-005
1.518000000000000e+000 -8.835809052173205e-006
1.518090909090909e+000 -3.997870659319089e-006
1.518181818181818e+000 -6.961254230583850e-007
1.518272727272727e+000 -1.779484103624412e-007
1.518363636363636e+000 -2.739773873085602e-006
1.518454545454546e+000 -7.558526672530951e-006
1.518545454545455e+000 -1.293033502630041e-005
1.518636363636364e+000 -1.686269838943243e-005
1.518727272727273e+000 -1.782300416606598e-005
1.518818181818182e+000 -1.536379111039317e-005
1.518909090909091e+000 -1.036501359806892e-005
1.519000000000000e+000 -4.761450667799766e-006
1.519090909090909e+000 -8.208127649464611e-007
1.519181818181818e+000 -2.314454062918287e-007
1.519272727272727e+000 -3.365129582501697e-006
1.519363636363637e+000 -9.043050614823496e-006
1.519454545454545e+000 -1.494906814416606e-005
1.519545454545455e+000 -1.856610555525387e-005
1.519636363636364e+000 -1.826772837603213e-005
1.519727272727273e+000 -1.409106138811344e-005
1.519818181818182e+000 -7.815003427593891e-006
1.519909090909091e+000 -2.249664764760724e-006
1.520000000000000e+000 -1.298302998064093e-010
1.520090909090909e+000 -2.240178143081365e-006
1.520181818181818e+000 -8.078318575775712e-006
1.520272727272727e+000 -1.486894107829339e-005
1.520363636363636e+000 -1.939447113228717e-005
1.520454545454546e+000 -1.940815910339931e-005
1.520545454545455e+000 -1.479951320042355e-005
1.520636363636364e+000 -7.765973249922678e-006
1.520727272727273e+000 -1.824333946643236e-006
1.520818181818182e+000 -7.884926881322863e-008
1.520909090909091e+000 -3.589137775300604e-006
1.521000000000000e+000 -1.070512395819579e-005
1.521090909090909e+000 -1.779851048114035e-005
1.521181818181818e+000 -2.110503126873346e-005
1.521272727272727e+000 -1.875988201499029e-005
1.521363636363637e+000 -1.192049467935420e-005
1.521454545454545e+000 -4.282112650705706e-006
1.521545454545455e+000 -1.368791432607445e-007
1.521636363636364e+000 -1.970697972894035e-006
1.521727272727273e+000 -8.945135739495200e-006
1.521818181818182e+000 -1.721287692864777e-005
1.521909090909091e+000 -2.201760029141208e-005
1.522000000000000e+000 -2.046340957008767e-005
1.522090909090909e+000 -1.334148617972839e-005
1.522181818181818e+000 -4.837576636791037e-006
1.522272727272727e+000 -1.451789412775825e-007
1.522363636363636e+000 -2.309938238010710e-006
1.522454545454546e+000 -1.022313844297171e-005
1.522545454545455e+000 -1.911439960488242e-005
1.522636363636364e+000 -2.340762128472684e-005
1.522727272727273e+000 -2.026707007430636e-005
1.522818181818182e+000 -1.157357520537482e-005
1.522909090909091e+000 -2.920754469917843e-006
1.523000000000000e+000 -8.900551429571779e-008
1.523090909090909e+000 -5.186187372496477e-006
1.523181818181818e+000 -1.504586827706379e-005
1.523272727272727e+000 -2.313476856952907e-005
1.523363636363637e+000 -2.389365892081118e-005
1.523454545454545e+000 -1.665184158208303e-005
1.523545454545455e+000 -6.330758195442976e-006
1.523636363636364e+000 -2.186199795419922e-007
1.523727272727273e+000 -2.863981443270236e-006
1.523818181818182e+000 -1.265931802767310e-005
1.523909090909091e+000 -2.272518856262595e-005
1.524000000000000e+000 -2.572983056757329e-005
1.524090909090909e+000 -1.931726070415350e-005
1.524181818181818e+000 -8.105453900079690e-006
1.524272727272727e+000 -5.132361105960633e-007
1.524363636363636e+000 -2.504221854577231e-006
1.524454545454546e+000 -1.287672768666810e-005
1.524545454545455e+000 -2.387020153873132e-005
1.524636363636364e+000 -2.695641446472778e-005
1.524727272727273e+000 -1.955748613076608e-005
1.524818181818182e+000 -7.375399682184605e-006
1.524909090909091e+000 -1.713669161224482e-007
1.525000000000000e+000 -4.012924162470090e-006
1.525090909090909e+000 -1.613154211853241e-005
1.525181818181818e+000 -2.681658812030939e-005
1.525272727272727e+000 -2.720744747076289e-005
1.525363636363637e+000 -1.678821596087578e-005
1.525454545454545e+000 -4.196736878033882e-006
1.525545454545455e+000 -2.368934488610922e-007
1.525636363636364e+000 -8.648304563452358e-006
1.525727272727273e+000 -2.253942701772136e-005
1.525818181818182e+000 -2.996900751840330e-005
1.525909090909091e+000 -2.429311055728799e-005
1.526000000000000e+000 -1.032572172099621e-005
1.526090909090909e+000 -5.078313327191490e-007
1.526181818181818e+000 -3.954716509553076e-006
1.526272727272727e+000 -1.797588183146430e-005
1.526363636363636e+000 -3.004386155544809e-005
1.526454545454546e+000 -2.901065379174954e-005
1.526545454545455e+000 -1.560968381512757e-005
1.526636363636364e+000 -2.274486223377782e-006
1.526727272727273e+000 -1.808412969211431e-006
1.526818181818182e+000 -1.511977804597011e-005
1.526909090909091e+000 -2.983557879481123e-005
1.527000000000000e+000 -3.178963012977623e-005
1.527090909090909e+000 -1.885444613914323e-005
1.527181818181818e+000 -3.557129984079874e-006
1.527272727272727e+000 -1.211172563136846e-006
1.527363636363637e+000 -1.465041832521302e-005
1.527454545454545e+000 -3.083409115359664e-005
1.527545454545455e+000 -3.347861312152999e-005
1.527636363636364e+000 -1.965340833598123e-005
1.527727272727273e+000 -3.374733387945853e-006
1.527818181818182e+000 -1.697069644595377e-006
1.527909090909091e+000 -1.692126694032295e-005
1.528000000000000e+000 -3.354395651851386e-005
1.528090909090909e+000 -3.404591603787667e-005
1.528181818181818e+000 -1.762305622209251e-005
1.528272727272727e+000 -1.749752574144346e-006
1.528363636363636e+000 -3.896628886399335e-006
1.528454545454546e+000 -2.235799834498577e-005
1.528545454545455e+000 -3.734546827542852e-005
1.528636363636364e+000 -3.226942128081591e-005
1.528727272727273e+000 -1.246724480779245e-005
1.528818181818182e+000 -7.928442351908807e-008
1.528909090909091e+000 -9.569352621550328e-006
1.529000000000000e+000 -3.085280251804816e-005
1.529090909090909e+000 -3.991659626484820e-005
1.529181818181818e+000 -2.612055419638943e-005
1.529272727272727e+000 -5.177178438565381e-006
1.529363636363637e+000 -1.738683475156974e-006
1.529454545454545e+000 -2.055747888338737e-005
1.529545454545455e+000 -4.000912700018083e-005
1.529636363636364e+000 -3.698539621254704e-005
1.529727272727273e+000 -1.476535757300275e-005
1.529818181818182e+000 -9.480897935055218e-008
1.529909090909091e+000 -1.137608037597875e-005
1.530000000000000e+000 -3.564076285464110e-005
1.530090909090909e+000 -4.337770697618637e-005
1.530181818181818e+000 -2.473103659555547e-005
1.530272727272727e+000 -2.684809981769317e-006
1.530363636363636e+000 -5.300059014221468e-006
1.530454545454546e+000 -3.017833477554480e-005
1.530545454545455e+000 -4.631120835730644e-005
1.530636363636364e+000 -3.293307385712567e-005
1.530727272727273e+000 -6.891223115245384e-006
1.530818181818182e+000 -2.145293005866775e-006
1.530909090909091e+000 -2.580641926137870e-005
1.531000000000000e+000 -4.765320706641206e-005
1.531090909090909e+000 -3.886791618106791e-005
1.531181818181818e+000 -1.069335759312107e-005
1.531272727272727e+000 -8.837755946574662e-007
1.531363636363637e+000 -2.356796342413896e-005
1.531454545454545e+000 -4.902719967813438e-005
1.531545454545455e+000 -4.273824382552686e-005
1.531636363636364e+000 -1.285888107512739e-005
1.531727272727273e+000 -5.989947062903229e-007
1.531818181818182e+000 -2.394005005843615e-005
1.531909090909091e+000 -5.142330710363866e-005
1.532000000000000e+000 -4.467483421978825e-005
1.532090909090909e+000 -1.273059653929197e-005
1.532181818181818e+000 -9.962052960126321e-007
1.532272727272727e+000 -2.732841700002463e-005
1.532363636363636e+000 -5.507643545489153e-005
1.532454545454546e+000 -4.429102196552870e-005
1.532545454545455e+000 -1.011802008004185e-005
1.532636363636364e+000 -2.681816405146877e-006
1.532727272727273e+000 -3.420154143011691e-005
1.532818181818182e+000 -5.926553783929497e-005
1.532909090909091e+000 -4.059680917385772e-005
1.533000000000000e+000 -5.568189654826195e-006
1.533090909090909e+000 -7.293513045918152e-006
1.533181818181818e+000 -4.468968137133336e-005
1.533272727272727e+000 -6.196883554421868e-005
1.533363636363637e+000 -3.244420522417624e-005
1.533454545454545e+000 -1.059792610010385e-006
1.533545454545455e+000 -1.721394184017205e-005
1.533636363636364e+000 -5.752387806446545e-005
1.533727272727273e+000 -5.975046219262758e-005
1.533818181818182e+000 -1.984165676789311e-005
1.533909090909091e+000 -7.251481941673744e-007
1.534000000000000e+000 -3.422673450284189e-005
1.534090909090909e+000 -6.857628056761744e-005
1.534181818181818e+000 -4.884030993346480e-005
1.534272727272727e+000 -6.186555450591004e-006
1.534363636363636e+000 -1.037263429169618e-005
1.534454545454546e+000 -5.658431958883876e-005
1.534545454545455e+000 -7.037836866690593e-005
1.534636363636364e+000 -2.857723133654852e-005
1.534727272727273e+000 -6.577636233089925e-008
1.534818181818182e+000 -3.385991564249772e-005
1.534909090909091e+000 -7.556605905716422e-005
1.535000000000000e+000 -5.545429811064930e-005
1.535090909090909e+000 -6.737456702701418e-006
1.535181818181818e+000 -1.285081028801468e-005
1.535272727272727e+000 -6.577753209728422e-005
1.535363636363637e+000 -7.618441350178880e-005
1.535454545454545e+000 -2.553098729325088e-005
1.535545454545455e+000 -1.400667406094833e-006
1.535636363636364e+000 -4.794240039144533e-005
1.535727272727273e+000 -8.610196272093270e-005
1.535818181818182e+000 -4.885390706510247e-005
1.535909090909091e+000 -1.252074132713098e-006
1.536000000000000e+000 -2.930173665947749e-005
1.536090909090909e+000 -8.591427317189868e-005
1.536181818181818e+000 -7.059791065956471e-005
1.536272727272727e+000 -9.998455707981480e-006
1.536363636363636e+000 -1.452102346540680e-005
1.536454545454546e+000 -7.910247776686648e-005
1.536545454545455e+000 -8.770414820948989e-005
1.536636363636364e+000 -2.376190080828171e-005
1.536727272727273e+000 -5.238347521550146e-006
1.536818181818182e+000 -6.955239918285778e-005
1.536909090909091e+000 -9.980392023488193e-005
1.537000000000000e+000 -3.904754866368533e-005
1.537090909090909e+000 -9.252742559690462e-007
1.537181818181818e+000 -6.028051456120501e-005
1.537272727272727e+000 -1.081264412222579e-004
1.537363636363637e+000 -5.347483782420272e-005
1.537454545454545e+000 -9.935859344870581e-009
1.537545454545455e+000 -5.315548413263663e-005
1.537636363636364e+000 -1.144782076157939e-004
1.537727272727273e+000 -6.571932536585869e-005
1.537818181818182e+000 -7.289865421408763e-007
1.537909090909091e+000 -4.918313786528965e-005
1.538000000000000e+000 -1.205818052481749e-004
1.538090909090909e+000 -7.510016786601897e-005
1.538181818181818e+000 -1.615058544972339e-006
1.538272727272727e+000 -4.897339262447298e-005
1.538363636363636e+000 -1.277307164007113e-004
1.538454545454546e+000 -8.111737444099271e-005
1.538545454545455e+000 -1.747217799322739e-006
1.538636363636364e+000 -5.316346090455005e-005
1.538727272727273e+000 -1.365912872560532e-004
1.538818181818182e+000 -8.309976750394894e-005
1.538909090909091e+000 -9.432173269379734e-007
1.539000000000000e+000 -6.268028293887287e-005
1.539090909090909e+000 -1.469856686098610e-004
1.539181818181818e+000 -8.006018559964214e-005
1.539272727272727e+000 -3.082432063157370e-008
1.539363636363637e+000 -7.874477528991104e-005
1.539454545454545e+000 -1.575620643698295e-004
1.539545454545455e+000 -7.087362401712428e-005
1.539636363636364e+000 -1.232787247582280e-006
1.539727272727273e+000 -1.024741520667730e-004
1.539818181818182e+000 -1.653967940738875e-004
1.539909090909091e+000 -5.495008593056555e-005
1.540000000000000e+000 -8.517728294533884e-006
1.540090909090909e+000 -1.338978063313343e-004
1.540181818181818e+000 -1.658073963630502e-004
1.540272727272727e+000 -3.356553561839439e-005
1.540363636363636e+000 -2.747998895389416e-005
1.540454545454546e+000 -1.703041946924674e-004
1.540545454545455e+000 -1.529879460818170e-004
1.540636363636364e+000 -1.176598360277854e-005
1.540727272727273e+000 -6.397281040807523e-005
1.540818181818182e+000 -2.042874632260671e-004
1.540909090909091e+000 -1.223521867274454e-004
1.541000000000000e+000 -5.893580602295761e-008
1.541090909090909e+000 -1.206254353392916e-004
1.541181818181818e+000 -2.228280621270841e-004
1.541272727272727e+000 -7.521918121961250e-005
1.541363636363637e+000 -1.392485507099273e-005
1.541454545454545e+000 -1.911754247677481e-004
1.541545454545455e+000 -2.099843332765628e-004
1.541636363636364e+000 -2.491635817964251e-005
1.541727272727273e+000 -6.817908985006006e-005
1.541818181818182e+000 -2.550203159361324e-004
1.541909090909091e+000 -1.560547822284829e-004
1.542000000000000e+000 -1.451713033085580e-010
1.542090909090909e+000 -1.642972540919022e-004
1.542181818181818e+000 -2.783543991639282e-004
1.542272727272727e+000 -7.290230512172932e-005
1.542363636363636e+000 -3.651084969524734e-005
1.542454545454546e+000 -2.746886212960754e-004
1.542545454545455e+000 -2.305201498262982e-004
1.542636363636364e+000 -6.397917611214354e-006
1.542727272727273e+000 -1.523161034637535e-004
1.542818181818182e+000 -3.387793000613153e-004
1.542909090909091e+000 -1.174944584432228e-004
1.543000000000000e+000 -2.600429257806112e-005
1.543090909090909e+000 -3.107357137450434e-004
1.543181818181818e+000 -2.929696808844656e-004
1.543272727272727e+000 -1.242148246852263e-005
1.543363636363637e+000 -1.733421337896135e-004
1.543454545454545e+000 -4.083023517421988e-004
1.543545454545455e+000 -1.397732424610145e-004
1.543636363636364e+000 -3.605452459248830e-005
1.543727272727273e+000 -3.876965370786929e-004
1.543818181818182e+000 -3.370579433012420e-004
1.543909090909091e+000 -6.368473088639898e-006
1.544000000000000e+000 -2.501186722109940e-004
1.544090909090909e+000 -4.918564265716328e-004
1.544181818181818e+000 -1.219755834023198e-004
1.544272727272727e+000 -8.682697121524860e-005
1.544363636363636e+000 -5.227792522359461e-004
1.544454545454546e+000 -3.377746086717374e-004
1.544545454545455e+000 -1.438357780874472e-006
1.544636363636364e+000 -4.199768743213562e-004
1.544727272727273e+000 -5.608425898707959e-004
1.544818181818182e+000 -5.605618321641327e-005
1.544909090909091e+000 -2.404050229621308e-004
1.545000000000000e+000 -7.016247474115668e-004
1.545090909090909e+000 -2.494854364002513e-004
1.545181818181818e+000 -7.320398452091827e-005
1.545272727272727e+000 -7.117605489530823e-004
1.545363636363637e+000 -5.283775719607682e-004
1.545454545454545e+000 -1.426507841256194e-007
1.545545454545455e+000 -5.957975786866716e-004
1.545636363636364e+000 -8.162386198230152e-004
1.545727272727273e+000 -6.948704751247405e-005
1.545818181818182e+000 -4.004785219335979e-004
1.545909090909091e+000 -1.042859266472144e-003
1.546000000000000e+000 -2.891509618826517e-004
1.546090909090909e+000 -1.933842056523539e-004
1.546181818181818e+000 -1.163144725168768e-003
1.546272727272727e+000 -6.350850538678884e-004
1.546363636363636e+000 -4.245144008619016e-005
1.546454545454546e+000 -1.162681213833197e-003
1.546545454545455e+000 -1.066817813773434e-003
1.546636363636364e+000 -3.214726902835115e-006
1.546727272727273e+000 -1.053200012007949e-003
1.546818181818182e+000 -1.542914459714002e-003
1.546909090909091e+000 -1.155886485778103e-004
1.547000000000000e+000 -8.632304494726598e-004
1.547090909090909e+000 -2.032269434996851e-003
1.547181818181818e+000 -4.089116853011356e-004
1.547272727272727e+000 -6.286613024349410e-004
1.547363636363637e+000 -2.520355845489865e-003
1.547454545454545e+000 -9.134028247866306e-004
1.547545454545455e+000 -3.863023392335429e-004
1.547636363636364e+000 -3.011706617940530e-003
1.547727272727273e+000 -1.677990959539666e-003
1.547818181818182e+000 -1.723082386885666e-004
1.547909090909091e+000 -3.530845325598915e-003
1.548000000000000e+000 -2.799107984490755e-003
1.548090909090909e+000 -2.787966681394417e-005
1.548181818181818e+000 -4.123807918362726e-003
1.548272727272727e+000 -4.475752793672489e-003
1.548363636363636e+000 -2.009891584468162e-005
1.548454545454546e+000 -4.860570043780662e-003
1.548545454545455e+000 -7.135641060307476e-003
1.548636363636364e+000 -3.093107677311881e-004
1.548727272727273e+000 -5.828250896859367e-003
1.548818181818182e+000 -1.177465905420594e-002
1.548909090909091e+000 -1.408915525685355e-003
1.549000000000000e+000 -7.039557818025064e-003
1.549090909090909e+000 -2.102840435189655e-002
1.549181818181818e+000 -5.520371770240161e-003
1.549272727272727e+000 -7.721818969686075e-003
1.549363636363637e+000 -4.303333427335570e-002
1.549454545454545e+000 -2.711381118685387e-002
1.549545454545455e+000 -2.115656443564149e-003
1.549636363636364e+000 -9.356987670256652e-002
1.549727272727273e+000 -2.407507345782648e-001
1.549818181818182e+000 -4.994240035800572e-001
1.549909090909091e+000 -1.018307008738535e-001
1.550000000000000e+000 -1.000000000000000e+002
1.550090909090909e+000 -9.995584116900035e-002
1.550181818181818e+000 -5.021793766215502e-001
1.550272727272727e+000 -2.414030826054709e-001
1.550363636363636e+000 -8.944732244206956e-002
1.550454545454546e+000 -9.565798678454777e-004
1.550545454545455e+000 -3.153935512933267e-002
1.550636363636364e+000 -4.166430830457873e-002
1.550727272727273e+000 -4.336743977471961e-003
1.550818181818182e+000 -9.493035408033963e-003
1.550909090909091e+000 -2.106276069535953e-002
1.551000000000000e+000 -3.095778192289997e-003
1.551090909090909e+000 -4.904229133578808e-003
1.551181818181818e+000 -1.245882787882084e-002
1.551272727272727e+000 -1.757160793894048e-003
1.551363636363637e+000 -3.470057704601444e-003
1.551454545454545e+000 -8.112978655336164e-003
1.551545454545455e+000 -8.494620857668682e-004
1.551636363636364e+000 -2.923902308667995e-003
1.551727272727273e+000 -5.545821745096267e-003
1.551818181818182e+000 -3.104376168117498e-004
1.551909090909091e+000 -2.688953514687408e-003
1.552000000000000e+000 -3.831198038864163e-003
1.552090909090909e+000 -5.090960186593302e-005
1.552181818181818e+000 -2.555937866873567e-003
1.552272727272727e+000 -2.580460753792547e-003
1.552363636363636e+000 -6.010733551287616e-006
1.552454545454546e+000 -2.422911275117473e-003
1.552545454545455e+000 -1.624884343876191e-003
1.552636363636364e+000 -1.241082914810696e-004
1.552727272727273e+000 -2.230718852624545e-003
1.552818181818182e+000 -8.984753445182652e-004
1.552909090909091e+000 -3.529801100978367e-004
1.553000000000000e+000 -1.947945999786614e-003
1.553090909090909e+000 -3.850997368553344e-004
1.553181818181818e+000 -6.316259226418346e-004
1.553272727272727e+000 -1.571072693702949e-003
1.553363636363637e+000 -8.696742411173119e-005
1.553454545454545e+000 -8.898291422355399e-004
1.553545454545455e+000 -1.127747859148813e-003
1.553636363636364e+000 -4.155767342640185e-007
1.553727272727273e+000 -1.056651177612352e-003
1.553818181818182e+000 -6.759199943501096e-004
1.553909090909091e+000 -9.664209984022047e-005
1.554000000000000e+000 -1.077197618997208e-003
1.554090909090909e+000 -2.933964167526066e-004
1.554181818181818e+000 -3.111332858934897e-004
1.554272727272727e+000 -9.333118644060289e-004
1.554363636363636e+000 -5.559871002840968e-005
1.554454545454546e+000 -5.479555180742658e-004
1.554545454545455e+000 -6.593221808058975e-004
1.554636363636364e+000 -5.266801682042996e-006
1.554727272727273e+000 -7.028372644367301e-004
1.554818181818182e+000 -3.413214420562508e-004
1.554909090909091e+000 -1.255337520819318e-004
1.555000000000000e+000 -7.012131880552277e-004
1.555090909090909e+000 -9.147276412290805e-005
1.555181818181818e+000 -3.330346286563099e-004
1.555272727272727e+000 -5.361097956199473e-004
1.555363636363637e+000 -6.143685934693070e-009
1.555454545454545e+000 -5.044956796545532e-004
1.555545454545455e+000 -2.823552513820552e-004
1.555636363636364e+000 -8.443758773971911e-005
1.555727272727273e+000 -5.346297079669498e-004
1.555818181818182e+000 -6.747909647758135e-005
1.555909090909091e+000 -2.681882733186561e-004
1.556000000000000e+000 -3.992088402162543e-004
1.556090909090909e+000 -1.751270503334730e-006
1.556181818181818e+000 -4.149032049072478e-004
1.556272727272727e+000 -1.802447770769851e-004
1.556363636363636e+000 -1.031586473701923e-004
1.556454545454546e+000 -4.128291682063755e-004
1.556545454545455e+000 -2.085983965402411e-005
1.556636363636364e+000 -2.737827230172975e-004
1.556727272727273e+000 -2.589438637521242e-004
1.556818181818182e+000 -2.355363933955023e-005
1.556909090909091e+000 -3.632718947697625e-004
1.557000000000000e+000 -7.173786274884717e-005
1.557090909090909e+000 -1.625908933206311e-004
1.557181818181818e+000 -2.889157230957102e-004
1.557272727272727e+000 -7.397425859829955e-007
1.557363636363637e+000 -2.949173938294857e-004
1.557454545454545e+000 -1.151958886362071e-004
1.557545454545455e+000 -9.177066462591155e-005
1.557636363636364e+000 -2.845453837380611e-004
1.557727272727273e+000 -3.297364066817836e-006
1.557818181818182e+000 -2.338436931328022e-004
1.557909090909091e+000 -1.390607008277540e-004
1.558000000000000e+000 -5.292940483314449e-005
1.558090909090909e+000 -2.639369991605720e-004
1.558181818181818e+000 -1.114978935672389e-005
1.558272727272727e+000 -1.894376522561727e-004
1.558363636363636e+000 -1.445782406949336e-004
1.558454545454546e+000 -3.450470475183474e-005
1.558545454545455e+000 -2.392647377034997e-004
1.558636363636364e+000 -1.527916148061612e-005
1.558727272727273e+000 -1.620357251248974e-004
1.558818181818182e+000 -1.365601304074154e-004
1.558909090909091e+000 -2.821080087205140e-005
1.559000000000000e+000 -2.159240826555974e-004
1.559090909090909e+000 -1.362153906994314e-005
1.559181818181818e+000 -1.486407610089294e-004
1.559272727272727e+000 -1.190499776107630e-004
1.559363636363637e+000 -3.003377486532081e-005
1.559454545454545e+000 -1.944060397423930e-004
1.559545454545455e+000 -7.826773562147765e-006
1.559636363636364e+000 -1.454109306746902e-004
1.559727272727273e+000 -9.459870493143808e-005
1.559818181818182e+000 -3.907534854833940e-005
1.559909090909091e+000 -1.722204907148686e-004
1.560000000000000e+000 -1.696636290127502e-006
1.560090909090909e+000 -1.478873789242454e-004
1.560181818181818e+000 -6.535064393266965e-005
1.560272727272727e+000 -5.566967224505723e-005
1.560363636363636e+000 -1.455304505206583e-004
1.560454545454546e+000 -5.273864495803039e-007
1.560545454545455e+000 -1.502488881279664e-004
1.560636363636364e+000 -3.488917851607603e-005
1.560727272727273e+000 -7.901902179994821e-005
1.560818181818182e+000 -1.111601915767460e-004
1.560909090909091e+000 -1.007352317053468e-005
1.561000000000000e+000 -1.449582624985135e-004
1.561090909090909e+000 -9.897614446187239e-006
1.561181818181818e+000 -1.045433005601735e-004
1.561272727272727e+000 -6.958542146897829e-005
1.561363636363637e+000 -3.387301613280646e-005
1.561454545454545e+000 -1.244084038687939e-004
1.561545454545455e+000 -1.969892955190091e-008
1.561636363636364e+000 -1.222172267946293e-004
1.561727272727273e+000 -2.827199058736305e-005
1.561818181818182e+000 -6.868666184662378e-005
1.561909090909091e+000 -8.581475334120217e-005
1.562000000000000e+000 -1.371685323057885e-005
1.562090909090909e+000 -1.187803822026288e-004
1.562181818181818e+000 -2.295149443006078e-006
1.562272727272727e+000 -1.006105848920628e-004
1.562363636363636e+000 -3.805137767369228e-005
1.562454545454546e+000 -4.953273809258958e-005
1.562545454545455e+000 -8.662523135511401e-005
1.562636363636364e+000 -7.351768202076707e-006
1.562727272727273e+000 -1.081576771910872e-004
1.562818181818182e+000 -3.877704027790298e-006
1.562909090909091e+000 -8.811066169093571e-005
1.563000000000000e+000 -3.672143769437743e-005
1.563090909090909e+000 -4.390957969020601e-005
1.563181818181818e+000 -7.802803607447914e-005
1.563272727272727e+000 -7.663197418217420e-006
1.563363636363637e+000 -9.776644563718014e-005
1.563454545454545e+000 -1.989515458298921e-006
1.563545454545455e+000 -8.415930411859872e-005
1.563636363636364e+000 -2.666141899895901e-005
1.563727272727273e+000 -4.835769688737933e-005
1.563818181818182e+000 -6.243305612080549e-005
1.563909090909091e+000 -1.377365623066529e-005
1.564000000000000e+000 -8.591672211885670e-005
1.564090909090909e+000 -1.395602193152952e-009
1.564181818181818e+000 -8.406070192998181e-005
1.564272727272727e+000 -1.210222387240960e-005
1.564363636363636e+000 -5.984210362613500e-005
1.564454545454546e+000 -4.021580537888381e-005
1.564545454545455e+000 -2.793660663860232e-005
1.564636363636364e+000 -6.737745221745709e-005
1.564727272727273e+000 -5.003924669095548e-006
1.564818181818182e+000 -7.948390072761126e-005
1.564909090909091e+000 -9.242125461493769e-007
1.565000000000000e+000 -7.178005683683883e-005
1.565090909090909e+000 -1.518830667357653e-005
1.565181818181818e+000 -4.947205450343793e-005
1.565272727272727e+000 -3.897601048923122e-005
1.565363636363637e+000 -2.357490704629962e-005
1.565454545454545e+000 -6.058602463961641e-005
1.565545454545455e+000 -5.048830426090047e-006
1.565636363636364e+000 -7.096233103799450e-005
1.565727272727273e+000 -2.253656568814205e-007
1.565818181818182e+000 -6.690804265026511e-005
1.565909090909091e+000 -9.137280187131948e-006
1.566000000000000e+000 -5.123392967437926e-005
1.566090909090909e+000 -2.669840174959179e-005
1.566181818181818e+000 -3.056116577355921e-005
1.566272727272727e+000 -4.554469963389168e-005
1.566363636363636e+000 -1.222106252820796e-005
1.566454545454546e+000 -5.904370218673013e-005
1.566545454545455e+000 -1.622042046045077e-006
1.566636363636364e+000 -6.334989479144675e-005
1.566727272727273e+000 -8.830763418648434e-007
1.566818181818182e+000 -5.805579480401945e-005
1.566909090909091e+000 -8.851515510390684e-006
1.567000000000000e+000 -4.560596936680986e-005
1.567090909090909e+000 -2.212091310365805e-005
1.567181818181818e+000 -2.999950429916297e-005
1.567272727272727e+000 -3.645748243338269e-005
1.567363636363637e+000 -1.537120687030039e-005
1.567454545454545e+000 -4.809911661106165e-005
1.567545454545455e+000 -4.895466952585808e-006
1.567636363636364e+000 -5.459659072050784e-005
1.567727272727273e+000 -2.225751293095340e-007
1.567818181818182e+000 -5.510258114632060e-005
1.567909090909091e+000 -1.440748307026035e-006
1.568000000000000e+000 -5.019654691258099e-005
1.568090909090909e+000 -7.417366109968113e-006
1.568181818181818e+000 -4.142768756779225e-005
1.568272727272727e+000 -1.632249514061063e-005
1.568363636363636e+000 -3.076985706389639e-005
1.568454545454546e+000 -2.615757049157105e-005
1.568545454545455e+000 -2.013921096370661e-005
1.568636363636364e+000 -3.517023485971692e-005
1.568727272727273e+000 -1.105981762042491e-005
1.568818181818182e+000 -4.210287583687941e-005
1.568909090909091e+000 -4.500037546177276e-006
1.569000000000000e+000 -4.627716800103959e-005
1.569090909090909e+000 -8.575945210671246e-007
1.569181818181818e+000 -4.755098767525613e-005
1.569272727272727e+000 -4.796105632379233e-008
1.569363636363637e+000 -4.619741970158701e-005
1.569454545454545e+000 -1.645944608030896e-006
1.569545454545455e+000 -4.275329340599464e-005
1.569636363636364e+000 -5.037925081938797e-006
1.569727272727273e+000 -3.787349306501657e-005
1.569818181818182e+000 -9.555499477324400e-006
1.569909090909091e+000 -3.221315295137190e-005
1.570000000000000e+000 -1.457521932646925e-005
1.570090909090909e+000 -2.634689959720691e-005
1.570181818181818e+000 -1.958055010292448e-005
1.570272727272727e+000 -2.072467331611229e-005
1.570363636363636e+000 -2.418988428177820e-005
1.570454545454546e+000 -1.565786901307304e-005
1.570545454545455e+000 -2.815844985328129e-005
1.570636363636364e+000 -1.132710845378038e-005
1.570727272727273e+000 -3.136304726560615e-005
1.570818181818182e+000 -7.802940755612543e-006
1.570909090909091e+000 -3.377773758146724e-005
1.571000000000000e+000 -5.072172903191994e-006
1.571090909090909e+000 -3.544681541481605e-005
1.571181818181818e+000 -3.064519667316261e-006
1.571272727272727e+000 -3.645935557227898e-005
1.571363636363637e+000 -1.676258150835528e-006
1.571454545454545e+000 -3.692775584091586e-005
1.571545454545455e+000 -7.892525086928442e-007
1.571636363636364e+000 -3.697123640312829e-005
1.571727272727273e+000 -2.849460610566840e-007
1.571818181818182e+000 -3.670425260780235e-005
1.571909090909091e+000 -5.370546735548793e-008
1.572000000000000e+000 -3.622918653869585e-005
1.572090909090909e+000 -3.203384946349508e-010
1.572181818181818e+000 -3.563241571562165e-005
1.572272727272727e+000 -4.660315883785854e-008
1.572363636363636e+000 -3.498281297785296e-005
1.572454545454546e+000 -1.320020188567396e-007
1.572545454545455e+000 -3.433182318461782e-005
1.572636363636364e+000 -2.130072992878642e-007
1.572727272727273e+000 -3.371441978823112e-005
1.572818181818182e+000 -2.619593047855895e-007
1.572909090909091e+000 -3.315042340860150e-005
1.573000000000000e+000 -2.656872932612030e-007
1.573090909090909e+000 -3.264583810834492e-005
1.573181818181818e+000 -2.242437394443728e-007
1.573272727272727e+000 -3.219401476800522e-005
1.573363636363637e+000 -1.498552999433725e-007
1.573454545454545e+000 -3.177658523481557e-005
1.573545454545455e+000 -6.608771185176964e-008
1.573636363636364e+000 -3.136422420299146e-005
1.573727272727273e+000 -7.116201507249505e-009
1.573818181818182e+000 -3.091739565957690e-005
1.573909090909091e+000 -1.690024004445544e-008
1.574000000000000e+000 -3.038732588454777e-005
1.574090909090909e+000 -1.479823541437857e-007
1.574181818181818e+000 -2.971751782253162e-005
1.574272727272727e+000 -4.595680235734612e-007
1.574363636363636e+000 -2.884617099471135e-005
1.574454545454546e+000 -1.014508085129676e-006
1.574545454545455e+000 -2.770988866419619e-005
1.574636363636364e+000 -1.874814760279561e-006
1.574727272727273e+000 -2.624901203945628e-005
1.574818181818182e+000 -3.095419550826559e-006
1.574909090909091e+000 -2.441480033841397e-005
1.575000000000000e+000 -4.716055837213076e-006
1.575090909090909e+000 -2.217844063124644e-005
1.575181818181818e+000 -6.751449183473882e-006
1.575272727272727e+000 -1.954150359433271e-005
1.575363636363637e+000 -9.180436618889252e-006
1.575454545454545e+000 -1.654695045958347e-005
1.575545454545455e+000 -1.193521275664569e-005
1.575636363636364e+000 -1.328916807246403e-005
1.575727272727273e+000 -1.489256363295736e-005
1.575818181818182e+000 -9.920835839187280e-006
1.575909090909091e+000 -1.786959810717706e-005
1.576000000000000e+000 -6.653847291304028e-006
1.576090909090909e+000 -2.062694684174533e-005
1.576181818181818e+000 -3.751228531443453e-006
1.576272727272727e+000 -2.288243274117466e-005
1.576363636363636e+000 -1.507282732386638e-006
1.576454545454546e+000 -2.433753512454879e-005
1.576545454545455e+000 -2.143306305060825e-007
1.576636363636364e+000 -2.471731502814683e-005
1.576727272727273e+000 -1.166297726337879e-007
1.576818181818182e+000 -2.382168443771531e-005
1.576909090909091e+000 -1.355382993379104e-006
1.577000000000000e+000 -2.158210433642649e-005
1.577090909090909e+000 -3.912893351738872e-006
1.577181818181818e+000 -1.811348830488730e-005
1.577272727272727e+000 -7.568138946825656e-006
1.577363636363637e+000 -1.374728266553648e-005
1.577454545454545e+000 -1.187905766964274e-005
1.577545454545455e+000 -9.029890399897093e-006
1.577636363636364e+000 -1.620697350509823e-005
1.577727272727273e+000 -4.672563279116403e-006
1.577818181818182e+000 -1.979414275106009e-005
1.577909090909091e+000 -1.446134276850462e-006
1.578000000000000e+000 -2.189520950399584e-005
1.578090909090909e+000 -2.703059270727104e-008
1.578181818181818e+000 -2.194773366787461e-005
1.578272727272727e+000 -8.185627219057745e-007
1.578363636363636e+000 -1.974844971054751e-005
1.578454545454546e+000 -3.789632967857605e-006
1.578545454545455e+000 -1.558575558535646e-005
1.578636363636364e+000 -8.385307170620508e-006
1.578727272727273e+000 -1.027248822533303e-005
1.578818181818182e+000 -1.356232056768348e-005
1.578909090909091e+000 -5.033933413001871e-006
1.579000000000000e+000 -1.798095133351399e-005
1.579090909090909e+000 -1.238840984697833e-006
1.579181818181818e+000 -2.034123108799453e-005
1.579272727272727e+000 -1.354224832105230e-008
1.579363636363637e+000 -1.979341070504643e-005
1.579454545454545e+000 -1.838556335317032e-006
1.579545454545455e+000 -1.629780251059062e-005
1.579636363636364e+000 -6.270793443526391e-006
1.579727272727273e+000 -1.078345513794515e-005
1.579818181818182e+000 -1.193550185943954e-005
1.579909090909091e+000 -4.984026364182990e-006
1.580000000000000e+000 -1.687010017632900e-005
1.580090909090909e+000 -9.242647432775947e-007
1.580181818181818e+000 -1.917786597537547e-005
1.580272727272727e+000 -1.754373936306487e-007
1.580363636363636e+000 -1.779650893895660e-005
1.580454545454546e+000 -3.142460155385693e-006
1.580545454545455e+000 -1.306993185225959e-005
1.580636363636364e+000 -8.714840179282593e-006
1.580727272727273e+000 -6.807366904511826e-006
1.580818181818182e+000 -1.453940880519186e-005
1.580909090909091e+000 -1.671707409174097e-006
1.581000000000000e+000 -1.793660151488892e-005
1.581090909090909e+000 -3.672050665968028e-008
1.581181818181818e+000 -1.715145340165235e-005
1.581272727272727e+000 -2.776600582665058e-006
1.581363636363637e+000 -1.236006798768968e-005
1.581454545454545e+000 -8.620549459817059e-006
1.581545454545455e+000 -5.826646249265174e-006
1.581636363636364e+000 -1.455847135882450e-005
1.581727272727273e+000 -9.328251301734731e-007
1.581818181818182e+000 -1.729586198981499e-005
1.581909090909091e+000 -4.023027760446141e-007
1.582000000000000e+000 -1.511666236251127e-005
1.582090909090909e+000 -4.625655465786264e-006
1.582181818181818e+000 -9.091875410035850e-006
1.582272727272727e+000 -1.115526696150574e-005
1.582363636363636e+000 -2.731322468576035e-006
1.582454545454546e+000 -1.593188680876255e-005
1.582545454545455e+000 -2.972732281153992e-011
1.582636363636364e+000 -1.575967059392492e-005
1.582727272727273e+000 -2.733765368579136e-006
1.582818181818182e+000 -1.055577724657842e-005
1.582909090909091e+000 -9.156794851617873e-006
1.583000000000000e+000 -3.726929592422715e-006
1.583090909090909e+000 -1.477842648366940e-005
1.583181818181818e+000 -5.727261884721180e-008
1.583272727272727e+000 -1.542173410324672e-005
1.583363636363637e+000 -2.274039327758914e-006
1.583454545454545e+000 -1.041853947965549e-005
1.583545454545455e+000 -8.754052514016893e-006
1.583636363636364e+000 -3.458383638678722e-006
1.583727272727273e+000 -1.441334069035856e-005
1.583818181818182e+000 -7.876689917399185e-009
1.583909090909091e+000 -1.456059561252613e-005
1.584000000000000e+000 -2.923276702890753e-006
1.584090909090909e+000 -8.889679667991419e-006
1.584181818181818e+000 -9.780204879592458e-006
1.584272727272727e+000 -2.117512413691246e-006
1.584363636363636e+000 -1.456924503981038e-005
1.584454545454546e+000 -1.797998907268207e-007
1.584545454545455e+000 -1.285618893343574e-005
1.584636363636364e+000 -4.866698976944069e-006
1.584727272727273e+000 -6.045338038186520e-006
1.584818181818182e+000 -1.180360131121972e-005
1.584909090909091e+000 -4.843128624018551e-007
1.585000000000000e+000 -1.423447438781065e-005
1.585090909090909e+000 -1.579638565195926e-006
1.585181818181818e+000 -9.594280426803787e-006
1.585272727272727e+000 -8.253660341597619e-006
1.585363636363637e+000 -2.444675316085478e-006
1.585454545454545e+000 -1.359957631143168e-005
1.585545454545455e+000 -1.758927047197083e-007
1.585636363636364e+000 -1.183950778633777e-005
1.585727272727273e+000 -5.220061596651344e-006
1.585818181818182e+000 -4.720932309575091e-006
1.585909090909091e+000 -1.202392361567494e-005
1.586000000000000e+000 -5.734433154237207e-008
1.586090909090909e+000 -1.282851234954130e-005
1.586181818181818e+000 -3.143403609702670e-006
1.586272727272727e+000 -6.551405991369103e-006
1.586363636363636e+000 -1.036414169979139e-005
1.586454545454546e+000 -4.923775141427620e-007
1.586545454545455e+000 -1.300245329473987e-005
1.586636363636364e+000 -1.943279410296975e-006
1.586727272727273e+000 -7.684221496656611e-006
1.586818181818182e+000 -9.090101963271320e-006
1.586909090909091e+000 -9.489157513312233e-007
1.587000000000000e+000 -1.280135643813345e-005
1.587090909090909e+000 -1.376361503314137e-006
1.587181818181818e+000 -8.131240050755060e-006
1.587272727272727e+000 -8.380613782674381e-006
1.587363636363637e+000 -1.146393107384888e-006
1.587454545454546e+000 -1.250243992994287e-005
1.587545454545455e+000 -1.248296898548044e-006
1.587636363636364e+000 -7.968964658330240e-006
1.587727272727273e+000 -8.260494309496825e-006
1.587818181818182e+000 -1.004178341913069e-006
1.587909090909091e+000 -1.219159820027785e-005
1.588000000000000e+000 -1.494321155177487e-006
1.588090909090909e+000 -7.243196123079619e-006
1.588181818181818e+000 -8.678797601886207e-006
1.588272727272727e+000 -5.960751943582061e-007
1.588363636363636e+000 -1.177897239076917e-005
1.588454545454546e+000 -2.179151875417440e-006
1.588545454545455e+000 -5.967891555001330e-006
1.588636363636364e+000 -9.507586383012348e-006
1.588727272727273e+000 -1.442936577753040e-007
1.588818181818182e+000 -1.102773351734585e-005
1.588909090909091e+000 -3.437778533096145e-006
1.589000000000000e+000 -4.202872914584431e-006
1.589090909090909e+000 -1.047824887548831e-005
1.589181818181818e+000 -2.952031073452243e-008
1.589272727272727e+000 -9.620927203719493e-006
1.589363636363637e+000 -5.345282741400537e-006
1.589454545454546e+000 -2.193217602944688e-006
1.589545454545455e+000 -1.110686791983394e-005
1.589636363636364e+000 -7.458346515416775e-007
1.589727272727273e+000 -7.324486516129972e-006
1.589818181818182e+000 -7.707079875389373e-006
1.589909090909091e+000 -5.119223053967672e-007
1.590000000000000e+000 -1.071568095097431e-005
1.590090909090909e+000 -2.697918086877261e-006
1.590181818181818e+000 -4.280858067149511e-006
1.590272727272727e+000 -9.839383168361704e-006
1.590363636363636e+000 -5.364882420589371e-008
1.590454545454546e+000 -8.704784930025611e-006
1.590545454545455e+000 -5.785327309838194e-006
1.590636363636364e+000 -1.330031228695413e-006
1.590727272727273e+000 -1.056937419036803e-005
1.590818181818182e+000 -1.649084445952520e-006
1.590909090909091e+000 -5.148721451248244e-006
1.591000000000000e+000 -8.944064467352739e-006
1.591090909090909e+000 -1.305410091492804e-010
1.591181818181818e+000 -8.799393034311826e-006
1.591272727272727e+000 -5.210868060257232e-006
1.591363636363637e+000 -1.427899418949428e-006
1.591454545454546e+000 -1.020383739008788e-005
1.591545454545455e+000 -1.667205692498163e-006
1.591636363636364e+000 -4.712297380333044e-006
1.591727272727273e+000 -8.911410254835398e-006
1.591818181818182e+000 -3.599731071657528e-008
1.591909090909091e+000 -7.951233041520667e-006
1.592000000000000e+000 -5.894128799956232e-006
1.592090909090909e+000 -7.550464577962799e-007
1.592181818181818e+000 -9.680630031144870e-006
1.592272727272727e+000 -2.686245786215686e-006
1.592363636363636e+000 -3.136010334217292e-006
1.592454545454546e+000 -9.411816337312149e-006
1.592545454545455e+000 -5.460736032331393e-007
1.592636363636364e+000 -5.988718983162758e-006
1.592727272727273e+000 -7.546775464145654e-006
1.592818181818182e+000 -2.771956370254886e-008
1.592909090909091e+000 -8.243450476706248e-006
1.593000000000000e+000 -4.950466321562369e-006
1.593090909090909e+000 -9.923259281961413e-007
1.593181818181818e+000 -9.302461360243017e-006
1.593272727272727e+000 -2.497382515749940e-006
1.593363636363637e+000 -2.878622434267964e-006
1.593454545454546e+000 -9.087052902429841e-006
1.593545454545455e+000 -7.828904241014828e-007
1.593636363636364e+000 -5.021746267425748e-006
1.593727272727273e+000 -7.887447155132338e-006
1.593818181818182e+000 -3.864944222881755e-008
1.593909090909091e+000 -6.883945576003153e-006
1.594000000000000e+000 -6.151817819613631e-006
1.594090909090909e+000 -1.954872726533198e-007
1.594181818181818e+000 -8.155638657598002e-006
1.594272727272727e+000 -4.311242882572952e-006
1.594363636363636e+000 -1.009616044965866e-006
1.594454545454546e+000 -8.750446857423225e-006
1.594545454545455e+000 -2.680115734017072e-006
1.594636363636364e+000 -2.185451480353236e-006
1.594727272727273e+000 -8.742412958723692e-006
1.594818181818182e+000 -1.428151383334376e-006
1.594909090909091e+000 -3.460805291082463e-006
1.595000000000000e+000 -8.289194960306999e-006
1.595090909090909e+000 -5.996257584142084e-007
1.595181818181818e+000 -4.648059187553273e-006
1.595272727272727e+000 -7.568290833970125e-006
1.595363636363637e+000 -1.532411724088704e-007
1.595454545454546e+000 -5.640773224624047e-006
1.595545454545455e+000 -6.736542403607686e-006
1.595636363636364e+000 -3.173639302357644e-009
1.595727272727273e+000 -6.400063393906326e-006
1.595818181818182e+000 -5.911865803786469e-006
1.595909090909091e+000 -5.110452667605165e-008
1.596000000000000e+000 -6.933282505452389e-006
1.596090909090909e+000 -5.170973342173173e-006
1.596181818181818e+000 -2.063989219545149e-007
1.596272727272727e+000 -7.273184093934619e-006
1.596363636363636e+000 -4.556051737613590e-006
1.596454545454546e+000 -3.959013894041312e-007
1.596545454545455e+000 -7.461499572294439e-006
1.596636363636364e+000 -4.084792664018228e-006
1.596727272727273e+000 -5.665219074836008e-007
1.596818181818182e+000 -7.537845711687310e-006
1.596909090909091e+000 -3.760213150253608e-006
1.597000000000000e+000 -6.838400531183349e-007
1.597090909090909e+000 -7.533248795661956e-006
1.597181818181818e+000 -3.578463565976662e-006
1.597272727272727e+000 -7.292539453706075e-007
1.597363636363637e+000 -7.467003404587391e-006
1.597454545454546e+000 -3.533993738164002e-006
1.597545454545455e+000 -6.973208624016800e-007
1.597636363636364e+000 -7.345669704819755e-006
1.597727272727273e+000 -3.622051720960684e-006
1.597818181818182e+000 -5.941568410725519e-007
1.597909090909091e+000 -7.163417448014254e-006
1.598000000000000e+000 -3.838701894119262e-006
1.598090909090909e+000 -4.371459693668727e-007
1.598181818181818e+000 -6.903436076815457e-006
1.598272727272727e+000 -4.178561546218872e-006
1.598363636363636e+000 -2.557101499877823e-007
1.598454545454546e+000 -6.540620829686627e-006
1.598545454545455e+000 -4.630466735939929e-006
1.598636363636364e+000 -9.241632422259128e-008
1.598727272727273e+000 -6.046126281519306e-006
1.598818181818182e+000 -5.171441995754512e-006
1.598909090909091e+000 -3.201122635174583e-009
1.599000000000000e+000 -5.394536551865366e-006
1.599090909090909e+000 -5.759807020204508e-006
1.599181818181818e+000 -5.499355669529034e-008
1.599272727272727e+000 -4.574178065763597e-006
1.599363636363637e+000 -6.329068297812917e-006
1.599454545454546e+000 -3.186814503559561e-007
1.599545454545455e+000 -3.600283367111566e-006
1.599636363636364e+000 -6.785348081586686e-006
1.599727272727273e+000 -8.555402818450509e-007
1.599818181818182e+000 -2.529131262329665e-006
1.599909090909091e+000 -7.012179009063716e-006
1.600000000000000e+000 -1.696409208278316e-006
