1.600000000000000e+000 -6.157288512368876e+001
1.600272727272727e+000 -7.140592119015440e+001
1.600545454545455e+000 -5.953998643925700e+001
1.600818181818182e+000 -6.572666769769548e+001
1.601090909090909e+000 -6.314147639307731e+001
1.601363636363637e+000 -6.005256770098411e+001
1.601636363636364e+000 -8.364970296929849e+001
1.601909090909091e+000 -5.963655760923076e+001
1.602181818181818e+000 -6.556463982034396e+001
1.602454545454546e+000 -6.226118282292762e+001
1.602727272727273e+000 -6.078750023641836e+001
1.603000000000000e+000 -6.893974007268805e+001
1.603272727272727e+000 -5.940638728775825e+001
1.603545454545455e+000 -8.554680431720884e+001
1.603818181818182e+000 -5.950013694582046e+001
1.604090909090909e+000 -6.834629735902620e+001
1.604363636363636e+000 -6.034940519609269e+001
1.604636363636364e+000 -6.426915049589519e+001
1.604909090909091e+000 -6.147710297781777e+001
1.605181818181818e+000 -6.248800590338000e+001
1.605454545454546e+000 -6.245296634209722e+001
1.605727272727273e+000 -6.173073739095885e+001
1.606000000000000e+000 -6.289858195808571e+001
1.606272727272727e+000 -6.161262501875105e+001
1.606545454545455e+000 -6.262107280053689e+001
1.606818181818182e+000 -6.208895843702187e+001
1.607090909090909e+000 -6.172481874681223e+001
1.607363636363637e+000 -6.341271306350259e+001
1.607636363636364e+000 -6.054680277964160e+001
1.607909090909091e+000 -6.642549798972395e+001
1.608181818181818e+000 -5.950693578499980e+001
1.608454545454546e+000 -7.511878381177554e+001
1.608727272727273e+000 -5.905385087886743e+001
1.609000000000000e+000 -7.297313587827357e+001
1.609272727272727e+000 -5.977903080982373e+001
1.609545454545455e+000 -6.352000953882528e+001
1.609818181818182e+000 -6.294022914204306e+001
1.610090909090909e+000 -5.978991822274367e+001
1.610363636363636e+000 -7.595487490890120e+001
1.610636363636364e+000 -5.906535146933724e+001
1.610909090909091e+000 -6.568045261636669e+001
1.611181818181818e+000 -6.221352893891974e+001
1.611454545454546e+000 -5.962040758379943e+001
1.611727272727273e+000 -9.155855719915820e+001
1.612000000000000e+000 -5.949345288362660e+001
1.612272727272727e+000 -6.191110991124803e+001
1.612545454545455e+000 -6.795074188932313e+001
1.612818181818182e+000 -5.887722526434774e+001
1.613090909090909e+000 -6.436025534974756e+001
1.613363636363637e+000 -6.476956427970588e+001
1.613636363636364e+000 -5.880150702721685e+001
1.613909090909091e+000 -6.519333403220992e+001
1.614181818181818e+000 -6.467441793920852e+001
1.614454545454546e+000 -5.875930645014081e+001
1.614727272727273e+000 -6.363769246849399e+001
1.615000000000000e+000 -6.757559623532424e+001
1.615272727272727e+000 -5.897585945278360e+001
1.615545454545455e+000 -6.097700600647555e+001
1.615818181818182e+000 -8.619785195853697e+001
1.616090909090909e+000 -6.050334235935057e+001
1.616363636363636e+000 -5.894196567603138e+001
1.616636363636364e+000 -6.586733894784928e+001
1.616909090909091e+000 -6.689416048301503e+001
1.617181818181818e+000 -5.914254754718828e+001
1.617454545454546e+000 -5.956463659454774e+001
1.617727272727273e+000 -6.874105926113042e+001
1.618000000000000e+000 -6.566162585676977e+001
1.618272727272727e+000 -5.912124710176344e+001
1.618545454545455e+000 -5.917563714194917e+001
1.618818181818182e+000 -6.534286881951194e+001
1.619090909090909e+000 -7.146872159785127e+001
1.619363636363636e+000 -6.055303417365485e+001
1.619636363636364e+000 -5.847802606302117e+001
1.619909090909091e+000 -6.042884625401268e+001
1.620181818181818e+000 -6.916094759529150e+001
1.620454545454546e+000 -6.864599179240754e+001
1.620727272727273e+000 -6.050643363109178e+001
1.621000000000000e+000 -5.844100242436665e+001
1.621272727272727e+000 -5.934928928094255e+001
1.621545454545455e+000 -6.369899195650059e+001
1.621818181818182e+000 -8.373080064619130e+001
1.622090909090909e+000 -6.563796034743508e+001
1.622363636363637e+000 -6.025711828457467e+001
1.622636363636364e+000 -5.845122372351824e+001
1.622909090909091e+000 -5.861361997928555e+001
1.623181818181818e+000 -6.058177135083052e+001
1.623454545454546e+000 -6.523371485799100e+001
1.623727272727273e+000 -8.096509344875504e+001
1.624000000000000e+000 -6.881254986116829e+001
1.624272727272727e+000 -6.251481377168071e+001
1.624545454545455e+000 -5.974112320808579e+001
1.624818181818182e+000 -5.848235047683410e+001
1.625090909090909e+000 -5.818386894145291e+001
1.625363636363636e+000 -5.863406173362974e+001
1.625636363636364e+000 -5.976971144834407e+001
1.625909090909091e+000 -6.164332363248973e+001
1.626181818181818e+000 -6.448240775889219e+001
1.626454545454546e+000 -6.898420144206439e+001
1.626727272727273e+000 -7.844154579714420e+001
1.627000000000000e+000 -8.007734304406111e+001
1.627272727272727e+000 -7.063853376959206e+001
1.627545454545455e+000 -6.672464898828665e+001
1.627818181818182e+000 -6.443344467343599e+001
1.628090909090909e+000 -6.294373187498572e+001
1.628363636363637e+000 -6.193544581377852e+001
1.628636363636364e+000 -6.124910712523739e+001
1.628909090909091e+000 -6.079485858063052e+001
1.629181818181818e+000 -6.051983672730737e+001
1.629454545454546e+000 -6.039451299083778e+001
1.629727272727273e+000 -6.040670521477527e+001
1.630000000000000e+000 -6.055942597141080e+001
1.630272727272727e+000 -6.087137931425207e+001
1.630545454545455e+000 -6.138037577852114e+001
1.630818181818182e+000 -6.215164722673022e+001
1.631090909090909e+000 -6.329688228159306e+001
1.631363636363636e+000 -6.502198017564730e+001
1.631636363636364e+000 -6.777334118276281e+001
1.631909090909091e+000 -7.290148618016048e+001
1.632181818181818e+000 -9.609600101761726e+001
1.632454545454546e+000 -7.318969100353458e+001
1.632727272727273e+000 -6.657707202858211e+001
1.633000000000000e+000 -6.284720156174881e+001
1.633272727272727e+000 -6.040116429908160e+001
1.633545454545455e+000 -5.879681658627455e+001
1.633818181818182e+000 -5.788921085713911e+001
1.634090909090909e+000 -5.766993391976818e+001
1.634363636363637e+000 -5.824534798369635e+001
1.634636363636364e+000 -5.990619737055866e+001
1.634909090909091e+000 -6.345651230599338e+001
1.635181818181818e+000 -7.274774664894835e+001
1.635454545454546e+000 -7.153798759703527e+001
1.635727272727273e+000 -6.256399948856128e+001
1.636000000000000e+000 -5.898736862972521e+001
1.636272727272727e+000 -5.759607439660957e+001
1.636545454545455e+000 -5.794453082465302e+001
1.636818181818182e+000 -6.046202052703043e+001
1.637090909090909e+000 -6.787995524910522e+001
1.637363636363636e+000 -7.174147033195517e+001
1.637636363636364e+000 -6.112856989401056e+001
1.637909090909091e+000 -5.787945859751868e+001
1.638181818181818e+000 -5.763757636969583e+001
1.638454545454546e+000 -6.054608418356538e+001
1.638727272727273e+000 -7.232052096241804e+001
1.639000000000000e+000 -6.501983174087346e+001
1.639272727272727e+000 -5.856960981630540e+001
1.639545454545455e+000 -5.738251742559496e+001
1.639818181818182e+000 -6.026453201591887e+001
1.640090909090909e+000 -7.613448410831980e+001
1.640363636363637e+000 -6.249673256606243e+001
1.640636363636364e+000 -5.759470207430186e+001
1.640909090909091e+000 -5.814207522276862e+001
1.641181818181818e+000 -6.594571039368319e+001
1.641454545454546e+000 -6.561330922271175e+001
1.641727272727273e+000 -5.789572413832112e+001
1.642000000000000e+000 -5.787575098219883e+001
1.642272727272727e+000 -6.632332074223685e+001
1.642545454545455e+000 -6.385999831381226e+001
1.642818181818182e+000 -5.736617352244252e+001
1.643090909090909e+000 -5.893664424408910e+001
1.643363636363636e+000 -8.211121637523684e+001
1.643636363636364e+000 -5.956168407388581e+001
1.643909090909091e+000 -5.721426569388331e+001
1.644181818181818e+000 -6.454772343647058e+001
1.644454545454546e+000 -6.305398371338359e+001
1.644727272727273e+000 -5.701473964457532e+001
1.645000000000000e+000 -6.127154196466785e+001
1.645272727272727e+000 -6.618940691509361e+001
1.645545454545455e+000 -5.709907077858292e+001
1.645818181818182e+000 -6.053057743328466e+001
1.646090909090909e+000 -6.644819244156263e+001
1.646363636363637e+000 -5.698626329829290e+001
1.646636363636364e+000 -6.146763128928916e+001
1.646909090909091e+000 -6.351269497528614e+001
1.647181818181818e+000 -5.683718817649270e+001
1.647454545454546e+000 -6.537410921191200e+001
1.647727272727273e+000 -5.983566867665942e+001
1.648000000000000e+000 -5.746228865775859e+001
1.648272727272727e+000 -9.058482186941512e+001
1.648545454545455e+000 -5.723444268021978e+001
1.648818181818182e+000 -6.083813742880184e+001
1.649090909090909e+000 -6.194592239822978e+001
1.649363636363636e+000 -5.701874135946557e+001
1.649636363636364e+000 -9.647496453122484e+001
1.649909090909091e+000 -5.699006088577250e+001
1.650181818181818e+000 -6.255331895843838e+001
1.650454545454546e+000 -5.944137695310928e+001
1.650727272727273e+000 -5.819964068879126e+001
1.651000000000000e+000 -6.497484615629149e+001
1.651272727272727e+000 -5.674412574616031e+001
1.651545454545455e+000 -8.405010587775291e+001
1.651818181818182e+000 -5.656761244572267e+001
1.652090909090909e+000 -6.908461695319340e+001
1.652363636363637e+000 -5.702745485077992e+001
1.652636363636364e+000 -6.373665730294368e+001
1.652909090909091e+000 -5.771124542612714e+001
1.653181818181818e+000 -6.152292489839383e+001
1.653454545454546e+000 -5.828905681034958e+001
1.653727272727273e+000 -6.060144982341952e+001
1.654000000000000e+000 -5.851331647483332e+001
1.654272727272727e+000 -6.050703858702523e+001
1.654545454545455e+000 -5.827944298101147e+001
1.654818181818182e+000 -6.121262838700525e+001
1.655090909090909e+000 -5.766629725991364e+001
1.655363636363636e+000 -6.309388916603199e+001
1.655636363636364e+000 -5.690420936050995e+001
1.655909090909091e+000 -6.759601261393583e+001
1.656181818181818e+000 -5.631133970875548e+001
1.656454545454546e+000 -1.000000000000000e+002
1.656727272727273e+000 -5.627960441208642e+001
1.657000000000000e+000 -6.594374379371618e+001
1.657272727272727e+000 -5.738703727652354e+001
1.657545454545455e+000 -5.959875026833355e+001
1.657818181818182e+000 -6.094636935187821e+001
1.658090909090909e+000 -5.667083652095092e+001
1.658363636363637e+000 -7.577935150102844e+001
1.658636363636364e+000 -5.617361121600155e+001
1.658909090909091e+000 -6.289672901307276e+001
1.659181818181818e+000 -5.898572640172705e+001
1.659454545454546e+000 -5.693031198860915e+001
1.659727272727273e+000 -7.491952439989883e+001
1.660000000000000e+000 -5.621556051213445e+001
1.660272727272727e+000 -6.051644195404813e+001
1.660545454545455e+000 -6.162316291952677e+001
1.660818181818182e+000 -5.595496201892943e+001
1.661090909090909e+000 -6.643600554468351e+001
1.661363636363636e+000 -5.853822984836646e+001
1.661636363636364e+000 -5.639112476098988e+001
1.661909090909091e+000 -7.403697434877982e+001
1.662181818181818e+000 -5.757486774763566e+001
1.662454545454545e+000 -5.660891497639381e+001
1.662727272727273e+000 -7.603248766208813e+001
1.663000000000000e+000 -5.767016537685621e+001
1.663272727272727e+000 -5.627409767988780e+001
1.663545454545455e+000 -6.881133219766751e+001
1.663818181818182e+000 -5.899174287040486e+001
1.664090909090909e+000 -5.571503149935965e+001
1.664363636363637e+000 -6.201840036906723e+001
1.664636363636364e+000 -6.334082346788917e+001
1.664909090909091e+000 -5.583577785277049e+001
1.665181818181818e+000 -5.749670488951080e+001
1.665454545454546e+000 -8.064546253188964e+001
1.665727272727273e+000 -5.840781697467970e+001
1.666000000000000e+000 -5.551046464882418e+001
1.666272727272727e+000 -5.945553031025091e+001
1.666545454545455e+000 -7.388840749900373e+001
1.666818181818182e+000 -5.749872126150603e+001
1.667090909090909e+000 -5.545768043829077e+001
1.667363636363636e+000 -5.911078890610007e+001
1.667636363636364e+000 -8.638856054469332e+001
1.667909090909091e+000 -5.868359993746459e+001
1.668181818181818e+000 -5.538290569309391e+001
1.668454545454545e+000 -5.679267485768498e+001
1.668727272727273e+000 -6.505168120926761e+001
1.669000000000000e+000 -6.521366263840329e+001
1.669272727272727e+000 -5.696327380568062e+001
1.669545454545455e+000 -5.521533527708638e+001
1.669818181818182e+000 -5.695171750534372e+001
1.670090909090909e+000 -6.404862360602441e+001
1.670363636363637e+000 -6.906595568330162e+001
1.670636363636364e+000 -5.838991112241955e+001
1.670909090909091e+000 -5.544053773925076e+001
1.671181818181818e+000 -5.534819116709769e+001
1.671454545454546e+000 -5.777569941282032e+001
1.671727272727273e+000 -6.475964010927352e+001
1.672000000000000e+000 -7.219767613247657e+001
1.672272727272727e+000 -6.003990908506717e+001
1.672545454545455e+000 -5.629944045217253e+001
1.672818181818182e+000 -5.501045390316595e+001
1.673090909090909e+000 -5.529571861668961e+001
1.673363636363636e+000 -5.707382942612260e+001
1.673636363636364e+000 -6.094382777401055e+001
1.673909090909091e+000 -7.054281115277307e+001
1.674181818181818e+000 -7.006278243682466e+001
1.674454545454545e+000 -6.124903983708477e+001
1.674727272727273e+000 -5.765008063703926e+001
1.675000000000000e+000 -5.580092643903105e+001
1.675272727272727e+000 -5.493000411735095e+001
1.675545454545455e+000 -5.473732091499353e+001
1.675818181818182e+000 -5.508193387658100e+001
1.676090909090909e+000 -5.589907519332979e+001
1.676363636363637e+000 -5.717514784204068e+001
1.676636363636364e+000 -5.894798810588748e+001
1.676909090909091e+000 -6.133299862847015e+001
1.677181818181818e+000 -6.461056911939438e+001
1.677454545454546e+000 -6.956374598410130e+001
1.677727272727273e+000 -8.004300078701476e+001
1.678000000000000e+000 -7.952630686813779e+001
1.678272727272727e+000 -7.105431823200556e+001
1.678545454545455e+000 -6.747335976851119e+001
1.678818181818182e+000 -6.544063072010739e+001
1.679090909090909e+000 -6.421666948937902e+001
1.679363636363636e+000 -6.352436033443927e+001
1.679636363636364e+000 -6.324466427725973e+001
1.679909090909091e+000 -6.333732389044494e+001
1.680181818181818e+000 -6.382004450251523e+001
1.680454545454545e+000 -6.477727613745182e+001
1.680727272727273e+000 -6.641000831018101e+001
1.681000000000000e+000 -6.921229322469088e+001
1.681272727272727e+000 -7.487135094325559e+001
1.681545454545455e+000 -9.429659448166977e+001
1.681818181818182e+000 -7.198859931971151e+001
1.682090909090909e+000 -6.580947408115380e+001
1.682363636363637e+000 -6.199855862891900e+001
1.682636363636364e+000 -5.927732583431488e+001
1.682909090909091e+000 -5.724466663259720e+001
1.683181818181818e+000 -5.573857252479927e+001
1.683454545454546e+000 -5.469602640450717e+001
1.683727272727273e+000 -5.411095316340644e+001
1.684000000000000e+000 -5.402506814236585e+001
1.684272727272727e+000 -5.454071756218536e+001
1.684545454545455e+000 -5.587057770541314e+001
1.684818181818182e+000 -5.850484572581248e+001
1.685090909090909e+000 -6.402965874410313e+001
1.685363636363636e+000 -9.110239314193281e+001
1.685636363636364e+000 -6.289947673614608e+001
1.685909090909091e+000 -5.740455210768554e+001
1.686181818181818e+000 -5.478086918270634e+001
1.686454545454545e+000 -5.378212838067459e+001
1.686727272727273e+000 -5.422815273658198e+001
1.687000000000000e+000 -5.651530265108916e+001
1.687272727272727e+000 -6.260128016871685e+001
1.687545454545455e+000 -7.431308424945125e+001
1.687818181818182e+000 -5.901446912330279e+001
1.688090909090909e+000 -5.479269845966733e+001
1.688363636363636e+000 -5.357622243590998e+001
1.688636363636364e+000 -5.477598059475147e+001
1.688909090909091e+000 -5.971372843965318e+001
1.689181818181818e+000 -8.083542606272802e+001
1.689454545454546e+000 -5.825441943892916e+001
1.689727272727273e+000 -5.404894275606650e+001
1.690000000000000e+000 -5.365957161152038e+001
1.690272727272727e+000 -5.704443276633180e+001
1.690545454545455e+000 -7.523045426878682e+001
1.690818181818182e+000 -5.868381762867697e+001
1.691090909090909e+000 -5.379936257585415e+001
1.691363636363636e+000 -5.383127471981737e+001
1.691636363636364e+000 -5.933412715187492e+001
1.691909090909091e+000 -6.745065726996832e+001
1.692181818181818e+000 -5.514029433275739e+001
1.692454545454545e+000 -5.322206758849001e+001
1.692727272727273e+000 -5.693341922667705e+001
1.693000000000000e+000 -7.549190701523776e+001
1.693272727272727e+000 -5.541549403493123e+001
1.693545454545455e+000 -5.311942196068979e+001
1.693818181818182e+000 -5.761462633014082e+001
1.694090909090909e+000 -6.656210630699836e+001
1.694363636363637e+000 -5.411591278486036e+001
1.694636363636364e+000 -5.357828674639404e+001
1.694909090909091e+000 -6.337177440671276e+001
1.695181818181818e+000 -5.784037870394332e+001
1.695454545454546e+000 -5.287792166220167e+001
1.695727272727273e+000 -5.688250344607754e+001
1.696000000000000e+000 -6.411872475873618e+001
1.696272727272727e+000 -5.325026607110475e+001
1.696545454545455e+000 -5.480854125086858e+001
1.696818181818182e+000 -7.345391583493708e+001
1.697090909090909e+000 -5.365424972288136e+001
1.697363636363636e+000 -5.417686470539640e+001
1.697636363636364e+000 -7.846581600683909e+001
1.697909090909091e+000 -5.353917408974004e+001
1.698181818181818e+000 -5.440972168769685e+001
1.698454545454545e+000 -6.891921481467252e+001
1.698727272727273e+000 -5.293383692610686e+001
1.699000000000000e+000 -5.583770808276928e+001
1.699272727272727e+000 -6.073788072227114e+001
1.699545454545455e+000 -5.243339363781506e+001
1.699818181818182e+000 -6.038872686782771e+001
1.700090909090909e+000 -5.541910916254586e+001
1.700363636363636e+000 -5.312286427854232e+001
1.700636363636364e+000 -7.546224018547339e+001
1.700909090909091e+000 -5.258496478691190e+001
1.701181818181818e+000 -5.748812793256264e+001
1.701454545454546e+000 -5.613460295609456e+001
1.701727272727273e+000 -5.292656454782061e+001
1.702000000000000e+000 -6.948400243621661e+001
1.702272727272727e+000 -5.218880520627661e+001
1.702545454545455e+000 -6.127205583409031e+001
1.702818181818182e+000 -5.360413144656958e+001
1.703090909090909e+000 -5.505654568342411e+001
1.703363636363636e+000 -5.702558233742427e+001
1.703636363636364e+000 -5.276382454791856e+001
1.703909090909091e+000 -6.372422032103550e+001
1.704181818181818e+000 -5.196915120030417e+001
1.704454545454545e+000 -9.026326492739948e+001
1.704727272727273e+000 -5.191450898162245e+001
1.705000000000000e+000 -6.495517670373744e+001
1.705272727272727e+000 -5.218949933267886e+001
1.705545454545455e+000 -6.059138638444330e+001
1.705818181818182e+000 -5.250843478071421e+001
1.706090909090909e+000 -5.882709881206687e+001
1.706363636363636e+000 -5.266894814813108e+001
1.706636363636364e+000 -5.836559682417102e+001
1.706909090909091e+000 -5.256745183450250e+001
1.707181818181818e+000 -5.899174557200647e+001
1.707454545454546e+000 -5.222032123828309e+001
1.707727272727273e+000 -6.109487401738630e+001
1.708000000000000e+000 -5.175959110656121e+001
1.708272727272727e+000 -6.667132341704323e+001
1.708545454545455e+000 -5.140862793524897e+001
1.708818181818182e+000 -7.704123473044851e+001
1.709090909090909e+000 -5.147517518225111e+001
1.709363636363636e+000 -6.083417376385376e+001
1.709636363636364e+000 -5.241884965234623e+001
1.709909090909091e+000 -5.515008488467330e+001
1.710181818181818e+000 -5.517572556404824e+001
1.710454545454545e+000 -5.214687390723051e+001
1.710727272727273e+000 -6.355293745870687e+001
1.711000000000000e+000 -5.108020593775189e+001
1.711272727272727e+000 -6.274552328120014e+001
1.711545454545455e+000 -5.233447215092623e+001
1.711818181818182e+000 -5.362293259837142e+001
1.712090909090909e+000 -5.843181533764851e+001
1.712363636363636e+000 -5.096098607809833e+001
1.712636363636364e+000 -6.398635260701598e+001
1.712909090909091e+000 -5.235559659808243e+001
1.713181818181818e+000 -5.263626198500206e+001
1.713454545454546e+000 -6.306449102003385e+001
1.713727272727273e+000 -5.082727999530226e+001
1.714000000000000e+000 -5.608309217835811e+001
1.714272727272727e+000 -5.595149973456783e+001
1.714545454545455e+000 -5.068837745798858e+001
1.714818181818182e+000 -6.036320766692067e+001
1.715090909090909e+000 -5.372821849236848e+001
1.715363636363636e+000 -5.083646396998469e+001
1.715636363636364e+000 -6.327237329184743e+001
1.715909090909091e+000 -5.316045748585466e+001
1.716181818181818e+000 -5.074195792027175e+001
1.716454545454546e+000 -6.184155960767640e+001
1.716727272727273e+000 -5.379653216772437e+001
1.717000000000000e+000 -5.037796372529664e+001
1.717272727272727e+000 -5.754123839940891e+001
1.717545454545455e+000 -5.640193408399384e+001
1.717818181818182e+000 -5.022139387947772e+001
1.718090909090909e+000 -5.336105528595509e+001
1.718363636363636e+000 -6.647117092113359e+001
1.718636363636364e+000 -5.128573955595777e+001
1.718909090909091e+000 -5.058092751303005e+001
1.719181818181818e+000 -5.939251361051849e+001
1.719454545454546e+000 -5.620934024587204e+001
1.719727272727273e+000 -5.011542508934669e+001
1.720000000000000e+000 -5.146953240953264e+001
1.720272727272727e+000 -6.509556228734422e+001
1.720545454545455e+000 -5.451313806990879e+001
1.720818181818182e+000 -4.986427712036072e+001
1.721090909090909e+000 -5.124609405695744e+001
1.721363636363636e+000 -6.197510293541357e+001
1.721636363636364e+000 -5.622393597639076e+001
1.721909090909091e+000 -5.017285906893996e+001
1.722181818181818e+000 -4.999681369204880e+001
1.722454545454546e+000 -5.499839230552040e+001
1.722727272727273e+000 -6.855555769401505e+001
1.723000000000000e+000 -5.258639380399048e+001
1.723272727272727e+000 -4.947317905016313e+001
1.723545454545455e+000 -5.024706636126275e+001
1.723818181818182e+000 -5.556161348369714e+001
1.724090909090909e+000 -7.036313906650042e+001
1.724363636363636e+000 -5.335958843719981e+001
1.724636363636364e+000 -4.965198972845218e+001
1.724909090909091e+000 -4.927972719959432e+001
1.725181818181818e+000 -5.168283478098974e+001
1.725454545454546e+000 -5.924752882847614e+001
1.725727272727273e+000 -6.341499125402810e+001
1.726000000000000e+000 -5.296139770240765e+001
1.726272727272727e+000 -4.965774436230539e+001
1.726545454545455e+000 -4.883198808413941e+001
1.726818181818182e+000 -4.982853748587018e+001
1.727090909090909e+000 -5.296785152993775e+001
1.727363636363636e+000 -6.086990445704964e+001
1.727636363636364e+000 -6.519379028438306e+001
1.727909090909091e+000 -5.448959618285414e+001
1.728181818181818e+000 -5.067103406422782e+001
1.728454545454546e+000 -4.894985991707578e+001
1.728727272727273e+000 -4.845822978410804e+001
1.729000000000000e+000 -4.893050830954423e+001
1.729272727272727e+000 -5.034901137488855e+001
1.729545454545455e+000 -5.294787644971265e+001
1.729818181818182e+000 -5.759339543745602e+001
1.730090909090909e+000 -6.958194091355297e+001
1.730363636363636e+000 -6.398288395507331e+001
1.730636363636364e+000 -5.639618406913331e+001
1.730909090909091e+000 -5.285704735096167e+001
1.731181818181818e+000 -5.076005617444071e+001
1.731454545454545e+000 -4.943648398855098e+001
1.731727272727273e+000 -4.860319801422165e+001
1.732000000000000e+000 -4.810791007526413e+001
1.732272727272727e+000 -4.785507988056824e+001
1.732545454545455e+000 -4.777755608678790e+001
1.732818181818182e+000 -4.782375353438027e+001
1.733090909090909e+000 -4.795124254341553e+001
1.733363636363636e+000 -4.812344657258741e+001
1.733636363636364e+000 -4.830810204996259e+001
1.733909090909091e+000 -4.847686753302622e+001
1.734181818181818e+000 -4.860573201501681e+001
1.734454545454546e+000 -4.867592434851262e+001
1.734727272727273e+000 -4.867499343079260e+001
1.735000000000000e+000 -4.859770536272533e+001
1.735272727272727e+000 -4.844645952323781e+001
1.735545454545455e+000 -4.823108099217641e+001
1.735818181818182e+000 -4.796805752667890e+001
1.736090909090909e+000 -4.767947257765108e+001
1.736363636363636e+000 -4.739197784015317e+001
1.736636363636364e+000 -4.713614639340856e+001
1.736909090909091e+000 -4.694650586947030e+001
1.737181818181818e+000 -4.686255549520931e+001
1.737454545454545e+000 -4.693122623417545e+001
1.737727272727273e+000 -4.721172854211111e+001
1.738000000000000e+000 -4.778501222813463e+001
1.738272727272727e+000 -4.877364960738589e+001
1.738545454545455e+000 -5.038976212673873e+001
1.738818181818182e+000 -5.307882856796866e+001
1.739090909090909e+000 -5.816141021282748e+001
1.739363636363636e+000 -7.950757675290828e+001
1.739636363636364e+000 -5.905481352404124e+001
1.739909090909091e+000 -5.260551825296513e+001
1.740181818181818e+000 -4.919882841039455e+001
1.740454545454546e+000 -4.720670558757821e+001
1.740727272727273e+000 -4.621283176745091e+001
1.741000000000000e+000 -4.613581021966591e+001
1.741272727272727e+000 -4.710883037250038e+001
1.741545454545455e+000 -4.961355719715154e+001
1.741818181818182e+000 -5.543056967238898e+001
1.742090909090909e+000 -7.188220029854796e+001
1.742363636363636e+000 -5.291416167601861e+001
1.742636363636364e+000 -4.799317985534631e+001
1.742909090909091e+000 -4.590261004737832e+001
1.743181818181818e+000 -4.564352917313535e+001
1.743454545454545e+000 -4.732266571426942e+001
1.743727272727273e+000 -5.239921105144162e+001
1.744000000000000e+000 -7.649724891183443e+001
1.744272727272727e+000 -5.114416943814646e+001
1.744545454545455e+000 -4.640893200400141e+001
1.744818181818182e+000 -4.510615031618110e+001
1.745090909090909e+000 -4.647674144692395e+001
1.745363636363637e+000 -5.222635036719289e+001
1.745636363636364e+000 -6.274563234960652e+001
1.745909090909091e+000 -4.844353900244727e+001
1.746181818181818e+000 -4.501567512116939e+001
1.746454545454546e+000 -4.530524767111331e+001
1.746727272727273e+000 -5.008944037280394e+001
1.747000000000000e+000 -6.560458598080803e+001
1.747272727272727e+000 -4.776514555893306e+001
1.747545454545455e+000 -4.446870045329134e+001
1.747818181818182e+000 -4.570774204147554e+001
1.748090909090909e+000 -5.452138987139814e+001
1.748363636363636e+000 -5.212436850923164e+001
1.748636363636364e+000 -4.488045683826586e+001
1.748909090909091e+000 -4.447109446043845e+001
1.749181818181818e+000 -5.065240644452892e+001
1.749454545454545e+000 -5.440294819459886e+001
1.749727272727273e+000 -4.478201672435114e+001
1.750000000000000e+000 -4.416644216037520e+001
1.750272727272727e+000 -5.147427163091281e+001
1.750545454545455e+000 -5.127160395556111e+001
1.750818181818182e+000 -4.381893003170528e+001
1.751090909090909e+000 -4.483076333236576e+001
1.751363636363637e+000 -6.156163121770564e+001
1.751636363636364e+000 -4.629296221999916e+001
1.751909090909091e+000 -4.313967969529448e+001
1.752181818181818e+000 -4.883400679242389e+001
1.752454545454546e+000 -5.106284974932692e+001
1.752727272727273e+000 -4.302502451864971e+001
1.753000000000000e+000 -4.544075513884108e+001
1.753272727272727e+000 -5.859536581647857e+001
1.753545454545455e+000 -4.331747786297122e+001
1.753818181818182e+000 -4.408231447352905e+001
1.754090909090909e+000 -6.892477694511626e+001
1.754363636363636e+000 -4.332814321611783e+001
1.754636363636364e+000 -4.364090238292957e+001
1.754909090909091e+000 -6.612262058041966e+001
1.755181818181818e+000 -4.278464381630745e+001
1.755454545454545e+000 -4.397089066757729e+001
1.755727272727273e+000 -5.550757009592048e+001
1.756000000000000e+000 -4.191618430192519e+001
1.756272727272727e+000 -4.566902614811295e+001
1.756545454545455e+000 -4.817229982651546e+001
1.756818181818182e+000 -4.137376008772979e+001
1.757090909090909e+000 -5.142900472072450e+001
1.757363636363637e+000 -4.339191008481853e+001
1.757636363636364e+000 -4.224774898125646e+001
1.757909090909091e+000 -5.627462952619203e+001
1.758181818181818e+000 -4.091211890568501e+001
1.758454545454546e+000 -4.738009583178110e+001
1.758727272727273e+000 -4.357995078010208e+001
1.759000000000000e+000 -4.155742545598004e+001
1.759272727272727e+000 -5.363351181007583e+001
1.759545454545455e+000 -4.021794126092576e+001
1.759818181818182e+000 -5.088231907808099e+001
1.760090909090909e+000 -4.122767189306453e+001
1.760363636363636e+000 -4.319493416304908e+001
1.760636363636364e+000 -4.444613485325857e+001
1.760909090909091e+000 -4.039269265975909e+001
1.761181818181818e+000 -5.162107621395576e+001
1.761454545454545e+000 -3.934357193065060e+001
1.761727272727273e+000 -6.300581952815143e+001
1.762000000000000e+000 -3.921228047932939e+001
1.762272727272727e+000 -4.890988836206589e+001
1.762545454545455e+000 -3.957779836366044e+001
1.762818181818182e+000 -4.465424655177146e+001
1.763090909090909e+000 -4.013622724022381e+001
1.763363636363637e+000 -4.248687962587380e+001
1.763636363636364e+000 -4.062007248605289e+001
1.763909090909091e+000 -4.128271129864669e+001
1.764181818181818e+000 -4.079585371371297e+001
1.764454545454546e+000 -4.066997300851153e+001
1.764727272727273e+000 -4.051226706042907e+001
1.765000000000000e+000 -4.054079138586521e+001
1.765272727272727e+000 -3.975589158900203e+001
1.765545454545455e+000 -4.096550402239043e+001
1.765818181818182e+000 -3.865618911763816e+001
1.766090909090909e+000 -4.224620965315329e+001
1.766363636363636e+000 -3.743373916430354e+001
1.766636363636364e+000 -4.526346702801521e+001
1.766909090909091e+000 -3.634612968120078e+001
1.767181818181818e+000 -5.443152899986637e+001
1.767454545454545e+000 -3.567875590359598e+001
1.767727272727273e+000 -5.035118969202711e+001
1.768000000000000e+000 -3.580372528335639e+001
1.768272727272727e+000 -4.087910872408060e+001
1.768545454545455e+000 -3.739332355621249e+001
1.768818181818182e+000 -3.641163866255298e+001
1.769090909090909e+000 -4.250828462594422e+001
1.769363636363636e+000 -3.422175042776870e+001
1.769636363636364e+000 -5.491115233967666e+001
1.769909090909091e+000 -3.415479883070597e+001
1.770181818181818e+000 -3.789960509687260e+001
1.770454545454546e+000 -3.746347242366972e+001
1.770727272727273e+000 -3.329573295773987e+001
1.771000000000000e+000 -6.523512612383500e+001
1.771272727272727e+000 -3.260644182136203e+001
1.771545454545455e+000 -3.620597941794352e+001
1.771818181818182e+000 -3.702913973436808e+001
1.772090909090909e+000 -3.137432537021203e+001
1.772363636363636e+000 -4.528478577651550e+001
1.772636363636364e+000 -3.208416873975862e+001
1.772909090909091e+000 -3.165693258929370e+001
1.773181818181818e+000 -4.572719477371710e+001
1.773454545454545e+000 -2.962784433351922e+001
1.773727272727273e+000 -3.254627922128493e+001
1.774000000000000e+000 -3.649117724992428e+001
1.774272727272727e+000 -2.793116617547556e+001
1.774545454545454e+000 -3.330997658044630e+001
1.774818181818182e+000 -3.235611726519002e+001
1.775090909090909e+000 -2.628562102714316e+001
1.775363636363637e+000 -3.330530264752569e+001
1.775636363636364e+000 -2.936981382241827e+001
1.775909090909091e+000 -2.431136327496239e+001
1.776181818181818e+000 -3.251182994942926e+001
1.776454545454546e+000 -2.615418568196138e+001
1.776727272727273e+000 -2.179422328200485e+001
1.777000000000000e+000 -3.367560706638281e+001
1.777272727272727e+000 -2.100179697754099e+001
1.777545454545455e+000 -1.932692531377782e+001
1.777818181818182e+000 -2.382262863827791e+001
1.778090909090909e+000 -1.462855599136867e+001
1.778363636363636e+000 -1.082170820806095e+001
1.778636363636364e+000 -2.839917866742936e+001
1.778909090909091e+000 8.685893981439090e-006
1.779181818181818e+000 2.264331860212082e-006
1.779454545454545e+000 -1.119385340872342e+001
1.779727272727273e+000 -2.016377484238913e+001
1.780000000000000e+000 -1.446010755756007e+001
1.780272727272727e+000 -3.182175162519385e+001
1.780545454545454e+000 -1.971067487041478e+001
1.780818181818182e+000 -2.058829901052959e+001
1.781090909090909e+000 -3.640396492823368e+001
1.781363636363636e+000 -2.559016045504987e+001
1.781636363636364e+000 -2.286443376906891e+001
1.781909090909091e+000 -2.656129708412984e+001
1.782181818181818e+000 -5.207177182503366e+001
1.782454545454546e+000 -2.909394169132508e+001
1.782727272727273e+000 -2.598891571885515e+001
1.783000000000000e+000 -2.770618092599649e+001
1.783272727272727e+000 -3.557364826488692e+001
1.783545454545455e+000 -3.925093592423428e+001
1.783818181818182e+000 -3.025744736976282e+001
1.784090909090909e+000 -2.859045976630324e+001
1.784363636363636e+000 -3.030368988265259e+001
1.784636363636364e+000 -3.645956110524866e+001
1.784909090909091e+000 -4.988910425911030e+001
1.785181818181818e+000 -3.465663173343371e+001
1.785454545454545e+000 -3.132047295781306e+001
1.785727272727273e+000 -3.105724703638589e+001
1.786000000000000e+000 -3.314873962575685e+001
1.786272727272727e+000 -3.870612278032751e+001
1.786545454545454e+000 -7.145296566443174e+001
1.786818181818182e+000 -3.921857348959004e+001
1.787090909090909e+000 -3.464772655539121e+001
1.787363636363636e+000 -3.311985205563387e+001
1.787636363636364e+000 -3.330251873377358e+001
1.787909090909091e+000 -3.498007563292721e+001
1.788181818181818e+000 -3.858370351529653e+001
1.788454545454546e+000 -4.662007241850928e+001
1.788727272727273e+000 -5.244647978569578e+001
1.789000000000000e+000 -4.138685795136292e+001
1.789272727272727e+000 -3.759549209542111e+001
1.789545454545455e+000 -3.585069202954314e+001
1.789818181818182e+000 -3.522689592886648e+001
1.790090909090909e+000 -3.540383568574999e+001
1.790363636363636e+000 -3.626421572527013e+001
1.790636363636364e+000 -3.780856256028917e+001
1.790909090909091e+000 -4.016762927521535e+001
1.791181818181818e+000 -4.373973505542896e+001
1.791454545454545e+000 -4.989368855069704e+001
1.791727272727273e+000 -8.025831106640399e+001
1.792000000000000e+000 -5.142122200901754e+001
1.792272727272727e+000 -4.589196337483211e+001
1.792545454545454e+000 -4.304013602123790e+001
1.792818181818182e+000 -4.129936054560087e+001
1.793090909090909e+000 -4.017724429402262e+001
1.793363636363636e+000 -3.944877191794315e+001
1.793636363636364e+000 -3.898882038590615e+001
1.793909090909091e+000 -3.871858508872702e+001
1.794181818181818e+000 -3.858408461369596e+001
1.794454545454546e+000 -3.854626101199899e+001
1.794727272727273e+000 -3.857602174813113e+001
1.795000000000000e+000 -3.865164858282957e+001
1.795272727272727e+000 -3.875743452031389e+001
1.795545454545455e+000 -3.888298578382945e+001
1.795818181818182e+000 -3.902288574767100e+001
1.796090909090909e+000 -3.917655384150059e+001
1.796363636363636e+000 -3.934821978888045e+001
1.796636363636364e+000 -3.954700353261689e+001
1.796909090909091e+000 -3.978715889783278e+001
1.797181818181818e+000 -4.008861765125701e+001
1.797454545454545e+000 -4.047808444043872e+001
1.797727272727273e+000 -4.099113870228526e+001
1.798000000000000e+000 -4.167623742465771e+001
1.798272727272727e+000 -4.260256502513356e+001
1.798545454545454e+000 -4.387653289885833e+001
1.798818181818182e+000 -4.568080716052568e+001
1.799090909090909e+000 -4.838609418700220e+001
1.799363636363636e+000 -5.300085417036233e+001
1.799636363636364e+000 -6.563523937055260e+001
1.799909090909091e+000 -5.781542979248363e+001
1.800181818181818e+000 -5.014439231684662e+001
1.800454545454545e+000 -4.628691682456528e+001
1.800727272727273e+000 -4.390144798646956e+001
1.801000000000000e+000 -4.241365294778654e+001
1.801272727272727e+000 -4.162802297733302e+001
1.801545454545455e+000 -4.150138096840028e+001
1.801818181818182e+000 -4.209788798701465e+001
1.802090909090909e+000 -4.362562967579621e+001
1.802363636363636e+000 -4.663134663183746e+001
1.802636363636364e+000 -5.310233343235556e+001
1.802909090909091e+000 -6.562742042632347e+001
1.803181818181818e+000 -4.981297544108705e+001
1.803454545454545e+000 -4.512143671583130e+001
1.803727272727273e+000 -4.297509928479446e+001
1.804000000000000e+000 -4.239058589700480e+001
1.804272727272727e+000 -4.326795925684110e+001
1.804545454545455e+000 -4.611469922845672e+001
1.804818181818182e+000 -5.352334885148945e+001
1.805090909090909e+000 -5.871948924522093e+001
1.805363636363636e+000 -4.752200089041685e+001
1.805636363636364e+000 -4.393812692659058e+001
1.805909090909091e+000 -4.303120557216289e+001
1.806181818181818e+000 -4.436532479740845e+001
1.806454545454545e+000 -4.911452290640759e+001
1.806727272727273e+000 -1.000000000000000e+002
1.807000000000000e+000 -4.913284417924402e+001
1.807272727272727e+000 -4.447135201247878e+001
1.807545454545455e+000 -4.358177277485221e+001
1.807818181818182e+000 -4.579268989124663e+001
1.808090909090909e+000 -5.435024989029712e+001
1.808363636363636e+000 -5.409171377281041e+001
1.808636363636364e+000 -4.577733738818684e+001
1.808909090909091e+000 -4.394752089670019e+001
1.809181818181818e+000 -4.596133583462112e+001
1.809454545454545e+000 -5.567459056164680e+001
1.809727272727273e+000 -5.223781917846667e+001
1.810000000000000e+000 -4.528804362015367e+001
1.810272727272727e+000 -4.455153393341711e+001
1.810545454545455e+000 -4.894253089710421e+001
1.810818181818182e+000 -6.534827951340240e+001
1.811090909090909e+000 -4.720112182145632e+001
1.811363636363636e+000 -4.463295857727838e+001
1.811636363636364e+000 -4.763478895859280e+001
1.811909090909091e+000 -8.033368227944358e+001
1.812181818181818e+000 -4.795574432037790e+001
1.812454545454545e+000 -4.492062937997047e+001
1.812727272727273e+000 -4.835819333891768e+001
1.813000000000000e+000 -6.656054955300046e+001
1.813272727272727e+000 -4.706792459838335e+001
1.813545454545455e+000 -4.539698427106806e+001
1.813818181818182e+000 -5.182950868343126e+001
1.814090909090909e+000 -5.367130278178354e+001
1.814363636363636e+000 -4.575425369476206e+001
1.814636363636364e+000 -4.729058918023330e+001
1.814909090909091e+000 -7.771727091204900e+001
1.815181818181818e+000 -4.765864988583188e+001
1.815454545454545e+000 -4.602470761807377e+001
1.815727272727273e+000 -5.562893736617318e+001
1.816000000000000e+000 -5.019154249868537e+001
1.816272727272727e+000 -4.587562444969557e+001
1.816545454545455e+000 -5.214453704217862e+001
1.816818181818182e+000 -5.235374362249749e+001
1.817090909090909e+000 -4.605652588710954e+001
1.817363636363636e+000 -5.134824761305580e+001
1.817636363636364e+000 -5.302940420778650e+001
1.817909090909091e+000 -4.623794185162574e+001
1.818181818181818e+000 -5.219815371567609e+001
1.818454545454546e+000 -5.188294210264964e+001
1.818727272727273e+000 -4.644686941344815e+001
1.819000000000000e+000 -5.535522137306345e+001
1.819272727272727e+000 -4.977207194082560e+001
1.819545454545455e+000 -4.706879665675494e+001
1.819818181818182e+000 -6.770344432912937e+001
1.820090909090909e+000 -4.780972187353341e+001
1.820363636363636e+000 -4.898583005434458e+001
1.820636363636364e+000 -5.723951069998240e+001
1.820909090909091e+000 -4.689303740903506e+001
1.821181818181818e+000 -5.484703588565107e+001
1.821454545454545e+000 -4.973976447369807e+001
1.821727272727273e+000 -4.812490928962955e+001
1.822000000000000e+000 -6.237098110224471e+001
1.822272727272727e+000 -4.722792128398470e+001
1.822545454545455e+000 -5.502867517935186e+001
1.822818181818182e+000 -4.955895829040049e+001
1.823090909090909e+000 -4.905430055754970e+001
1.823363636363636e+000 -5.642812386011208e+001
1.823636363636364e+000 -4.748942770073366e+001
1.823909090909091e+000 -6.716399960514043e+001
1.824181818181818e+000 -4.797363206136451e+001
1.824454545454545e+000 -5.370373044289428e+001
1.824727272727273e+000 -4.999537932407030e+001
1.825000000000000e+000 -4.995452870186327e+001
1.825272727272727e+000 -5.366638137379464e+001
1.825545454545455e+000 -4.843310030689489e+001
1.825818181818182e+000 -6.017874878883149e+001
1.826090909090909e+000 -4.795261740311800e+001
1.826363636363636e+000 -8.879512950301232e+001
1.826636363636364e+000 -4.802448857108573e+001
1.826909090909091e+000 -6.322089637640019e+001
1.827181818181818e+000 -4.835867430378401e+001
1.827454545454545e+000 -5.849391539573718e+001
1.827727272727273e+000 -4.874898092462417e+001
1.828000000000000e+000 -5.661355027135095e+001
1.828272727272727e+000 -4.904717297133114e+001
1.828545454545455e+000 -5.606538877553340e+001
1.828818181818182e+000 -4.916831845006839e+001
1.829090909090909e+000 -5.652988826704041e+001
1.829363636363636e+000 -4.910234047686509e+001
1.829636363636364e+000 -5.818083248013939e+001
1.829909090909091e+000 -4.891562787264225e+001
1.830181818181818e+000 -6.202011970982841e+001
1.830454545454545e+000 -4.874056543098903e+001
1.830727272727273e+000 -7.563929669543106e+001
1.831000000000000e+000 -4.876616447272362e+001
1.831272727272727e+000 -6.394677476890399e+001
1.831545454545455e+000 -4.925188670783638e+001
1.831818181818182e+000 -5.617568777568128e+001
1.832090909090909e+000 -5.060591480931020e+001
1.832363636363636e+000 -5.213788939622950e+001
1.832636363636364e+000 -5.369988626953222e+001
1.832909090909091e+000 -4.989648780920607e+001
1.833181818181818e+000 -6.209634146006923e+001
1.833454545454545e+000 -4.915195334219350e+001
1.833727272727273e+000 -6.237668779347609e+001
1.834000000000000e+000 -5.020628192964279e+001
1.834272727272727e+000 -5.291471304723629e+001
1.834545454545455e+000 -5.448219342651737e+001
1.834818181818182e+000 -4.977681030882649e+001
1.835090909090909e+000 -8.749833754214568e+001
1.835363636363636e+000 -4.982809584139645e+001
1.835636363636364e+000 -5.432997395923644e+001
1.835909090909091e+000 -5.412302987454131e+001
1.836181818181818e+000 -4.994143703226133e+001
1.836454545454545e+000 -7.309679801174387e+001
1.836727272727273e+000 -5.050600399319701e+001
1.837000000000000e+000 -5.246299795201809e+001
1.837272727272727e+000 -5.871930034726213e+001
1.837545454545455e+000 -4.978819623680791e+001
1.837818181818182e+000 -5.689479386865290e+001
1.838090909090909e+000 -5.386944534846252e+001
1.838363636363636e+000 -5.015310755277244e+001
1.838636363636364e+000 -6.335088229082965e+001
1.838909090909091e+000 -5.218352970132479e+001
1.839181818181818e+000 -5.076622908593568e+001
1.839454545454546e+000 -7.162461402570085e+001
1.839727272727273e+000 -5.169673178798621e+001
1.840000000000000e+000 -5.111491673268441e+001
1.840272727272727e+000 -7.407516607869061e+001
1.840545454545455e+000 -5.191645210880504e+001
1.840818181818182e+000 -5.100766990079744e+001
1.841090909090909e+000 -6.647128570438966e+001
1.841363636363636e+000 -5.292287889266709e+001
1.841636363636364e+000 -5.062943529521807e+001
1.841909090909091e+000 -5.948042618718424e+001
1.842181818181818e+000 -5.546931654085514e+001
1.842454545454545e+000 -5.048497841456724e+001
1.842727272727273e+000 -5.460732002104603e+001
1.843000000000000e+000 -6.292686530025968e+001
1.843272727272727e+000 -5.139147441009177e+001
1.843545454545455e+000 -5.162547319988876e+001
1.843818181818182e+000 -6.387488012050277e+001
1.844090909090909e+000 -5.508905298125639e+001
1.844363636363636e+000 -5.075725849877113e+001
1.844636363636364e+000 -5.370391120437850e+001
1.844909090909091e+000 -7.959842295308822e+001
1.845181818181818e+000 -5.329074625444544e+001
1.845454545454546e+000 -5.091714919077081e+001
1.845727272727273e+000 -5.488353691835962e+001
1.846000000000000e+000 -7.132893281971357e+001
1.846272727272727e+000 -5.335565563114607e+001
1.846545454545455e+000 -5.103444078501483e+001
1.846818181818182e+000 -5.416826852200340e+001
1.847090909090909e+000 -7.877032917190917e+001
1.847363636363636e+000 -5.516727433001697e+001
1.847636363636364e+000 -5.130917141556170e+001
1.847909090909091e+000 -5.238945295097221e+001
1.848181818181818e+000 -5.995500148073376e+001
1.848454545454545e+000 -6.195605215882961e+001
1.848727272727273e+000 -5.305900505768936e+001
1.849000000000000e+000 -5.133708427166241e+001
1.849272727272727e+000 -5.345540865712744e+001
1.849545454545455e+000 -6.250063202752995e+001
1.849818181818182e+000 -6.127734040697194e+001
1.850090909090909e+000 -5.341547654689160e+001
1.850363636363636e+000 -5.151565928699633e+001
1.850636363636364e+000 -5.273592051393802e+001
1.850909090909091e+000 -5.802602629702209e+001
1.851181818181818e+000 -7.700139153458282e+001
1.851454545454546e+000 -5.671705930683864e+001
1.851727272727273e+000 -5.259874467909440e+001
1.852000000000000e+000 -5.171139311556891e+001
1.852272727272727e+000 -5.315511369415274e+001
1.852545454545455e+000 -5.775767777912539e+001
1.852818181818182e+000 -7.794911889460262e+001
1.853090909090909e+000 -5.972405461736549e+001
1.853363636363636e+000 -5.421985918842005e+001
1.853636363636364e+000 -5.219842728947918e+001
1.853909090909091e+000 -5.203649617455880e+001
1.854181818181818e+000 -5.349059229092079e+001
1.854454545454545e+000 -5.707640503126331e+001
1.854727272727273e+000 -6.609194149520566e+001
1.855000000000000e+000 -6.700038585900846e+001
1.855272727272727e+000 -5.776335015748249e+001
1.855545454545454e+000 -5.422274175034834e+001
1.855818181818182e+000 -5.261353045468979e+001
1.856090909090909e+000 -5.217088732255044e+001
1.856363636363636e+000 -5.265841016626176e+001
1.856636363636364e+000 -5.406919824582368e+001
1.856909090909091e+000 -5.663682855362281e+001
1.857181818181818e+000 -6.119765862796805e+001
1.857454545454545e+000 -7.260710986641331e+001
1.857727272727273e+000 -6.825647684761981e+001
1.858000000000000e+000 -6.043683601918060e+001
1.858272727272727e+000 -5.688444077885838e+001
1.858545454545455e+000 -5.483458387953152e+001
1.858818181818182e+000 -5.360168242499196e+001
1.859090909090909e+000 -5.290267626435345e+001
1.859363636363636e+000 -5.259019923669304e+001
1.859636363636364e+000 -5.257593135858571e+001
1.859909090909091e+000 -5.280141740099355e+001
1.860181818181818e+000 -5.322475614248854e+001
1.860454545454545e+000 -5.381360558681881e+001
1.860727272727273e+000 -5.454096641458295e+001
1.861000000000000e+000 -5.538221380072559e+001
1.861272727272727e+000 -5.631262518290869e+001
1.861545454545454e+000 -5.730501213286294e+001
1.861818181818182e+000 -5.832731254172668e+001
1.862090909090909e+000 -5.934029682698853e+001
1.862363636363636e+000 -6.029599298749177e+001
1.862636363636363e+000 -6.113802640968464e+001
1.862909090909091e+000 -6.180548158492154e+001
1.863181818181818e+000 -6.224135690171494e+001
1.863454545454546e+000 -6.240445017548235e+001
1.863727272727273e+000 -6.228028374750931e+001
1.864000000000000e+000 -6.188539589657189e+001
1.864272727272727e+000 -6.126244714747073e+001
1.864545454545455e+000 -6.046903517402456e+001
1.864818181818182e+000 -5.956593536601963e+001
1.865090909090909e+000 -5.860895603309877e+001
1.865363636363636e+000 -5.764536290035564e+001
1.865636363636364e+000 -5.671371441607855e+001
1.865909090909091e+000 -5.584550867793166e+001
1.866181818181818e+000 -5.506748569490402e+001
1.866454545454545e+000 -5.440401452346830e+001
1.866727272727273e+000 -5.387943160163329e+001
1.867000000000000e+000 -5.352048252738454e+001
1.867272727272727e+000 -5.335926032285893e+001
1.867545454545454e+000 -5.343738867577377e+001
1.867818181818182e+000 -5.381296937852092e+001
1.868090909090909e+000 -5.457380422158203e+001
1.868363636363636e+000 -5.586636113377704e+001
1.868636363636364e+000 -5.797174192130274e+001
1.868909090909091e+000 -6.156937875170009e+001
1.869181818181818e+000 -6.938099770809890e+001
1.869454545454545e+000 -7.409199398194980e+001
1.869727272727273e+000 -6.259682848237512e+001
1.870000000000000e+000 -5.806498526911749e+001
1.870272727272727e+000 -5.553381795043512e+001
1.870545454545455e+000 -5.415573238646471e+001
1.870818181818182e+000 -5.369072712337851e+001
1.871090909090909e+000 -5.413644340681748e+001
1.871363636363636e+000 -5.570799919318174e+001
1.871636363636364e+000 -5.909612981392699e+001
1.871909090909091e+000 -6.743074252305446e+001
1.872181818181818e+000 -6.951592460122591e+001
1.872454545454545e+000 -5.946405699512921e+001
1.872727272727273e+000 -5.566858663301501e+001
1.873000000000000e+000 -5.409028219421342e+001
1.873272727272727e+000 -5.411007964232122e+001
1.873545454545454e+000 -5.587549069772581e+001
1.873818181818182e+000 -6.062598046256873e+001
1.874090909090909e+000 -8.553860518016106e+001
1.874363636363636e+000 -6.139369375896941e+001
1.874636363636363e+000 -5.601395923167485e+001
1.874909090909091e+000 -5.417466341031533e+001
1.875181818181818e+000 -5.462721591740299e+001
1.875454545454546e+000 -5.785429208338208e+001
1.875727272727273e+000 -6.904365806389933e+001
1.876000000000000e+000 -6.327250236707174e+001
1.876272727272727e+000 -5.625192443029579e+001
1.876545454545455e+000 -5.425807878178935e+001
1.876818181818182e+000 -5.525537313289939e+001
1.877090909090909e+000 -6.048141331835801e+001
1.877363636363636e+000 -7.552817793995443e+001
1.877636363636364e+000 -5.817272323892549e+001
1.877909090909091e+000 -5.461869645059397e+001
1.878181818181818e+000 -5.499699830223982e+001
1.878454545454545e+000 -6.004542935246484e+001
1.878727272727273e+000 -7.377352914058652e+001
1.879000000000000e+000 -5.752954662976559e+001
1.879272727272727e+000 -5.451322363467685e+001
1.879545454545454e+000 -5.599816160318706e+001
1.879818181818182e+000 -6.526714510481089e+001
1.880090909090909e+000 -6.230919702044784e+001
1.880363636363636e+000 -5.535610506571555e+001
1.880636363636364e+000 -5.500371013168333e+001
1.880909090909091e+000 -6.083971131848785e+001
1.881181818181818e+000 -6.669158130106865e+001
1.881454545454545e+000 -5.601007669633189e+001
1.881727272727273e+000 -5.491093168991613e+001
1.882000000000000e+000 -6.049276305985527e+001
1.882272727272727e+000 -6.622108815840973e+001
1.882545454545455e+000 -5.578893406618283e+001
1.882818181818182e+000 -5.529062118214663e+001
1.883090909090909e+000 -6.335715898299988e+001
1.883363636363636e+000 -6.165071294161048e+001
1.883636363636364e+000 -5.506412618064571e+001
1.883909090909091e+000 -5.678024566662442e+001
1.884181818181818e+000 -8.286752683661020e+001
1.884454545454545e+000 -5.730076557713507e+001
1.884727272727273e+000 -5.509018073137711e+001
1.885000000000000e+000 -6.221449577057039e+001
1.885272727272727e+000 -6.155396943179441e+001
1.885545454545454e+000 -5.506406543900888e+001
1.885818181818182e+000 -5.832284787492939e+001
1.886090909090909e+000 -6.832437315324154e+001
1.886363636363636e+000 -5.566379931081318e+001
1.886636363636363e+000 -5.685830179813988e+001
1.886909090909091e+000 -8.064597433830912e+001
1.887181818181818e+000 -5.626162197590174e+001
1.887454545454546e+000 -5.638601460105110e+001
1.887727272727273e+000 -9.623622421143556e+001
1.888000000000000e+000 -5.646073800013789e+001
1.888272727272727e+000 -5.648872219365536e+001
1.888545454545455e+000 -8.484111717307985e+001
1.888818181818182e+000 -5.617022229631076e+001
1.889090909090909e+000 -5.719412053936393e+001
1.889363636363636e+000 -7.031069770457337e+001
1.889636363636364e+000 -5.563871309786683e+001
1.889909090909091e+000 -5.899976212051831e+001
1.890181818181818e+000 -6.301295407603960e+001
1.890454545454545e+000 -5.537296436946510e+001
1.890727272727273e+000 -6.363681685232978e+001
1.891000000000000e+000 -5.848723566727194e+001
1.891272727272727e+000 -5.613140133049659e+001
1.891545454545454e+000 -8.833580207077034e+001
1.891818181818182e+000 -5.598400887705544e+001
1.892090909090909e+000 -5.945237455238212e+001
1.892363636363636e+000 -6.121521989903201e+001
1.892636363636364e+000 -5.575173830726223e+001
1.892909090909091e+000 -7.596587282838371e+001
1.893181818181818e+000 -5.629383762375267e+001
1.893454545454545e+000 -5.951244963211742e+001
1.893727272727273e+000 -6.060582101314000e+001
1.894000000000000e+000 -5.612414384664553e+001
1.894272727272727e+000 -7.861953497992775e+001
1.894545454545455e+000 -5.582002127154892e+001
1.894818181818182e+000 -6.368204447148443e+001
1.895090909090909e+000 -5.760701821563451e+001
1.895363636363636e+000 -5.825341275979968e+001
1.895636363636364e+000 -6.180338018783687e+001
1.895909090909091e+000 -5.627768504933734e+001
1.896181818181818e+000 -7.207394796981740e+001
1.896454545454545e+000 -5.582875819296843e+001
1.896727272727273e+000 -7.135482682550463e+001
1.897000000000000e+000 -5.630082972176489e+001
1.897272727272727e+000 -6.319024123304191e+001
1.897545454545454e+000 -5.739112378859696e+001
1.897818181818182e+000 -5.997658854187240e+001
1.898090909090909e+000 -5.888972985093299e+001
1.898363636363636e+000 -5.833757855781076e+001
1.898636363636364e+000 -6.059475696555418e+001
1.898909090909091e+000 -5.746843007159637e+001
1.899181818181818e+000 -6.225687807545064e+001
1.899454545454545e+000 -5.703221562220776e+001
1.899727272727273e+000 -6.355421923296537e+001
1.900000000000000e+000 -5.686042423505538e+001
