1.600000000000000e+000 2.068348351567734e-005
1.600272727272727e+000 2.338865576140633e-005
1.600545454545455e+000 1.887059958191904e-005
1.600818181818182e+000 2.253300630033209e-005
1.601090909090909e+000 2.158386810628730e-005
1.601363636363637e+000 1.939600267069669e-005
1.601636363636364e+000 2.366392352919069e-005
1.601909090909091e+000 1.895660302923823e-005
1.602181818181818e+000 2.246867774660092e-005
1.602454545454546e+000 2.109029783390678e-005
1.602727272727273e+000 2.004382849005195e-005
1.603000000000000e+000 2.310813603083643e-005
1.603272727272727e+000 1.867945201959281e-005
1.603545454545455e+000 2.364236191899815e-005
1.603818181818182e+000 1.877773517515139e-005
1.604090909090909e+000 2.301087036422228e-005
1.604363636363636e+000 1.963518050309223e-005
1.604636363636364e+000 2.201332989861762e-005
1.604909090909091e+000 2.054354960865109e-005
1.605181818181818e+000 2.118138522306210e-005
1.605454545454546e+000 2.115753246318600e-005
1.605727272727273e+000 2.070684606462678e-005
1.606000000000000e+000 2.139026241962625e-005
1.606272727272727e+000 2.061844595279133e-005
1.606545454545455e+000 2.123522633368476e-005
1.606818181818182e+000 2.092163729844423e-005
1.607090909090909e+000 2.068282672018949e-005
1.607363636363637e+000 2.161897574946979e-005
1.607636363636364e+000 1.976511297127577e-005
1.607909090909091e+000 2.260119022872445e-005
1.608181818181818e+000 1.872118576097776e-005
1.608454545454546e+000 2.344864707796323e-005
1.608727272727273e+000 1.817820859357759e-005
1.609000000000000e+000 2.335526997914253e-005
1.609272727272727e+000 1.900065385736029e-005
1.609545454545455e+000 2.163528935509630e-005
1.609818181818182e+000 2.135550966560835e-005
1.610090909090909e+000 1.900011807261365e-005
1.610363636363636e+000 2.344409222809232e-005
1.610636363636364e+000 1.816454288560876e-005
1.610909090909091e+000 2.237215417065197e-005
1.611181818181818e+000 2.093361603165011e-005
1.611454545454546e+000 1.879875333617447e-005
1.611727272727273e+000 2.353135990098340e-005
1.612000000000000e+000 1.865019323205875e-005
1.612272727272727e+000 2.072955389897849e-005
1.612545454545455e+000 2.282629086054840e-005
1.612818181818182e+000 1.789425810474152e-005
1.613090909090909e+000 2.192317398925307e-005
1.613363636363637e+000 2.206232596462380e-005
1.613636363636364e+000 1.778341678800842e-005
1.613909090909091e+000 2.218901515930677e-005
1.614181818181818e+000 2.201833188708187e-005
1.614454545454546e+000 1.771562128582065e-005
1.614727272727273e+000 2.161128751246440e-005
1.615000000000000e+000 2.272773289046822e-005
1.615272727272727e+000 1.798481479921855e-005
1.615545454545455e+000 2.001073525960916e-005
1.615818181818182e+000 2.346438759253609e-005
1.616090909090909e+000 1.960317168462844e-005
1.616363636363636e+000 1.792589087760629e-005
1.616636363636364e+000 2.233819475333100e-005
1.616909090909091e+000 2.257106431993054e-005
1.617181818181818e+000 1.816411368549941e-005
1.617454545454546e+000 1.865018171418095e-005
1.617727272727273e+000 2.286677420238811e-005
1.618000000000000e+000 2.226386348845272e-005
1.618272727272727e+000 1.812228905320543e-005
1.618545454545455e+000 1.818451227265355e-005
1.618818181818182e+000 2.216220356349176e-005
1.619090909090909e+000 2.311768228867743e-005
1.619363636363636e+000 1.959974015722018e-005
1.619636363636364e+000 1.725377738084846e-005
1.619909090909091e+000 1.948093567420938e-005
1.620181818181818e+000 2.288473466441820e-005
1.620454545454546e+000 2.281446952251489e-005
1.620727272727273e+000 1.953878325703581e-005
1.621000000000000e+000 1.718128946282795e-005
1.621272727272727e+000 1.835089955962675e-005
1.621545454545455e+000 2.153885866540100e-005
1.621818181818182e+000 2.336957175703870e-005
1.622090909090909e+000 2.219829788235478e-005
1.622363636363637e+000 1.928681232515460e-005
1.622636363636364e+000 1.717231069544393e-005
1.622909090909091e+000 1.739608075432756e-005
1.623181818181818e+000 1.956986097571325e-005
1.623454545454546e+000 2.206298746290419e-005
1.623727272727273e+000 2.332569385982351e-005
1.624000000000000e+000 2.278568688834844e-005
1.624272727272727e+000 2.091872311102082e-005
1.624545454545455e+000 1.873900933420811e-005
1.624818181818182e+000 1.718522734692424e-005
1.625090909090909e+000 1.674308928450541e-005
1.625363636363636e+000 1.738884928100867e-005
1.625636363636364e+000 1.875358586976526e-005
1.625909090909091e+000 2.035436179583519e-005
1.626181818181818e+000 2.177802064782425e-005
1.626454545454546e+000 2.277256248736863e-005
1.626727272727273e+000 2.325521264357022e-005
1.627000000000000e+000 2.327081831187110e-005
1.627272727272727e+000 2.293466064944575e-005
1.627545454545455e+000 2.238241791015639e-005
1.627818181818182e+000 2.173703177765695e-005
1.628090909090909e+000 2.109284700286228e-005
1.628363636363637e+000 2.051270952442889e-005
1.628636363636364e+000 2.003263785123603e-005
1.628909090909091e+000 1.966957395348216e-005
1.629181818181818e+000 1.942924442412541e-005
1.629454545454546e+000 1.931254194979304e-005
1.629727272727273e+000 1.931976446616808e-005
1.630000000000000e+000 1.945252184551720e-005
1.630272727272727e+000 1.971326152254367e-005
1.630545454545455e+000 2.010235497191858e-005
1.630818181818182e+000 2.061271793654742e-005
1.631090909090909e+000 2.122220392925879e-005
1.631363636363636e+000 2.188469675847488e-005
1.631636363636364e+000 2.252204990282137e-005
1.631909090909091e+000 2.302069565087914e-005
1.632181818181818e+000 2.323840156172262e-005
1.632454545454546e+000 2.302722583163965e-005
1.632727272727273e+000 2.227654290627155e-005
1.633000000000000e+000 2.097325256720022e-005
1.633272727272727e+000 1.926419404670409e-005
1.633545454545455e+000 1.749075156350326e-005
1.633818181818182e+000 1.615523661856679e-005
1.634090909090909e+000 1.578569773176630e-005
1.634363636363637e+000 1.670340790111601e-005
1.634636363636364e+000 1.876680387143099e-005
1.634909090909091e+000 2.124125775783178e-005
1.635181818181818e+000 2.296615395036936e-005
1.635454545454546e+000 2.288818628185207e-005
1.635727272727273e+000 2.078260645369112e-005
1.636000000000000e+000 1.770186104183135e-005
1.636272727272727e+000 1.562736428410940e-005
1.636545454545455e+000 1.620592020942789e-005
1.636818181818182e+000 1.926899123248303e-005
1.637090909090909e+000 2.246218228736006e-005
1.637363636363636e+000 2.287509609148302e-005
1.637636363636364e+000 1.981297180655879e-005
1.637909090909091e+000 1.608137975308077e-005
1.638181818181818e+000 1.567219420695557e-005
1.638454545454546e+000 1.932070131288441e-005
1.638727272727273e+000 2.289212245970905e-005
1.639000000000000e+000 2.177569423008419e-005
1.639272727272727e+000 1.710191286661391e-005
1.639545454545455e+000 1.520035329556264e-005
1.639818181818182e+000 1.904494057682164e-005
1.640090909090909e+000 2.302164081407743e-005
1.640363636363637e+000 2.067950321418977e-005
1.640636363636364e+000 1.556332355498925e-005
1.640909090909091e+000 1.645429509233594e-005
1.641181818181818e+000 2.200741090494812e-005
1.641454545454546e+000 2.191570569548488e-005
1.641727272727273e+000 1.605397795622472e-005
1.642000000000000e+000 1.601764132980775e-005
1.642272727272727e+000 2.208404662548815e-005
1.642545454545455e+000 2.130724369869321e-005
1.642818181818182e+000 1.512434972133324e-005
1.643090909090909e+000 1.753738765577386e-005
1.643363636363636e+000 2.305463930390753e-005
1.643636363636364e+000 1.827337352912679e-005
1.643909090909091e+000 1.482551005853499e-005
1.644181818181818e+000 2.154576837301050e-005
1.644454545454546e+000 2.091629698184064e-005
1.644727272727273e+000 1.442624979800733e-005
1.645000000000000e+000 1.981775337934111e-005
1.645272727272727e+000 2.201022327171283e-005
1.645545454545455e+000 1.458085890341961e-005
1.645818181818182e+000 1.920342829284823e-005
1.646090909090909e+000 2.205917685355898e-005
1.646363636363637e+000 1.434651736978153e-005
1.646636363636364e+000 1.993790469612639e-005
1.646909090909091e+000 2.109740146368412e-005
1.647181818181818e+000 1.403150680105281e-005
1.647454545454546e+000 2.176402814417076e-005
1.647727272727273e+000 1.850979877582869e-005
1.648000000000000e+000 1.522608683449454e-005
1.648272727272727e+000 2.300881253695593e-005
1.648545454545455e+000 1.479885253651549e-005
1.648818181818182e+000 1.942427265745977e-005
1.649090909090909e+000 2.022664364394816e-005
1.649363636363636e+000 1.436937902107459e-005
1.649636363636364e+000 2.299260860212073e-005
1.649909090909091e+000 1.430460923170466e-005
1.650181818181818e+000 2.057356868935384e-005
1.650454545454546e+000 1.804309936200540e-005
1.650727272727273e+000 1.640452984152305e-005
1.651000000000000e+000 2.159325872579957e-005
1.651272727272727e+000 1.377960220471507e-005
1.651545454545455e+000 2.294991749360304e-005
1.651818181818182e+000 1.339075724302939e-005
1.652090909090909e+000 2.242323152983548e-005
1.652363636363637e+000 1.434492125976863e-005
1.652636363636364e+000 2.111480878109255e-005
1.652909090909091e+000 1.559175030020991e-005
1.653181818181818e+000 1.988589296932299e-005
1.653454545454546e+000 1.650059495917016e-005
1.653727272727273e+000 1.915542344749201e-005
1.654000000000000e+000 1.681713187038212e-005
1.654272727272727e+000 1.906475974043793e-005
1.654545454545455e+000 1.647119869163363e-005
1.654818181818182e+000 1.963669358872735e-005
1.655090909090909e+000 1.548496993524183e-005
1.655363636363636e+000 2.078395937647270e-005
1.655636363636364e+000 1.405168900069804e-005
1.655909090909091e+000 2.215107935267145e-005
1.656181818181818e+000 1.274839807961623e-005
1.656454545454546e+000 2.289858605227376e-005
1.656727272727273e+000 1.266638539393944e-005
1.657000000000000e+000 2.178628873558865e-005
1.657272727272727e+000 1.496115209347161e-005
1.657545454545455e+000 1.812056024306688e-005
1.657818181818182e+000 1.938752374744451e-005
1.658090909090909e+000 1.352872850290424e-005
1.658363636363637e+000 2.275781277010225e-005
1.658636363636364e+000 1.238732099118360e-005
1.658909090909091e+000 2.063606075293835e-005
1.659181818181818e+000 1.737586404647462e-005
1.659454545454546e+000 1.405206259441471e-005
1.659727272727273e+000 2.271389281164111e-005
1.660000000000000e+000 1.246929178897243e-005
1.660272727272727e+000 1.899026055785670e-005
1.660545454545455e+000 1.985393513453846e-005
1.660818181818182e+000 1.181606987812446e-005
1.661090909090909e+000 2.184834042283638e-005
1.661363636363636e+000 1.675047635350050e-005
1.661636363636364e+000 1.285806602280518e-005
1.661909090909091e+000 2.265236622382768e-005
1.662181818181818e+000 1.522907042235627e-005
1.662454545454545e+000 1.333445374632147e-005
1.662727272727273e+000 2.270428928373235e-005
1.663000000000000e+000 1.538259948807387e-005
1.663272727272727e+000 1.256331467550592e-005
1.663545454545455e+000 2.223032733940896e-005
1.663818181818182e+000 1.731975780271852e-005
1.664090909090909e+000 1.114505897268737e-005
1.664363636363637e+000 2.006151060131151e-005
1.664636363636364e+000 2.077406225331048e-005
1.664909090909091e+000 1.145326848957107e-005
1.665181818181818e+000 1.505010405368706e-005
1.665454545454546e+000 2.273778066334090e-005
1.665727272727273e+000 1.650530272625563e-005
1.666000000000000e+000 1.055711535664520e-005
1.666272727272727e+000 1.784101083904483e-005
1.666545454545455e+000 2.258290910998430e-005
1.666818181818182e+000 1.503133073816283e-005
1.667090909090909e+000 1.039290382769230e-005
1.667363636363636e+000 1.741940152524792e-005
1.667636363636364e+000 2.273544192111014e-005
1.667909090909091e+000 1.686105817008164e-005
1.668181818181818e+000 1.016337519842241e-005
1.668454545454545e+000 1.364523969786364e-005
1.668727272727273e+000 2.137343529580142e-005
1.669000000000000e+000 2.141940608231989e-005
1.669272727272727e+000 1.398421024009538e-005
1.669545454545455e+000 9.650137500555344e-006
1.669818181818182e+000 1.395350361710983e-005
1.670090909090909e+000 2.100228282158033e-005
1.670363636363637e+000 2.216977946655307e-005
1.670636363636364e+000 1.641250699434142e-005
1.670909090909091e+000 1.029203179579094e-005
1.671181818181818e+000 1.002164546079633e-005
1.671454545454546e+000 1.544552124910499e-005
1.671727272727273e+000 2.123825061569560e-005
1.672000000000000e+000 2.242423272415761e-005
1.672272727272727e+000 1.837914097064768e-005
1.672545454545455e+000 1.249648330465997e-005
1.672818181818182e+000 8.974365747228942e-006
1.673090909090909e+000 9.841671257907680e-006
1.673363636363636e+000 1.414831745151432e-005
1.673636363636364e+000 1.916924843057182e-005
1.673909090909091e+000 2.227692169697907e-005
1.674181818181818e+000 2.222843789116556e-005
1.674454545454545e+000 1.939533900999755e-005
1.674727272727273e+000 1.518847170123139e-005
1.675000000000000e+000 1.122474625406285e-005
1.675272727272727e+000 8.684987754586105e-006
1.675545454545455e+000 8.048141058852126e-006
1.675818181818182e+000 9.157429163048248e-006
1.676090909090909e+000 1.146521724681574e-005
1.676363636363637e+000 1.430420531579673e-005
1.676636363636364e+000 1.709001457347037e-005
1.676909090909091e+000 1.942455437000422e-005
1.677181818181818e+000 2.111377866546410e-005
1.677454545454546e+000 2.213211484846652e-005
1.677727272727273e+000 2.256562422016039e-005
1.678000000000000e+000 2.255651720130665e-005
1.678272727272727e+000 2.226059400308204e-005
1.678545454545455e+000 2.182055789765123e-005
1.678818181818182e+000 2.135308047398321e-005
1.679090909090909e+000 2.094545036519588e-005
1.679363636363636e+000 2.065752691009132e-005
1.679636363636364e+000 2.052553521007320e-005
1.679909090909091e+000 2.056530039002260e-005
1.680181818181818e+000 2.077349682067648e-005
1.680454545454545e+000 2.112630909877183e-005
1.680727272727273e+000 2.157565446668878e-005
1.681000000000000e+000 2.204395359844929e-005
1.681272727272727e+000 2.241948966928521e-005
1.681545454545455e+000 2.255568124559688e-005
1.681818181818182e+000 2.227889702101472e-005
1.682090909090909e+000 2.141016054864111e-005
1.682363636363637e+000 1.980520389109134e-005
1.682636363636364e+000 1.741344560233104e-005
1.682909090909091e+000 1.434837654842191e-005
1.683181818181818e+000 1.094952618989685e-005
1.683454545454546e+000 7.802408686377708e-006
1.683727272727273e+000 5.674580098012403e-006
1.684000000000000e+000 5.334323592385165e-006
1.684272727272727e+000 7.255194696800166e-006
1.684545454545455e+000 1.127814409439715e-005
1.684818181818182e+000 1.638574900337749e-005
1.685090909090909e+000 2.079265113558767e-005
1.685363636363636e+000 2.250283041987481e-005
1.685636363636364e+000 2.027496126333180e-005
1.685909090909091e+000 1.460433082509980e-005
1.686181818181818e+000 8.050927037205338e-006
1.686454545454545e+000 4.312543325481929e-006
1.686727272727273e+000 6.083248235738692e-006
1.687000000000000e+000 1.279591732719576e-005
1.687272727272727e+000 2.009481572109688e-005
1.687545454545455e+000 2.231623578360848e-005
1.687818181818182e+000 1.702421289997006e-005
1.688090909090909e+000 8.064780709607494e-006
1.688363636363636e+000 3.404454407492488e-006
1.688636363636364e+000 8.001965559708900e-006
1.688909090909091e+000 1.782009627162563e-005
1.689181818181818e+000 2.241950580818637e-005
1.689454545454546e+000 1.596024646366231e-005
1.689727272727273e+000 5.352230307872132e-006
1.690000000000000e+000 3.745048098406722e-006
1.690272727272727e+000 1.386372551219545e-005
1.690545454545455e+000 2.230698710332592e-005
1.690818181818182e+000 1.655326150044188e-005
1.691090909090909e+000 4.322887247056964e-006
1.691363636363636e+000 4.451835506339020e-006
1.691636363636364e+000 1.736017921013071e-005
1.691909090909091e+000 2.163802331495498e-005
1.692181818181818e+000 9.118474881163440e-006
1.692454545454545e+000 1.730585028530299e-006
1.692727272727273e+000 1.360911789120759e-005
1.693000000000000e+000 2.228207236438571e-005
1.693272727272727e+000 9.920491633822243e-006
1.693545454545455e+000 1.221523575785663e-006
1.693818181818182e+000 1.487207650218342e-005
1.694090909090909e+000 2.143181738810444e-005
1.694363636363637e+000 5.552419596713742e-006
1.694636363636364e+000 3.330368856875983e-006
1.694909090909091e+000 2.038141770920657e-005
1.695181818181818e+000 1.523507200033526e-005
1.695454545454546e+000 -1.459192841507020e-008
1.695727272727273e+000 1.346571504059574e-005
1.696000000000000e+000 2.068274573828317e-005
1.696272727272727e+000 1.813995662654447e-006
1.696545454545455e+000 8.005278890202391e-006
1.696818181818182e+000 2.215823509173979e-005
1.697090909090909e+000 3.628358816975770e-006
1.697363636363636e+000 5.747474683152363e-006
1.697636363636364e+000 2.228169495748145e-005
1.697909090909091e+000 3.114870272776280e-006
1.698181818181818e+000 6.603300141863478e-006
1.698454545454545e+000 2.177575470468505e-005
1.698727272727273e+000 2.286990618028835e-007
1.699000000000000e+000 1.100122599225400e-005
1.699272727272727e+000 1.865766856135948e-005
1.699545454545455e+000 -2.481253328752844e-006
1.699818181818182e+000 1.834374386442999e-005
1.700090909090909e+000 9.841056925808280e-006
1.700363636363636e+000 1.148511208899952e-006
1.700636363636364e+000 2.218065026204049e-005
1.700909090909091e+000 -1.648546198175932e-006
1.701181818181818e+000 1.455285338480162e-005
1.701454545454546e+000 1.171732170932552e-005
1.701727272727273e+000 1.523055553114010e-007
1.702000000000000e+000 2.179716989753990e-005
1.702272727272727e+000 -3.953766839963670e-006
1.702545454545455e+000 1.903886383703972e-005
1.702818181818182e+000 3.335892151027952e-006
1.703090909090909e+000 8.716018749321410e-006
1.703363636363636e+000 1.365398893535878e-005
1.703636363636364e+000 -7.179492497624539e-007
1.703909090909091e+000 2.041898310593186e-005
1.704181818181818e+000 -5.339822535131690e-006
1.704454545454545e+000 2.225008228871647e-005
1.704727272727273e+000 -5.696364709559221e-006
1.705000000000000e+000 2.085944474124799e-005
1.705272727272727e+000 -3.988763336949074e-006
1.705545454545455e+000 1.844988174038073e-005
1.705818181818182e+000 -2.138470482108881e-006
1.706090909090909e+000 1.654332365581644e-005
1.706363636363636e+000 -1.261134680894955e-006
1.706636363636364e+000 1.589833321549067e-005
1.706909090909091e+000 -1.823682751460814e-006
1.707181818181818e+000 1.674078059316038e-005
1.707454545454546e+000 -3.831665364443088e-006
1.707727272727273e+000 1.883635384024238e-005
1.708000000000000e+000 -6.753883793473519e-006
1.708272727272727e+000 2.126978870435453e-005
1.708545454545455e+000 -9.198623665096874e-006
1.708818181818182e+000 2.211152573646709e-005
1.709090909090909e+000 -8.728235181427440e-006
1.709363636363636e+000 1.860628677212142e-005
1.709636363636364e+000 -2.696135988843651e-006
1.709909090909091e+000 8.916088642333198e-006
1.710181818181818e+000 8.990650561235542e-006
1.710454545454545e+000 -4.314861460374923e-006
1.710727272727273e+000 2.025617816612151e-005
1.711000000000000e+000 -1.169705237412012e-005
1.711272727272727e+000 1.985755315411058e-005
1.711545454545455e+000 -3.209042676165634e-006
1.711818181818182e+000 3.300631346467611e-006
1.712090909090909e+000 1.592329467686781e-005
1.712363636363636e+000 -1.265725312701918e-005
1.712636363636364e+000 2.041349252308901e-005
1.712909090909091e+000 -3.103570764064935e-006
1.713181818181818e+000 -1.527033174487769e-006
1.713454545454546e+000 1.999277510392010e-005
1.713727272727273e+000 -1.376319660179918e-005
1.714000000000000e+000 1.142801587280598e-005
1.714272727272727e+000 1.109525181704606e-005
1.714545454545455e+000 -1.494042791776968e-005
1.714818181818182e+000 1.812521290791915e-005
1.715090909090909e+000 3.710041324914235e-006
1.715363636363636e+000 -1.370847023022563e-005
1.715636363636364e+000 2.006486968069572e-005
1.715909090909091e+000 1.128850870182410e-006
1.716181818181818e+000 -1.450705163678023e-005
1.716454545454546e+000 1.925661877888483e-005
1.716727272727273e+000 3.976231624692458e-006
1.717000000000000e+000 -1.771816287941065e-005
1.717272727272727e+000 1.443813463262477e-005
1.717545454545455e+000 1.213992546860860e-005
1.717818181818182e+000 -1.919007501002259e-005
1.718090909090909e+000 2.047665057724039e-006
1.718363636363636e+000 2.109536942439528e-005
1.718636363636364e+000 -1.023009439830676e-005
1.718909090909091e+000 -1.592500548930071e-005
1.719181818181818e+000 1.706863622446286e-005
1.719454545454546e+000 1.166448251454232e-005
1.719727272727273e+000 -2.023399087511510e-005
1.720000000000000e+000 -8.909136835632449e-006
1.720272727272727e+000 2.070615602314723e-005
1.720545454545455e+000 6.683301926989540e-006
1.720818181818182e+000 -2.276569663449636e-005
1.721090909090909e+000 -1.055776659629631e-005
1.721363636363636e+000 1.927969362100866e-005
1.721636363636364e+000 1.167142219172143e-005
1.721909090909091e+000 -1.970632123975438e-005
1.722181818181818e+000 -2.143634081877073e-005
1.722454545454546e+000 8.283010585291897e-006
1.722727272727273e+000 2.141257121559503e-005
1.723000000000000e+000 -1.926463727562195e-006
1.723272727272727e+000 -2.701951985226216e-005
1.723545454545455e+000 -1.902015545093154e-005
1.723818181818182e+000 9.936632710636787e-006
1.724090909090909e+000 2.160137110376985e-005
1.724363636363636e+000 1.960638808283939e-006
1.724636363636364e+000 -2.505916486718941e-005
1.724909090909091e+000 -2.927379572012828e-005
1.725181818181818e+000 -7.491364247945084e-006
1.725454545454546e+000 1.681891415471911e-005
1.725727272727273e+000 2.000171457413132e-005
1.726000000000000e+000 1.584042095308307e-008
1.726272727272727e+000 -2.501768949679663e-005
1.726545454545455e+000 -3.486182251326638e-005
1.726818181818182e+000 -2.321249614839769e-005
1.727090909090909e+000 3.458149159360807e-008
1.727363636363636e+000 1.840455215601115e-005
1.727636363636364e+000 2.064229068378297e-005
1.727909090909091e+000 6.505918122254267e-006
1.728181818181818e+000 -1.526318620639169e-005
1.728454545454546e+000 -3.336433955354697e-005
1.728727272727273e+000 -3.999716034502150e-005
1.729000000000000e+000 -3.361826026544434e-005
1.729272727272727e+000 -1.814111489969407e-005
1.729545454545455e+000 -9.764689775042500e-008
1.729818181818182e+000 1.436938448204297e-005
1.730090909090909e+000 2.144641858971289e-005
1.730363636363636e+000 2.018536015557418e-005
1.730636363636364e+000 1.195982586784371e-005
1.730909090909091e+000 -5.804805224040749e-007
1.731181818181818e+000 -1.454616872142038e-005
1.731454545454545e+000 -2.753947261104592e-005
1.731727272727273e+000 -3.800170805984652e-005
1.732000000000000e+000 -4.524191067507621e-005
1.732272727272727e+000 -4.927018581047326e-005
1.732545454545455e+000 -5.055541636057845e-005
1.732818181818182e+000 -4.979227032148021e-005
1.733090909090909e+000 -4.772201219996442e-005
1.733363636363636e+000 -4.501934956620180e-005
1.733636363636364e+000 -4.223779507308527e-005
1.733909090909091e+000 -3.979741447082559e-005
1.734181818181818e+000 -3.799772749145912e-005
1.734454545454546e+000 -3.704128073360583e-005
1.734727272727273e+000 -3.705734311345040e-005
1.735000000000000e+000 -3.811878380533364e-005
1.735272727272727e+000 -4.024792103225942e-005
1.735545454545455e+000 -4.340909004363409e-005
1.735818181818182e+000 -4.748735974201207e-005
1.736090909090909e+000 -5.225492417685450e-005
1.736363636363636e+000 -5.732994282991122e-005
1.736636363636364e+000 -6.213754120984234e-005
1.736909090909091e+000 -6.588932791931223e-005
1.737181818181818e+000 -6.760507166294825e-005
1.737454545454545e+000 -6.620536923101717e-005
1.737727272727273e+000 -6.070232672554536e-005
1.738000000000000e+000 -5.049974602991266e-005
1.738272727272727e+000 -3.577841983890587e-005
1.738545454545455e+000 -1.788365972491390e-005
1.738818181818182e+000 4.398915515005042e-007
1.739090909090909e+000 1.517931365994924e-005
1.739363636363636e+000 2.175924315018592e-005
1.739636363636364e+000 1.640560043961829e-005
1.739909090909091e+000 -2.034952343174526e-006
1.740181818181818e+000 -3.043042782127185e-005
1.740454545454546e+000 -6.083197332494721e-005
1.740727272727273e+000 -8.208303438286379e-005
1.741000000000000e+000 -8.394508460051783e-005
1.741272727272727e+000 -6.272546456108119e-005
1.741545454545455e+000 -2.569065671846633e-005
1.741818181818182e+000 9.339870531127922e-006
1.742090909090909e+000 2.149226714080706e-005
1.742363636363636e+000 -4.304089754681936e-007
1.742636363636364e+000 -4.717273601142149e-005
1.742909090909091e+000 -8.980160720617038e-005
1.743181818181818e+000 -9.666311048496396e-005
1.743454545454545e+000 -5.869236842388969e-005
1.743727272727273e+000 -3.242206837036931e-006
1.744000000000000e+000 2.165276433301244e-005
1.744272727272727e+000 -1.162432409892006e-005
1.744545454545455e+000 -7.754457055738980e-005
1.744818181818182e+000 -1.122820805360478e-004
1.745090909090909e+000 -7.601311702542630e-005
1.745363636363637e+000 -4.277500009447840e-006
1.745636363636364e+000 1.942180577032663e-005
1.745909090909091e+000 -4.042256501469643e-005
1.746181818181818e+000 -1.151203683315815e-004
1.746454545454546e+000 -1.062969146873210e-004
1.746727272727273e+000 -2.082819441599480e-005
1.747000000000000e+000 2.051794393572942e-005
1.747272727272727e+000 -5.094686642154958e-005
1.747545454545455e+000 -1.335047542415866e-004
1.747818181818182e+000 -9.498254013660171e-005
1.748090909090909e+000 6.365663636878433e-006
1.748363636363636e+000 -4.932665503358686e-006
1.748636363636364e+000 -1.194784695910599e-004
1.748909090909091e+000 -1.334360688326803e-004
1.749181818181818e+000 -1.568607000129288e-005
1.749454545454545e+000 5.924888725417954e-006
1.749727272727273e+000 -1.227284031017347e-004
1.750000000000000e+000 -1.447223477579993e-004
1.750272727272727e+000 -9.256075971122731e-006
1.750545454545455e+000 -1.073695401872865e-005
1.750818181818182e+000 -1.585946987226610e-004
1.751090909090909e+000 -1.211333535233108e-004
1.751363636363637e+000 1.862774194698544e-005
1.751636363636364e+000 -8.031923939972307e-005
1.751909090909091e+000 -1.891264900370118e-004
1.752181818181818e+000 -3.515604920817370e-005
1.752454545454546e+000 -1.235613984450792e-005
1.752727272727273e+000 -1.947754047386274e-004
1.753000000000000e+000 -1.024448722407786e-004
1.753272727272727e+000 1.563422516293548e-005
1.753545454545455e+000 -1.806914225922613e-004
1.753818181818182e+000 -1.480240376498299e-004
1.754090909090909e+000 2.106925243414053e-005
1.754363636363636e+000 -1.802051639452157e-004
1.754636363636364e+000 -1.661845217038140e-004
1.754909090909091e+000 2.055502533568044e-005
1.755181818181818e+000 -2.071221119812155e-004
1.755454545454545e+000 -1.524530907742491e-004
1.755727272727273e+000 9.386794898601846e-006
1.756000000000000e+000 -2.577677970932147e-004
1.756272727272727e+000 -9.613118222106261e-005
1.756545454545455e+000 -4.455861291358501e-005
1.756818181818182e+000 -2.949444372475682e-004
1.757090909090909e+000 -9.663551948472125e-006
1.757363636363637e+000 -1.772998731579540e-004
1.757636363636364e+000 -2.372522362749003e-004
1.757909090909091e+000 1.133855717339605e-005
1.758181818181818e+000 -3.304626143761278e-004
1.758454545454546e+000 -5.781988270548405e-005
1.758727272727273e+000 -1.688886179059289e-004
1.759000000000000e+000 -2.818630089167609e-004
1.759272727272727e+000 2.750636678733101e-006
1.759545454545455e+000 -3.914984977660575e-004
1.759818181818182e+000 -1.388890433900516e-005
1.760090909090909e+000 -3.058131876274913e-004
1.760363636363636e+000 -1.865645255134038e-004
1.760636363636364e+000 -1.344732038257086e-004
1.760909090909091e+000 -3.752234585630503e-004
1.761181818181818e+000 -8.360806742811387e-006
1.761454545454545e+000 -4.836508285834427e-004
1.761727272727273e+000 1.935944890859306e-005
1.762000000000000e+000 -4.991637554528496e-004
1.762272727272727e+000 -3.429441290238428e-005
1.762545454545455e+000 -4.571379689251666e-004
1.762818181818182e+000 -1.271990169018964e-004
1.763090909090909e+000 -3.993866188976162e-004
1.763363636363637e+000 -2.234538171197137e-004
1.763636363636364e+000 -3.550162560075402e-004
1.763909090909091e+000 -3.017358243181204e-004
1.764181818181818e+000 -3.400863704531894e-004
1.764454545454546e+000 -3.507241239207512e-004
1.764727272727273e+000 -3.644929923457695e-004
1.765000000000000e+000 -3.619691832177469e-004
1.765272727272727e+000 -4.379372720528477e-004
1.765545454545455e+000 -3.262490338264353e-004
1.765818181818182e+000 -5.703421555721042e-004
1.766090909090909e+000 -2.374443620051964e-004
1.766363636363636e+000 -7.627622158214119e-004
1.766636363636364e+000 -1.077782232985733e-004
1.766909090909091e+000 -9.859731400298651e-004
1.767181818181818e+000 5.815402403851652e-006
1.767454545454545e+000 -1.153342926094618e-003
1.767727272727273e+000 -1.859240451857752e-005
1.768000000000000e+000 -1.120020872743145e-003
1.768272727272727e+000 -3.332669039223600e-004
1.768545454545455e+000 -7.701193852142586e-004
1.768818181818182e+000 -9.709101442169646e-004
1.769090909090909e+000 -2.223143164154950e-004
1.769363636363636e+000 -1.621757814839497e-003
1.769636363636364e+000 7.425681641618794e-006
1.769909090909091e+000 -1.647296480784320e-003
1.770181818181818e+000 -6.830266846875169e-004
1.770454545454546e+000 -7.574547711544778e-004
1.770727272727273e+000 -2.012388459490052e-003
1.771000000000000e+000 2.012892803201320e-005
1.771272727272727e+000 -2.362314858652702e-003
1.771545454545455e+000 -1.019066013824432e-003
1.771818181818182e+000 -8.393991076422013e-004
1.772090909090909e+000 -3.144572995784604e-003
1.772363636363636e+000 -1.072021846008240e-004
1.772636363636364e+000 -2.667032159101619e-003
1.772909090909091e+000 -2.945050355156078e-003
1.773181818181818e+000 -9.474944219210627e-005
1.773454545454545e+000 -4.712677226975791e-003
1.773727272727273e+000 -2.395590561667198e-003
1.774000000000000e+000 -9.529381589184207e-004
1.774272727272727e+000 -6.977290368192198e-003
1.774545454545454e+000 -2.005745922406042e-003
1.774818181818182e+000 -2.503801781232047e-003
1.775090909090909e+000 -1.020523204525206e-002
1.775363636363637e+000 -2.007919572990548e-003
1.775636363636364e+000 -5.002621397127607e-003
1.775909090909091e+000 -1.610185899746902e-002
1.776181818181818e+000 -2.414804239594705e-003
1.776454545454546e+000 -1.051979223276559e-002
1.776727272727273e+000 -2.880570643429058e-002
1.777000000000000e+000 -1.841905650323160e-003
1.777272727272727e+000 -3.459898750257083e-002
1.777545454545455e+000 -5.098645412871375e-002
1.777818181818182e+000 -1.802586360687250e-002
1.778090909090909e+000 -1.522140155487354e-001
1.778363636363636e+000 -3.751545470557862e-001
1.778636363636364e+000 -6.253680995731066e-003
1.778909090909091e+000 -1.000000000000000e+002
1.779181818181818e+000 -6.730252300298147e+001
1.779454545454545e+000 -3.430909282093270e-001
1.779727272727273e+000 -4.200200843624063e-002
1.780000000000000e+000 -1.583460702441371e-001
1.780272727272727e+000 -2.834169676359803e-003
1.780545454545454e+000 -4.664949976534877e-002
1.780818181818182e+000 -3.807256641723405e-002
1.781090909090909e+000 -9.726439571748096e-004
1.781363636363636e+000 -1.198374101746436e-002
1.781636363636364e+000 -2.249330027001916e-002
1.781909090909091e+000 -9.575597325428712e-003
1.782181818181818e+000 -5.593721150762137e-006
1.782454545454546e+000 -5.332401983084242e-003
1.782727272727273e+000 -1.092932433879059e-002
1.783000000000000e+000 -7.349819402547984e-003
1.783272727272727e+000 -1.182280552846743e-003
1.783545454545455e+000 -4.947751124112272e-004
1.783818181818182e+000 -4.073612525065346e-003
1.784090909090909e+000 -5.990985814055559e-003
1.784363636363636e+000 -4.030234952064904e-003
1.784636363636364e+000 -9.601922448906691e-004
1.784909090909091e+000 -2.328004695951061e-005
1.785181818181818e+000 -1.465336862720038e-003
1.785454545454545e+000 -3.184248259182553e-003
1.785727272727273e+000 -3.384626188594649e-003
1.786000000000000e+000 -2.082600127185536e-003
1.786272727272727e+000 -5.638120029449984e-004
1.786545454545454e+000 2.093410054697127e-005
1.786818181818182e+000 -4.986989384226139e-004
1.787090909090909e+000 -1.468419835883571e-003
1.787363636363636e+000 -2.096665107712137e-003
1.787636363636364e+000 -2.009416051208965e-003
1.787909090909091e+000 -1.358669138900985e-003
1.788181818181818e+000 -5.805676216727553e-004
1.788454545454546e+000 -7.335883333781901e-005
1.788727272727273e+000 -3.511428764763902e-006
1.789000000000000e+000 -2.943735312317389e-004
1.789272727272727e+000 -7.343604824450465e-004
1.789545454545455e+000 -1.107999074875711e-003
1.789818181818182e+000 -1.282447500891309e-003
1.790090909090909e+000 -1.230397941264901e-003
1.790363636363636e+000 -1.005438180263470e-003
1.790636363636364e+000 -6.982007852568824e-004
1.790909090909091e+000 -3.966859270887916e-004
1.791181818181818e+000 -1.623960737712530e-004
1.791454545454545e+000 -2.332770581626055e-005
1.791727272727273e+000 2.113384947220324e-005
1.792000000000000e+000 -1.013724943655845e-005
1.792272727272727e+000 -9.067112771685094e-005
1.792545454545454e+000 -1.945013513916458e-004
1.792818181818182e+000 -3.008451196253801e-004
1.793090909090909e+000 -3.957890806366644e-004
1.793363636363636e+000 -4.719418963169186e-004
1.793636363636364e+000 -5.270371134122474e-004
1.793909090909091e+000 -5.622368736726047e-004
1.794181818181818e+000 -5.805915148216775e-004
1.794454545454546e+000 -5.858587413335110e-004
1.794727272727273e+000 -5.817164302820357e-004
1.795000000000000e+000 -5.713119765782613e-004
1.795272727272727e+000 -5.570577967933560e-004
1.795545454545455e+000 -5.405843261945022e-004
1.795818181818182e+000 -5.227803239150144e-004
1.796090909090909e+000 -5.038737780292380e-004
1.796363636363636e+000 -4.835289020224040e-004
1.796636363636364e+000 -4.609530685931258e-004
1.796909090909091e+000 -4.350213375885636e-004
1.797181818181818e+000 -4.044352554748427e-004
1.797454545454545e+000 -3.679361129119578e-004
1.797727272727273e+000 -3.245891508388011e-004
1.798000000000000e+000 -2.741417811124551e-004
1.798272727272727e+000 -2.174331512526045e-004
1.798545454545454e+000 -1.567934450589286e-004
1.798818181818182e+000 -9.632264011018209e-005
1.799090909090909e+000 -4.189113606082327e-005
1.799363636363636e+000 -6.800103706327053e-007
1.799636363636364e+000 1.989232567138000e-005
1.799909090909091e+000 1.389362695774428e-005
1.800181818181818e+000 -2.093713951522357e-005
1.800454545454545e+000 -8.104783275228981e-005
1.800727272727273e+000 -1.558017683243686e-004
1.801000000000000e+000 -2.280704917169702e-004
1.801272727272727e+000 -2.774767540809433e-004
1.801545454545455e+000 -2.863138952937364e-004
1.801818181818182e+000 -2.468693714348805e-004
1.802090909090909e+000 -1.674152887503806e-004
1.802363636363636e+000 -7.328446570980119e-005
1.802636363636364e+000 -2.161480325159357e-007
1.802909090909091e+000 1.985147029008562e-005
1.803181818181818e+000 -2.430390849610777e-005
1.803454545454545e+000 -1.125173867708083e-004
1.803727272727273e+000 -1.978894859723554e-004
1.804000000000000e+000 -2.294326722007796e-004
1.804272727272727e+000 -1.836197650304627e-004
1.804545454545455e+000 -8.522689529427757e-005
1.804818181818182e+000 1.722394701599977e-006
1.805090909090909e+000 1.518220091668759e-005
1.805363636363636e+000 -5.582887781801025e-005
1.805636363636364e+000 -1.543720783117120e-004
1.805909090909091e+000 -1.951049914098930e-004
1.806181818181818e+000 -1.379480595276094e-004
1.806454545454545e+000 -3.225337409152050e-005
1.806727272727273e+000 2.099491309544835e-005
1.807000000000000e+000 -3.203557320161957e-005
1.807272727272727e+000 -1.341271855878211e-004
1.807545454545455e+000 -1.693921836336696e-004
1.807818181818182e+000 -9.344249024889769e-005
1.808090909090909e+000 5.029380960220424e-006
1.808363636363636e+000 4.047862796956172e-006
1.808636363636364e+000 -9.385725031533254e-005
1.808909090909091e+000 -1.540313549734011e-004
1.809181818181818e+000 -8.910012589944198e-005
1.809454545454545e+000 9.205677643873915e-006
1.809727272727273e+000 -4.981716037359802e-006
1.810000000000000e+000 -1.075675081551000e-004
1.810272727272727e+000 -1.313245248123327e-004
1.810545454545455e+000 -3.445230552192668e-005
1.810818181818182e+000 1.968009211384326e-005
1.811090909090909e+000 -6.178807268677642e-005
1.811363636363636e+000 -1.285087183890658e-004
1.811636363636364e+000 -5.393210927095281e-005
1.811909090909091e+000 2.089473848627008e-005
1.812181818181818e+000 -4.860479053189100e-005
1.812454545454545e+000 -1.189425880363087e-004
1.812727272727273e+000 -4.245684859328257e-005
1.813000000000000e+000 1.996351219889576e-005
1.813272727272727e+000 -6.439009052425714e-005
1.813545454545455e+000 -1.044247081733145e-004
1.813818181818182e+000 -7.586497046700874e-006
1.814090909090909e+000 2.260718718014069e-006
1.814363636363636e+000 -9.453569055065040e-005
1.814636363636364e+000 -6.014221085589060e-005
1.814909090909091e+000 2.082677868310958e-005
1.815181818181818e+000 -5.356291159184326e-005
1.815454545454545e+000 -8.757838816069327e-005
1.815727272727273e+000 9.008751836489142e-006
1.816000000000000e+000 -2.066819640223187e-005
1.816272727272727e+000 -9.137612496908558e-005
1.816545454545455e+000 -5.623888899673216e-006
1.816818181818182e+000 -4.380492011683055e-006
1.817090909090909e+000 -8.680543121535653e-005
1.817363636363636e+000 -1.096718693095410e-005
1.817636363636364e+000 -7.506658895867522e-007
1.817909090909091e+000 -8.240935780948654e-005
1.818181818181818e+000 -5.317510628348266e-006
1.818454545454546e+000 -7.291459410697008e-006
1.818727272727273e+000 -7.756803440166896e-005
1.819000000000000e+000 8.198103040849482e-006
1.819272727272727e+000 -2.491985137564257e-005
1.819545454545455e+000 -6.444526179709724e-005
1.819818181818182e+000 2.010677491072037e-005
1.820090909090909e+000 -5.107377763680505e-005
1.820363636363636e+000 -3.401599210976108e-005
1.820636363636364e+000 1.263396972568380e-005
1.820909090909091e+000 -6.798351483496804e-005
1.821181818181818e+000 6.602137273675766e-006
1.821454545454545e+000 -2.528662917754457e-005
1.821727272727273e+000 -4.605822572170938e-005
1.822000000000000e+000 1.830286434698204e-005
1.822272727272727e+000 -6.140796070592352e-005
1.822545454545455e+000 7.169244098110816e-006
1.822818181818182e+000 -2.726249160122000e-005
1.823090909090909e+000 -3.318917785187910e-005
1.823363636363636e+000 1.091822615575459e-005
1.823636363636364e+000 -5.661860407335622e-005
1.823909090909091e+000 1.996247936938922e-005
1.824181818181818e+000 -4.845697878056255e-005
1.824454545454545e+000 2.280426137764503e-006
1.824727272727273e+000 -2.268833658713537e-005
1.825000000000000e+000 -2.310232189330056e-005
1.825272727272727e+000 2.111220188098050e-006
1.825545454545455e+000 -4.152024072239635e-005
1.825818181818182e+000 1.660729712336686e-005
1.826090909090909e+000 -4.881465240174941e-005
1.826363636363636e+000 2.076317966449100e-005
1.826636363636364e+000 -4.767874410783373e-005
1.826909090909091e+000 1.869401579445941e-005
1.827181818181818e+000 -4.261570307307580e-005
1.827454545454545e+000 1.461332051587179e-005
1.827727272727273e+000 -3.717467993750161e-005
1.828000000000000e+000 1.127855794024066e-005
1.828272727272727e+000 -3.333691493296908e-005
1.828545454545455e+000 9.998122498649984e-006
1.828818181818182e+000 -3.185528391147507e-005
1.829090909090909e+000 1.108193705191124e-005
1.829363636363636e+000 -3.266662224865037e-005
1.829636363636364e+000 1.412932623625947e-005
1.829909090909091e+000 -3.501873413374897e-005
1.830181818181818e+000 1.799798618879184e-005
1.830454545454545e+000 -3.731799285936206e-005
1.830727272727273e+000 2.060081641771907e-005
1.831000000000000e+000 -3.698306262483492e-005
1.831272727272727e+000 1.896289890195194e-005
1.831545454545455e+000 -3.088379438654128e-005
1.831818181818182e+000 1.023050701175612e-005
1.832090909090909e+000 -1.707023371795705e-005
1.832363636363636e+000 -5.845020163520952e-006
1.832636363636364e+000 2.171112557753136e-006
1.832909090909091e+000 -2.378256422127429e-005
1.833181818181818e+000 1.801149096230565e-005
1.833454545454545e+000 -3.210635063078243e-005
1.833727272727273e+000 1.817287130639772e-005
1.834000000000000e+000 -2.073270163276169e-005
1.834272727272727e+000 -1.518743055681220e-006
1.834545454545455e+000 5.203507034937584e-006
1.834818181818182e+000 -2.504681258462256e-005
1.835090909090909e+000 2.066231778669525e-005
1.835363636363636e+000 -2.451623014227550e-005
1.835636363636364e+000 4.639277969671131e-006
1.835909090909091e+000 3.854136216848685e-006
1.836181818181818e+000 -2.336151293803615e-005
1.836454545454545e+000 2.044181919288079e-005
1.836727272727273e+000 -1.800161951028214e-005
1.837000000000000e+000 -3.982662845361884e-006
1.837272727272727e+000 1.481298241130265e-005
1.837545454545455e+000 -2.495780932454024e-005
1.837818181818182e+000 1.176154827422048e-005
1.838090909090909e+000 2.819034407134243e-006
1.838363636363636e+000 -2.129202841043126e-005
1.838636363636364e+000 1.862247045421030e-005
1.838909090909091e+000 -5.641244831994949e-006
1.839181818181818e+000 -1.578114724845736e-005
1.839454545454546e+000 2.032221614138750e-005
1.839727272727273e+000 -8.766196428089220e-006
1.840000000000000e+000 -1.298166191143405e-005
1.840272727272727e+000 2.044187390663506e-005
1.840545454545455e+000 -7.325726908051977e-006
1.840818181818182e+000 -1.383081100963148e-005
1.841090909090909e+000 1.962392393438100e-005
1.841363636363636e+000 -1.556730206744929e-006
1.841636363636364e+000 -1.697359420137927e-005
1.841909090909091e+000 1.569860243815078e-005
1.842181818181818e+000 8.263547796869437e-006
1.842454545454545e+000 -1.825344063288237e-005
1.842727272727273e+000 5.551076510136414e-006
1.843000000000000e+000 1.836769151760978e-005
1.843272727272727e+000 -1.094555307443466e-005
1.843545454545455e+000 -9.295031687708660e-006
1.843818181818182e+000 1.879265437514643e-005
1.844090909090909e+000 7.114228281534442e-006
1.844363636363636e+000 -1.591439745387345e-005
1.844636363636364e+000 2.053543055161358e-006
1.844909090909091e+000 2.051234078663385e-005
1.845181818181818e+000 2.000813052304564e-007
1.845454545454546e+000 -1.460790621500569e-005
1.845727272727273e+000 6.443968033194865e-006
1.846000000000000e+000 2.022801267013230e-005
1.846272727272727e+000 4.899199428560407e-007
1.846545454545455e+000 -1.368313118045369e-005
1.846818181818182e+000 3.906185794533399e-006
1.847090909090909e+000 2.047803732099677e-005
1.847363636363636e+000 7.317940985348238e-006
1.847636363636364e+000 -1.159728068896286e-005
1.847909090909091e+000 -4.525292100947630e-006
1.848181818181818e+000 1.613537508663917e-005
1.848454545454545e+000 1.775244143877597e-005
1.848727272727273e+000 -9.551153194686078e-007
1.849000000000000e+000 -1.140660358912849e-005
1.849272727272727e+000 9.119682948942675e-007
1.849545454545455e+000 1.806655439220604e-005
1.849818181818182e+000 1.726907988254302e-005
1.850090909090909e+000 7.218510086174133e-007
1.850363636363636e+000 -1.013579782765982e-005
1.850636363636364e+000 -2.634623875692679e-006
1.850909090909091e+000 1.365131856284889e-005
1.851181818181818e+000 2.040365641565200e-005
1.851454545454546e+000 1.123860184691936e-005
1.851727272727273e+000 -3.388978048999845e-006
1.852000000000000e+000 -8.803856927255329e-006
1.852272727272727e+000 -5.244352653211889e-007
1.852545454545455e+000 1.319711276761322e-005
1.852818181818182e+000 2.040253688686791e-005
1.853090909090909e+000 1.584131717761029e-005
1.853363636363636e+000 4.030035418952740e-006
1.853636363636364e+000 -5.715247591148783e-006
1.853909090909091e+000 -6.712775293143888e-006
1.854181818181818e+000 1.015784536405325e-006
1.854454545454545e+000 1.193990113320304e-005
1.854727272727273e+000 1.938305348952809e-005
1.855000000000000e+000 1.958163790199832e-005
1.855272727272727e+000 1.317650422261666e-005
1.855545454545454e+000 4.016868687144755e-006
1.855818181818182e+000 -3.353007711199197e-006
1.856090909090909e+000 -5.908850162061505e-006
1.856363636363636e+000 -3.114414583561919e-006
1.856636363636364e+000 3.413756997248328e-006
1.856909090909091e+000 1.100595674516610e-005
1.857181818181818e+000 1.712782457621896e-005
1.857454545454545e+000 2.018279110271038e-005
1.857727272727273e+000 1.976922593842005e-005
1.858000000000000e+000 1.648770487566745e-005
1.858272727272727e+000 1.151308046963038e-005
1.858545454545455e+000 6.142271408322003e-006
1.858818181818182e+000 1.455737841782885e-006
1.859090909090909e+000 -1.856538723296024e-006
1.859363636363636e+000 -3.520152310491325e-006
1.859636363636364e+000 -3.601859540929534e-006
1.859909090909091e+000 -2.390614517333904e-006
1.860181818181818e+000 -2.774212817172782e-007
1.860454545454545e+000 2.340309520451952e-006
1.860727272727273e+000 5.120430836423930e-006
1.861000000000000e+000 7.805539336120844e-006
1.861272727272727e+000 1.022784618299633e-005
1.861545454545454e+000 1.229855317016828e-005
1.861818181818182e+000 1.398976984293931e-005
1.862090909090909e+000 1.531481205933787e-005
1.862363636363636e+000 1.631040572242973e-005
1.862636363636363e+000 1.702242736305352e-005
1.862909090909091e+000 1.749551926704762e-005
1.863181818181818e+000 1.776619281757887e-005
1.863454545454546e+000 1.785874957470582e-005
1.863727272727273e+000 1.778336290836051e-005
1.864000000000000e+000 1.753585020770092e-005
1.864272727272727e+000 1.709892959826563e-005
1.864545454545455e+000 1.644503115071736e-005
1.864818181818182e+000 1.554096182422994e-005
1.865090909090909e+000 1.435484503511177e-005
1.865363636363636e+000 1.286569961353007e-005
1.865636363636364e+000 1.107569797326587e-005
1.865909090909091e+000 9.024463821755477e-006
1.866181818181818e+000 6.803681308617624e-006
1.866454545454545e+000 4.568831172659770e-006
1.866727272727273e+000 2.543273099652868e-006
1.867000000000000e+000 1.008643476206191e-006
1.867272727272727e+000 2.754372215946387e-007
1.867545454545454e+000 6.297298789037838e-007
1.867818181818182e+000 2.257270298287964e-006
1.868090909090909e+000 5.155043599885194e-006
1.868363636363636e+000 9.051898038262808e-006
1.868636363636364e+000 1.337079568740103e-005
1.868909090909091e+000 1.727002986282527e-005
1.869181818181818e+000 1.979208901729534e-005
1.869454545454545e+000 2.012067947152722e-005
1.869727272727273e+000 1.789862137828486e-005
1.870000000000000e+000 1.350315100282898e-005
1.870272727272727e+000 8.135916889720228e-006
1.870545454545455e+000 3.597506931746397e-006
1.870818181818182e+000 1.709408205171628e-006
1.871090909090909e+000 3.517343447408920e-006
1.871363636363636e+000 8.601556204092259e-006
1.871636363636364e+000 1.491853850420506e-005
1.871909090909091e+000 1.947862981846549e-005
1.872181818181818e+000 1.977488620918743e-005
1.872454545454545e+000 1.534407459934814e-005
1.872727272727273e+000 8.480427302986657e-006
1.873000000000000e+000 3.317639402688433e-006
1.873272727272727e+000 3.391708678580144e-006
1.873545454545454e+000 9.019362196754817e-006
1.873818181818182e+000 1.648270537843195e-005
1.874090909090909e+000 2.022761529577801e-005
1.874363636363636e+000 1.708604328029411e-005
1.874636363636363e+000 9.359867029291958e-006
1.874909090909091e+000 3.622857370016286e-006
1.875181818181818e+000 5.263427199155040e-006
1.875454545454546e+000 1.310706988693408e-005
1.875727272727273e+000 1.968081170523849e-005
1.876000000000000e+000 1.817489637017395e-005
1.876272727272727e+000 9.922012948536465e-006
1.876545454545455e+000 3.921162396047659e-006
1.876818181818182e+000 7.260991142830747e-006
1.877090909090909e+000 1.632013836815333e-005
1.877363636363636e+000 2.008284943788041e-005
1.877636363636364e+000 1.358679057001869e-005
1.877909090909091e+000 5.204661471430533e-006
1.878181818181818e+000 6.452541267730983e-006
1.878454545454545e+000 1.589496891878430e-005
1.878727272727273e+000 2.000764069302424e-005
1.879000000000000e+000 1.251624849983518e-005
1.879272727272727e+000 4.821401792612581e-006
1.879545454545454e+000 9.267384965118839e-006
1.879818181818182e+000 1.888664638601330e-005
1.880090909090909e+000 1.762323956001153e-005
1.880363636363636e+000 7.519775008055039e-006
1.880636363636364e+000 6.447402048351610e-006
1.880909090909091e+000 1.658694302173967e-005
1.881181818181818e+000 1.923313785821197e-005
1.881454545454545e+000 9.276805938332421e-006
1.881727272727273e+000 6.139412426365398e-006
1.882000000000000e+000 1.627756708939415e-005
1.882272727272727e+000 1.911500354281090e-005
1.882545454545455e+000 8.696570031384702e-006
1.882818181818182e+000 7.301251858922568e-006
1.883090909090909e+000 1.813821211711660e-005
1.883363636363636e+000 1.717037913009304e-005
1.883636363636364e+000 6.604843307438206e-006
1.883909090909091e+000 1.101917718315340e-005
1.884181818181818e+000 2.010889606645331e-005
1.884454545454545e+000 1.204289891333277e-005
1.884727272727273e+000 6.674127580306498e-006
1.885000000000000e+000 1.751443372671218e-005
1.885272727272727e+000 1.708308674202283e-005
1.885545454545454e+000 6.584263051485476e-006
1.885818181818182e+000 1.372388109267321e-005
1.886090909090909e+000 1.947218369338190e-005
1.886363636363636e+000 8.321003704325059e-006
1.886636363636363e+000 1.115243110030970e-005
1.886909090909091e+000 2.006480896595461e-005
1.887181818181818e+000 9.828096662089325e-006
1.887454545454546e+000 1.011521256668158e-005
1.887727272727273e+000 2.009248928702600e-005
1.888000000000000e+000 1.027967097916737e-005
1.888272727272727e+000 1.033978357290328e-005
1.888545454545455e+000 2.007057101677316e-005
1.888818181818182e+000 9.592227178154856e-006
1.889090909090909e+000 1.179248715973626e-005
1.889363636363636e+000 1.967180775972436e-005
1.889636363636364e+000 8.217891422546294e-006
1.889909090909091e+000 1.460257646957647e-005
1.890181818181818e+000 1.789728051443403e-005
1.890454545454545e+000 7.461108718387973e-006
1.890727272727273e+000 1.818187562242672e-005
1.891000000000000e+000 1.390610978293850e-005
1.891272727272727e+000 9.471975416457598e-006
1.891545454545454e+000 2.004658761395725e-005
1.891818181818182e+000 9.100827539426971e-006
1.892090909090909e+000 1.512057939439684e-005
1.892363636363636e+000 1.676135113942408e-005
1.892636363636364e+000 8.490625784693824e-006
1.892909090909091e+000 1.992856078677158e-005
1.893181818181818e+000 9.840299626699849e-006
1.893454545454545e+000 1.517381988146233e-005
1.893727272727273e+000 1.625237090109003e-005
1.894000000000000e+000 9.425391722914758e-006
1.894272727272727e+000 1.996440447831991e-005
1.894545454545455e+000 8.650618405382565e-006
1.894818181818182e+000 1.815803296665085e-005
1.895090909090909e+000 1.248044558692999e-005
1.895363636363636e+000 1.351958904740487e-005
1.895636363636364e+000 1.714255531157278e-005
1.895909090909091e+000 9.773485962357867e-006
1.896181818181818e+000 1.973452758914642e-005
1.896454545454545e+000 8.653313860181717e-006
1.896727272727273e+000 1.968026129179438e-005
1.897000000000000e+000 9.816370598729214e-006
1.897272727272727e+000 1.790907892941774e-005
1.897545454545454e+000 1.207050975868012e-005
1.897818181818182e+000 1.562025140041071e-005
1.898090909090909e+000 1.437575453047959e-005
1.898363636363636e+000 1.361258207151765e-005
1.898636363636364e+000 1.619094178913236e-005
1.898909090909091e+000 1.219586894243963e-005
1.899181818181818e+000 1.738948642504393e-005
1.899454545454545e+000 1.136817149700736e-005
1.899727272727273e+000 1.805073198507906e-005
1.900000000000000e+000 1.101538299718074e-005
