1.500000000000000e+000 -4.634697655048257e+001
1.500090909090909e+000 -6.936181437494338e+001
1.500181818181818e+000 -4.688570756218397e+001
1.500272727272727e+000 -4.719150179646069e+001
1.500363636363636e+000 -6.402336501655455e+001
1.500454545454546e+000 -4.611555274873638e+001
1.500545454545455e+000 -4.832426407906527e+001
1.500636363636364e+000 -5.660638113985744e+001
1.500727272727273e+000 -4.569335610303280e+001
1.500818181818182e+000 -4.969857478651251e+001
1.500909090909091e+000 -5.318347776377410e+001
1.501000000000000e+000 -4.550069573170845e+001
1.501090909090909e+000 -5.126622526646732e+001
1.501181818181818e+000 -5.114716034232931e+001
1.501272727272727e+000 -4.545335252553085e+001
1.501363636363637e+000 -5.296346421081563e+001
1.501454545454545e+000 -4.983202293792481e+001
1.501545454545455e+000 -4.548678845823487e+001
1.501636363636364e+000 -5.469135410795814e+001
1.501727272727273e+000 -4.896224146430493e+001
1.501818181818182e+000 -4.555000640207344e+001
1.501909090909091e+000 -5.629211956774429e+001
1.502000000000000e+000 -4.839795286200432e+001
1.502090909090909e+000 -4.560347112047032e+001
1.502181818181818e+000 -5.753786392076647e+001
1.502272727272727e+000 -4.806271466247969e+001
1.502363636363636e+000 -4.561910335922621e+001
1.502454545454546e+000 -5.817085940396496e+001
1.502545454545455e+000 -4.791704863035967e+001
1.502636363636364e+000 -4.558111303470713e+001
1.502727272727273e+000 -5.801959394940043e+001
1.502818181818182e+000 -4.794804500416353e+001
1.502909090909091e+000 -4.548676634152769e+001
1.503000000000000e+000 -5.711173300375523e+001
1.503090909090909e+000 -4.816640392885628e+001
1.503181818181818e+000 -4.534652256569303e+001
1.503272727272727e+000 -5.565410601887979e+001
1.503363636363637e+000 -4.860883021067176e+001
1.503454545454545e+000 -4.518343836400415e+001
1.503545454545455e+000 -5.390506851175137e+001
1.503636363636364e+000 -4.934746932926679e+001
1.503727272727273e+000 -4.503222690464862e+001
1.503818181818182e+000 -5.207550298349220e+001
1.503909090909091e+000 -5.051405520855566e+001
1.504000000000000e+000 -4.493874454732445e+001
1.504090909090909e+000 -5.030596490890564e+001
1.504181818181818e+000 -5.236518733776241e+001
1.504272727272727e+000 -4.496096901409770e+001
1.504363636363636e+000 -4.868397032841140e+001
1.504454545454546e+000 -5.550335166698444e+001
1.504545454545455e+000 -4.517300726525433e+001
1.504636363636364e+000 -4.726731702472114e+001
1.504727272727273e+000 -6.212060594194313e+001
1.504818181818182e+000 -4.567506779165858e+001
1.504909090909091e+000 -4.610209267840846e+001
1.505000000000000e+000 -7.145521988103566e+001
1.505090909090909e+000 -4.661679330963120e+001
1.505181818181818e+000 -4.523557494360733e+001
1.505272727272727e+000 -5.680832345489193e+001
1.505363636363637e+000 -4.825727158262315e+001
1.505454545454545e+000 -4.472744051232361e+001
1.505545454545455e+000 -5.141324459907026e+001
1.505636363636364e+000 -5.115866950066931e+001
1.505727272727273e+000 -4.466410597840789e+001
1.505818181818182e+000 -4.816802150627783e+001
1.505909090909091e+000 -5.718729244377480e+001
1.506000000000000e+000 -4.518524663407467e+001
1.506090909090909e+000 -4.607474214890010e+001
1.506181818181818e+000 -7.249404461201084e+001
1.506272727272727e+000 -4.654821400572585e+001
1.506363636363636e+000 -4.484491898185453e+001
1.506454545454546e+000 -5.406220097227720e+001
1.506545454545455e+000 -4.933633043724068e+001
1.506636363636364e+000 -4.442853821326713e+001
1.506727272727273e+000 -4.869534802861983e+001
1.506818181818182e+000 -5.557504653590576e+001
1.506909090909091e+000 -4.493882763152166e+001
1.507000000000000e+000 -4.586818708651745e+001
1.507090909090909e+000 -6.766583416986262e+001
1.507181818181818e+000 -4.673688092722161e+001
1.507272727272727e+000 -4.449364465090142e+001
1.507363636363637e+000 -5.174096981623917e+001
1.507454545454545e+000 -5.093804288218293e+001
1.507545454545455e+000 -4.437073870813310e+001
1.507636363636364e+000 -4.687917878683243e+001
1.507727272727273e+000 -6.570127648543216e+001
1.507818181818182e+000 -4.571815260294485e+001
1.507909090909091e+000 -4.465137460518648e+001
1.508000000000000e+000 -5.381261354652700e+001
1.508090909090909e+000 -4.951754040629132e+001
1.508181818181818e+000 -4.415664024609554e+001
1.508272727272727e+000 -4.718873434187468e+001
1.508363636363636e+000 -6.250640195373065e+001
1.508454545454546e+000 -4.548032941414683e+001
1.508545454545455e+000 -4.452644130281111e+001
1.508636363636364e+000 -5.333388942746701e+001
1.508727272727273e+000 -4.981922408605650e+001
1.508818181818182e+000 -4.407586425636003e+001
1.508909090909091e+000 -4.652215877680978e+001
1.509000000000000e+000 -7.205494554969731e+001
1.509090909090909e+000 -4.593346189519214e+001
1.509181818181818e+000 -4.411097379266622e+001
1.509272727272727e+000 -5.059647382887157e+001
1.509363636363637e+000 -5.226839287233575e+001
1.509454545454545e+000 -4.427788158855365e+001
1.509545454545455e+000 -4.521200345064499e+001
1.509636363636364e+000 -5.987434781416733e+001
1.509727272727273e+000 -4.758139579380681e+001
1.509818181818182e+000 -4.376460501299574e+001
1.509909090909091e+000 -4.729532950247769e+001
1.510000000000000e+000 -6.173318802347712e+001
1.510090909090909e+000 -4.533820866153486e+001
1.510181818181818e+000 -4.396801236795741e+001
1.510272727272727e+000 -5.052439425058235e+001
1.510363636363636e+000 -5.243281871806750e+001
1.510454545454546e+000 -4.419329838690693e+001
1.510545454545455e+000 -4.465113307337437e+001
1.510636363636364e+000 -5.559460735796486e+001
1.510727272727273e+000 -4.878584208331898e+001
1.510818181818182e+000 -4.365546838169354e+001
1.510909090909091e+000 -4.564134027627354e+001
1.511000000000000e+000 -6.613897740047362e+001
1.511090909090909e+000 -4.680856824086282e+001
1.511181818181818e+000 -4.346419242559561e+001
1.511272727272727e+000 -4.677867433360301e+001
1.511363636363637e+000 -6.678373265898831e+001
1.511454545454545e+000 -4.564377523779193e+001
1.511545454545455e+000 -4.345015774432167e+001
1.511636363636364e+000 -4.788809285580631e+001
1.511727272727273e+000 -5.867224875861037e+001
1.511818181818182e+000 -4.494821870193784e+001
1.511909090909091e+000 -4.349261133947925e+001
1.512000000000000e+000 -4.877215711016032e+001
1.512090909090909e+000 -5.579858448547342e+001
1.512181818181818e+000 -4.455222768841715e+001
1.512272727272727e+000 -4.350720835624178e+001
1.512363636363636e+000 -4.923713695688281e+001
1.512454545454546e+000 -5.475453758469637e+001
1.512545454545455e+000 -4.437197641529759e+001
1.512636363636364e+000 -4.344551256883438e+001
1.512727272727273e+000 -4.915574195667504e+001
1.512818181818182e+000 -5.496900622433311e+001
1.512909090909091e+000 -4.438151658534411e+001
1.513000000000000e+000 -4.329751761474581e+001
1.513090909090909e+000 -4.852762605069515e+001
1.513181818181818e+000 -5.659952105808581e+001
1.513272727272727e+000 -4.460588700168234e+001
1.513363636363637e+000 -4.309234961311277e+001
1.513454545454545e+000 -4.747947968879726e+001
1.513545454545455e+000 -6.093518188179456e+001
1.513636363636364e+000 -4.512756381287171e+001
1.513727272727273e+000 -4.289610245470403e+001
1.513818181818182e+000 -4.620456801880965e+001
1.513909090909091e+000 -9.144759550652825e+001
1.514000000000000e+000 -4.611359449153100e+001
1.514090909090909e+000 -4.280980700124751e+001
1.514181818181818e+000 -4.489981935741302e+001
1.514272727272727e+000 -5.890573152485522e+001
1.514363636363636e+000 -4.790076762103959e+001
1.514454545454546e+000 -4.297396894368391e+001
1.514545454545455e+000 -4.373944239800244e+001
1.514636363636364e+000 -5.186416789215861e+001
1.514727272727273e+000 -5.132336166489880e+001
1.514818181818182e+000 -4.359135823337750e+001
1.514909090909091e+000 -4.288189020406651e+001
1.515000000000000e+000 -4.767405383626394e+001
1.515090909090909e+000 -6.015315063393885e+001
1.515181818181818e+000 -4.499991977838712e+001
1.515272727272727e+000 -4.249696737174214e+001
1.515363636363637e+000 -4.487258537490333e+001
1.515454545454545e+000 -5.896581649852347e+001
1.515545454545455e+000 -4.793557465897214e+001
1.515636363636364e+000 -4.281580806588496e+001
1.515727272727273e+000 -4.309435986786241e+001
1.515818181818182e+000 -4.924961802580143e+001
1.515909090909091e+000 -5.516810579448949e+001
1.516000000000000e+000 -4.424915360052237e+001
1.516090909090909e+000 -4.230145506669949e+001
1.516181818181818e+000 -4.493516303168461e+001
1.516272727272727e+000 -5.959648236270495e+001
1.516363636363636e+000 -4.782730640877686e+001
1.516454545454546e+000 -4.268757757643031e+001
1.516545454545455e+000 -4.271597598673586e+001
1.516636363636364e+000 -4.793032377097165e+001
1.516727272727273e+000 -5.930312671529464e+001
1.516818181818182e+000 -4.486110339592966e+001
1.516909090909091e+000 -4.210670119250003e+001
1.517000000000000e+000 -4.366144234262769e+001
1.517090909090909e+000 -5.229669953005421e+001
1.517181818181818e+000 -5.117806155645449e+001
1.517272727272727e+000 -4.337246456537040e+001
1.517363636363637e+000 -4.201143932327027e+001
1.517454545454545e+000 -4.482227576518476e+001
1.517545454545455e+000 -5.889496284476682e+001
1.517636363636364e+000 -4.806172431357737e+001
1.517727272727273e+000 -4.259124548950588e+001
1.517818181818182e+000 -4.210124568318975e+001
1.517909090909091e+000 -4.587845486076571e+001
1.518000000000000e+000 -7.207991932507655e+001
1.518090909090909e+000 -4.656304815209762e+001
1.518181818181818e+000 -4.217947898554201e+001
1.518272727272727e+000 -4.217164578917400e+001
1.518363636363636e+000 -4.650410600961105e+001
1.518454545454546e+000 -7.461189850971505e+001
1.518545454545455e+000 -4.594837226487365e+001
1.518636363636364e+000 -4.197398146277479e+001
1.518727272727273e+000 -4.210057188149052e+001
1.518818181818182e+000 -4.645953701444255e+001
1.518909090909091e+000 -7.673240256472852e+001
1.519000000000000e+000 -4.601513084802394e+001
1.519090909090909e+000 -4.192375242384298e+001
1.519181818181818e+000 -4.185791297974786e+001
1.519272727272727e+000 -4.571742463504972e+001
1.519363636363637e+000 -6.817139126870981e+001
1.519454545454545e+000 -4.683905769039801e+001
1.519545454545455e+000 -4.207686006829954e+001
1.519636363636364e+000 -4.150960932293335e+001
1.519727272727273e+000 -4.447991307807704e+001
1.519818181818182e+000 -5.684691623713777e+001
1.519909090909091e+000 -4.885696820349430e+001
1.520000000000000e+000 -4.259215874424165e+001
1.520090909090909e+000 -4.120877285378423e+001
1.520181818181818e+000 -4.306401311735423e+001
1.520272727272727e+000 -5.051928863604661e+001
1.520363636363636e+000 -5.364694534346081e+001
1.520454545454546e+000 -4.379853251762550e+001
1.520545454545455e+000 -4.118993143282820e+001
1.520636363636364e+000 -4.179231784352014e+001
1.520727272727273e+000 -4.617997883147323e+001
1.520818181818182e+000 -8.063207175171587e+001
1.520909090909091e+000 -4.643771674769621e+001
1.521000000000000e+000 -4.180252544843932e+001
1.521090909090909e+000 -4.097383299798055e+001
1.521181818181818e+000 -4.314066141277102e+001
1.521272727272727e+000 -5.096285121080879e+001
1.521363636363637e+000 -5.321053970639133e+001
1.521454545454545e+000 -4.367753007314195e+001
1.521545454545455e+000 -4.096926166840079e+001
1.521636363636364e+000 -4.124393906946262e+001
1.521727272727273e+000 -4.471594015573341e+001
1.521818181818182e+000 -5.817392651537515e+001
1.521909090909091e+000 -4.859952137854261e+001
1.522000000000000e+000 -4.238329653099581e+001
1.522090909090909e+000 -4.062176643203553e+001
1.522181818181818e+000 -4.154853367136629e+001
1.522272727272727e+000 -4.592480733032134e+001
1.522363636363636e+000 -6.999010382022287e+001
1.522454545454546e+000 -4.689143101218957e+001
1.522545454545455e+000 -4.180054095002654e+001
1.522636363636364e+000 -4.042788040613564e+001
1.522727272727273e+000 -4.158350194843698e+001
1.522818181818182e+000 -4.618901293006154e+001
1.522909090909091e+000 -7.602497135402284e+001
1.523000000000000e+000 -4.666511186560090e+001
1.523090909090909e+000 -4.168201215035732e+001
1.523181818181818e+000 -4.025866876528018e+001
1.523272727272727e+000 -4.123029823593998e+001
1.523363636363637e+000 -4.529632172364445e+001
1.523454545454545e+000 -6.186322168957815e+001
1.523545454545455e+000 -4.788160397925586e+001
1.523636363636364e+000 -4.205996069127879e+001
1.523727272727273e+000 -4.016693449126071e+001
1.523818181818182e+000 -4.059074376112322e+001
1.523909090909091e+000 -4.358913312278815e+001
1.524000000000000e+000 -5.278300781196631e+001
1.524090909090909e+000 -5.176331846196955e+001
1.524181818181818e+000 -4.326883295161013e+001
1.524272727272727e+000 -4.039293859401059e+001
1.524363636363636e+000 -3.995509097649941e+001
1.524454545454546e+000 -4.167337539275065e+001
1.524545454545455e+000 -4.680340571058753e+001
1.524636363636364e+000 -7.673543372733815e+001
1.524727272727273e+000 -4.630177855211699e+001
1.524818181818182e+000 -4.143019851237161e+001
1.524909090909091e+000 -3.975866072876419e+001
1.525000000000000e+000 -4.011866601703021e+001
1.525090909090909e+000 -4.269305623238917e+001
1.525181818181818e+000 -4.978394966640079e+001
1.525272727272727e+000 -5.623688115342916e+001
1.525363636363637e+000 -4.440993224562277e+001
1.525454545454545e+000 -4.066028540008665e+001
1.525545454545455e+000 -3.946382232430302e+001
1.525636363636364e+000 -4.012032138936319e+001
1.525727272727273e+000 -4.295634826500910e+001
1.525818181818182e+000 -5.059643848424524e+001
1.525909090909091e+000 -5.489410609313568e+001
1.526000000000000e+000 -4.412913106258421e+001
1.526090909090909e+000 -4.048990452033327e+001
1.526181818181818e+000 -3.925146851714673e+001
1.526272727272727e+000 -3.974067298144387e+001
1.526363636363636e+000 -4.217231651538646e+001
1.526454545454546e+000 -4.833551589545911e+001
1.526545454545455e+000 -6.155687164260583e+001
1.526636363636364e+000 -4.541020971458548e+001
1.526727272727273e+000 -4.096639094989489e+001
1.526818181818182e+000 -3.920374426325521e+001
1.526909090909091e+000 -3.912171792226243e+001
1.527000000000000e+000 -4.067126200022888e+001
1.527090909090909e+000 -4.464070778456553e+001
1.527181818181818e+000 -5.668488640635615e+001
1.527272727272727e+000 -4.992788079841706e+001
1.527363636363637e+000 -4.270149898567658e+001
1.527454545454545e+000 -3.976236671062760e+001
1.527545454545455e+000 -3.873149238946571e+001
1.527636363636364e+000 -3.915711419698468e+001
1.527727272727273e+000 -4.118942245716718e+001
1.527818181818182e+000 -4.593363137521619e+001
1.527909090909091e+000 -6.460291134311339e+001
1.528000000000000e+000 -4.801249345624122e+001
1.528090909090909e+000 -4.199213866927531e+001
1.528181818181818e+000 -3.937365418868684e+001
1.528272727272727e+000 -3.844210477274194e+001
1.528363636363636e+000 -3.883351881688613e+001
1.528454545454546e+000 -4.066984372071328e+001
1.528545454545455e+000 -4.480437578013741e+001
1.528636363636364e+000 -5.692639239327139e+001
1.528727272727273e+000 -5.013709215498388e+001
1.528818181818182e+000 -4.281252081311852e+001
1.528909090909091e+000 -3.967396931767089e+001
1.529000000000000e+000 -3.831211697578743e+001
1.529090909090909e+000 -3.820140674999117e+001
1.529181818181818e+000 -3.929557330339781e+001
1.529272727272727e+000 -4.195891755659828e+001
1.529363636363637e+000 -4.776840149161239e+001
1.529454545454545e+000 -6.961128651798565e+001
1.529545454545455e+000 -4.651958006172687e+001
1.529636363636364e+000 -4.136920116539383e+001
1.529727272727273e+000 -3.891200297276412e+001
1.529818181818182e+000 -3.787285062258039e+001
1.529909090909091e+000 -3.791954645814404e+001
1.530000000000000e+000 -3.905260324895469e+001
1.530090909090909e+000 -4.161066276489093e+001
1.530181818181818e+000 -4.691927393646024e+001
1.530272727272727e+000 -7.430885551877968e+001
1.530363636363636e+000 -4.762552003778149e+001
1.530454545454546e+000 -4.187075475485457e+001
1.530545454545455e+000 -3.908688532997013e+001
1.530636363636364e+000 -3.773432787734343e+001
1.530727272727273e+000 -3.739699959315595e+001
1.530818181818182e+000 -3.798397750524433e+001
1.530909090909091e+000 -3.962564896501068e+001
1.531000000000000e+000 -4.284004686417553e+001
1.531090909090909e+000 -4.974409373359079e+001
1.531181818181818e+000 -5.976971032598108e+001
1.531272727272727e+000 -4.564188640475258e+001
1.531363636363637e+000 -4.098009069890138e+001
1.531454545454545e+000 -3.855106880176375e+001
1.531545454545455e+000 -3.732037642378877e+001
1.531636363636364e+000 -3.696765178713898e+001
1.531727272727273e+000 -3.741103173566901e+001
1.531818181818182e+000 -3.872963826121601e+001
1.531909090909091e+000 -4.124466716513722e+001
1.532000000000000e+000 -4.601285284197439e+001
1.532090909090909e+000 -6.080217313175225e+001
1.532181818181818e+000 -4.971610669517537e+001
1.532272727272727e+000 -4.286577463266212e+001
1.532363636363636e+000 -3.954100768533158e+001
1.532454545454546e+000 -3.767590143440967e+001
1.532545454545455e+000 -3.672514688939138e+001
1.532636363636364e+000 -3.649255240705219e+001
1.532727272727273e+000 -3.692968702277071e+001
1.532818181818182e+000 -3.810047778664463e+001
1.532909090909091e+000 -4.023436869169689e+001
1.533000000000000e+000 -4.399155543188113e+001
1.533090909090909e+000 -5.224520623939296e+001
1.533181818181818e+000 -5.585587485480159e+001
1.533272727272727e+000 -4.509154621158826e+001
1.533363636363637e+000 -4.076899003206521e+001
1.533454545454545e+000 -3.831244337830268e+001
1.533545454545455e+000 -3.686035544762761e+001
1.533636363636364e+000 -3.610793831914579e+001
1.533727272727273e+000 -3.593190933638330e+001
1.533818181818182e+000 -3.629991863685137e+001
1.533909090909091e+000 -3.725259791034956e+001
1.534000000000000e+000 -3.892999137989385e+001
1.534090909090909e+000 -4.168587402876207e+001
1.534181818181818e+000 -4.659204314910914e+001
1.534272727272727e+000 -6.135049169212120e+001
1.534363636363636e+000 -5.038393490838285e+001
1.534454545454546e+000 -4.341148496789455e+001
1.534545454545455e+000 -3.988972306837960e+001
1.534636363636364e+000 -3.773225202313534e+001
1.534727272727273e+000 -3.637344702686291e+001
1.534818181818182e+000 -3.558473211132981e+001
1.534909090909091e+000 -3.526152055225843e+001
1.535000000000000e+000 -3.536189960829287e+001
1.535090909090909e+000 -3.588803200692416e+001
1.535181818181818e+000 -3.688802885694462e+001
1.535272727272727e+000 -3.848035638189386e+001
1.535363636363637e+000 -4.093192157572727e+001
1.535454545454545e+000 -4.494697851739606e+001
1.535545454545455e+000 -5.361240606843119e+001
1.535636363636364e+000 -5.603410119608301e+001
1.535727272727273e+000 -4.570300564619561e+001
1.535818181818182e+000 -4.131623705605721e+001
1.535909090909091e+000 -3.865624877324464e+001
1.536000000000000e+000 -3.688493246236398e+001
1.536090909090909e+000 -3.568894192398211e+001
1.536181818181818e+000 -3.492024669811076e+001
1.536272727272727e+000 -3.450172812547427e+001
1.536363636363636e+000 -3.439402340895482e+001
1.536454545454546e+000 -3.458260712491257e+001
1.536545454545455e+000 -3.507393207031132e+001
1.536636363636364e+000 -3.589788859699438e+001
1.536727272727273e+000 -3.711833371933658e+001
1.536818181818182e+000 -3.886038886542595e+001
1.536909090909091e+000 -4.138559134769435e+001
1.537000000000000e+000 -4.535694176605469e+001
1.537090909090909e+000 -5.350768519162054e+001
1.537181818181818e+000 -5.816191774981688e+001
1.537272727272727e+000 -4.683418741436617e+001
1.537363636363637e+000 -4.220982035117015e+001
1.537454545454545e+000 -3.936443137850835e+001
1.537545454545455e+000 -3.739349584903854e+001
1.537636363636364e+000 -3.596315598700972e+001
1.537727272727273e+000 -3.491339169469131e+001
1.537818181818182e+000 -3.415596528601916e+001
1.537909090909091e+000 -3.363818962873675e+001
1.538000000000000e+000 -3.332747465352108e+001
1.538090909090909e+000 -3.320397635381369e+001
1.538181818181818e+000 -3.325695240793495e+001
1.538272727272727e+000 -3.348310657812228e+001
1.538363636363636e+000 -3.388625822996352e+001
1.538454545454546e+000 -3.447821770518427e+001
1.538545454545455e+000 -3.528120973900239e+001
1.538636363636364e+000 -3.633289459470511e+001
1.538727272727273e+000 -3.769662203275930e+001
1.538818181818182e+000 -3.948397073190606e+001
1.538909090909091e+000 -4.191171161527110e+001
1.539000000000000e+000 -4.548368256370811e+001
1.539090909090909e+000 -5.190578768933164e+001
1.539181818181818e+000 -7.130693398710561e+001
1.539272727272727e+000 -5.024171932551467e+001
1.539363636363637e+000 -4.468020150790947e+001
1.539454545454545e+000 -4.139611616070655e+001
1.539545454545455e+000 -3.910263269719737e+001
1.539636363636364e+000 -3.737532754367543e+001
1.539727272727273e+000 -3.602027010381546e+001
1.539818181818182e+000 -3.493218851714824e+001
1.539909090909091e+000 -3.404735674741910e+001
1.540000000000000e+000 -3.332416472959812e+001
1.540090909090909e+000 -3.273388840472128e+001
1.540181818181818e+000 -3.225584017813761e+001
1.540272727272727e+000 -3.187462016028632e+001
1.540363636363636e+000 -3.157846318536707e+001
1.540454545454546e+000 -3.135819668604840e+001
1.540545454545455e+000 -3.120655808424717e+001
1.540636363636364e+000 -3.111773365888464e+001
1.540727272727273e+000 -3.108703935143079e+001
1.540818181818182e+000 -3.111069583578893e+001
1.540909090909091e+000 -3.118566833832403e+001
1.541000000000000e+000 -3.130955247878345e+001
1.541090909090909e+000 -3.148049406574647e+001
1.541181818181818e+000 -3.169713505747767e+001
1.541272727272727e+000 -3.195858080085712e+001
1.541363636363637e+000 -3.226438573943138e+001
1.541454545454545e+000 -3.261455643327442e+001
1.541545454545455e+000 -3.300957221468629e+001
1.541636363636364e+000 -3.345042531753398e+001
1.541727272727273e+000 -3.393868414567508e+001
1.541818181818182e+000 -3.447658572724840e+001
1.541909090909091e+000 -3.506716685148668e+001
1.542000000000000e+000 -3.571444857124220e+001
1.542090909090909e+000 -3.642369704408409e+001
1.542181818181818e+000 -3.720179725489575e+001
1.542272727272727e+000 -3.805779953820932e+001
1.542363636363636e+000 -3.900374059722991e+001
1.542454545454546e+000 -4.005591925345462e+001
1.542545454545455e+000 -4.123696349856382e+001
1.542636363636364e+000 -4.257935857250145e+001
1.542727272727273e+000 -4.413187865485191e+001
1.542818181818182e+000 -4.597236158573322e+001
1.542909090909091e+000 -4.823621890938471e+001
1.543000000000000e+000 -5.119179774741050e+001
1.543090909090909e+000 -5.550274867098511e+001
1.543181818181818e+000 -6.386291851166750e+001
1.543272727272727e+000 -6.904754091319785e+001
1.543363636363637e+000 -5.771145913781793e+001
1.543454545454545e+000 -5.313959005815241e+001
1.543545454545455e+000 -5.029666546462273e+001
1.543636363636364e+000 -4.826996115375395e+001
1.543727272727273e+000 -4.672377443915452e+001
1.543818181818182e+000 -4.549704230780473e+001
1.543909090909091e+000 -4.450018550409472e+001
1.544000000000000e+000 -4.367845657153845e+001
1.544090909090909e+000 -4.299618073760006e+001
1.544181818181818e+000 -4.242905837889028e+001
1.544272727272727e+000 -4.196004562051495e+001
1.544363636363636e+000 -4.157699581275421e+001
1.544454545454546e+000 -4.127124085839760e+001
1.544545454545455e+000 -4.103670936678716e+001
1.544636363636364e+000 -4.086937132878677e+001
1.544727272727273e+000 -4.076689472591077e+001
1.544818181818182e+000 -4.072845105995550e+001
1.544909090909091e+000 -4.075463679470685e+001
1.545000000000000e+000 -4.084749799598746e+001
1.545090909090909e+000 -4.101066185432283e+001
1.545181818181818e+000 -4.124959634804764e+001
1.545272727272727e+000 -4.157204293889636e+001
1.545363636363637e+000 -4.198870506682742e+001
1.545454545454545e+000 -4.251434261618525e+001
1.545545454545455e+000 -4.316955239128717e+001
1.545636363636364e+000 -4.398378465585616e+001
1.545727272727273e+000 -4.500075517347194e+001
1.545818181818182e+000 -4.628893629574027e+001
1.545909090909091e+000 -4.796415943373050e+001
1.546000000000000e+000 -5.024626065701945e+001
1.546090909090909e+000 -5.363906090558812e+001
1.546181818181818e+000 -5.982999004449156e+001
1.546272727272727e+000 -7.990218250888107e+001
1.546363636363636e+000 -5.788492236187457e+001
1.546454545454546e+000 -5.205856181820108e+001
1.546545454545455e+000 -4.852462231007053e+001
1.546636363636364e+000 -4.598617293166352e+001
1.546727272727273e+000 -4.402148475824454e+001
1.546818181818182e+000 -4.244260587380602e+001
1.546909090909091e+000 -4.115248696930072e+001
1.547000000000000e+000 -4.009817605357574e+001
1.547090909090909e+000 -3.925232127402892e+001
1.547181818181818e+000 -3.860557914700050e+001
1.547272727272727e+000 -3.816456036650903e+001
1.547363636363637e+000 -3.795405852183520e+001
1.547454545454545e+000 -3.802492092867788e+001
1.547545454545455e+000 -3.847315743843416e+001
1.547636363636364e+000 -3.948845618529311e+001
1.547727272727273e+000 -4.150353355083885e+001
1.547818181818182e+000 -4.587773467348718e+001
1.547909090909091e+000 -7.029894333399635e+001
1.548000000000000e+000 -4.398051087925390e+001
1.548090909090909e+000 -3.630221360373692e+001
1.548181818181818e+000 -3.129049889826500e+001
1.548272727272727e+000 -2.735304800546518e+001
1.548363636363636e+000 -2.401712591603133e+001
1.548454545454546e+000 -2.109313513789256e+001
1.548545454545455e+000 -1.850849117786377e+001
1.548636363636364e+000 -1.626269983210936e+001
1.548727272727273e+000 -1.442344109491366e+001
1.548818181818182e+000 -1.315730557039142e+001
1.548909090909091e+000 -1.284886746491326e+001
1.549000000000000e+000 -1.463628269103598e+001
1.549090909090909e+000 -2.622756433743945e+001
1.549181818181818e+000 -1.434608426869747e+001
1.549272727272727e+000 -8.944051218368131e+000
1.549363636363637e+000 -2.904320958353527e+001
1.549454545454545e+000 -6.881303778239063e+000
1.549545454545455e+000 -5.181384981359390e+000
1.549636363636364e+000 -3.177466552625775e+000
1.549727272727273e+000 -6.363969394988837e-001
1.549818181818182e+000 8.685893981439090e-006
1.549909090909091e+000 8.685893981439090e-006
1.550000000000000e+000 8.685893981439090e-006
1.550090909090909e+000 8.685893981439090e-006
1.550181818181818e+000 8.685893981439090e-006
1.550272727272727e+000 -6.420037970841509e-001
1.550363636363636e+000 -3.138296438816298e+000
1.550454545454546e+000 -5.284452777464699e+000
1.550545454545455e+000 -7.084679701975531e+000
1.550636363636364e+000 -4.128016505427735e+001
1.550727272727273e+000 -9.094059425212279e+000
1.550818181818182e+000 -1.269433041141813e+001
1.550909090909091e+000 -3.723916358869477e+001
1.551000000000000e+000 -1.755631773502249e+001
1.551090909090909e+000 -1.414299794367143e+001
1.551181818181818e+000 -1.348093624745532e+001
1.551272727272727e+000 -1.378261239716731e+001
1.551363636363637e+000 -1.448483983371115e+001
1.551454545454545e+000 -1.532729330423001e+001
1.551545454545455e+000 -1.616713774847958e+001
1.551636363636364e+000 -1.692344847088270e+001
1.551727272727273e+000 -1.755562510437584e+001
1.551818181818182e+000 -1.805201631807021e+001
1.551909090909091e+000 -1.842156811066635e+001
1.552000000000000e+000 -1.868658439657684e+001
1.552090909090909e+000 -1.887660164197198e+001
1.552181818181818e+000 -1.902379876305639e+001
1.552272727272727e+000 -1.916012202089686e+001
1.552363636363636e+000 -1.931595931853525e+001
1.552454545454546e+000 -1.952001778590747e+001
1.552545454545455e+000 -1.980007248113485e+001
1.552636363636364e+000 -2.018439481968105e+001
1.552727272727273e+000 -2.070388534656020e+001
1.552818181818182e+000 -2.139524607380934e+001
1.552909090909091e+000 -2.230607469038493e+001
1.553000000000000e+000 -2.350397699088546e+001
1.553090909090909e+000 -2.509504157451411e+001
1.553181818181818e+000 -2.726748395897783e+001
1.553272727272727e+000 -3.041951426532554e+001
1.553363636363637e+000 -3.570253098486912e+001
1.553454545454545e+000 -5.201129386481284e+001
1.553545454545455e+000 -3.908419108928278e+001
1.553636363636364e+000 -3.239621285030606e+001
1.553727272727273e+000 -2.895048038581529e+001
1.553818181818182e+000 -2.679815327749563e+001
1.553909090909091e+000 -2.540143555019807e+001
1.554000000000000e+000 -2.454342311949686e+001
1.554090909090909e+000 -2.412601601028140e+001
1.554181818181818e+000 -2.411081177470628e+001
1.554272727272727e+000 -2.450033033990622e+001
1.554363636363636e+000 -2.533764883651888e+001
1.554454545454546e+000 -2.672396999856760e+001
1.554545454545455e+000 -2.887408082492324e+001
1.554636363636364e+000 -3.230264445899139e+001
1.554727272727273e+000 -3.878554763526537e+001
1.554818181818182e+000 -5.601695016313225e+001
1.554909090909091e+000 -3.692149588094451e+001
1.555000000000000e+000 -3.177342137905328e+001
1.555090909090909e+000 -2.899844431472079e+001
1.555181818181818e+000 -2.737444425492304e+001
1.555272727272727e+000 -2.651692174051224e+001
1.555363636363637e+000 -2.628001183932679e+001
1.555454545454545e+000 -2.662884974719576e+001
1.555545454545455e+000 -2.761435588873333e+001
1.555636363636364e+000 -2.940498849877946e+001
1.555727272727273e+000 -3.243362382760243e+001
1.555818181818182e+000 -3.811834830913069e+001
1.555909090909091e+000 -7.133150915900168e+001
1.556000000000000e+000 -3.867946330999196e+001
1.556090909090909e+000 -3.298847359326467e+001
1.556181818181818e+000 -3.011021052580386e+001
1.556272727272727e+000 -2.854781056648214e+001
1.556363636363636e+000 -2.787378429596703e+001
1.556454545454546e+000 -2.795125070956277e+001
1.556545454545455e+000 -2.879300739786211e+001
1.556636363636364e+000 -3.056957899378954e+001
1.556727272727273e+000 -3.378580841980501e+001
1.556818181818182e+000 -4.031098062575418e+001
1.556909090909091e+000 -5.478018269921252e+001
1.557000000000000e+000 -3.777450824446811e+001
1.557090909090909e+000 -3.291170590887902e+001
1.557181818181818e+000 -3.045614668457170e+001
1.557272727272727e+000 -2.927104669639773e+001
1.557363636363637e+000 -2.902985056652743e+001
1.557454545454545e+000 -2.967661498496034e+001
1.557545454545455e+000 -3.136086464923987e+001
1.557636363636364e+000 -3.461336003210172e+001
1.557727272727273e+000 -4.155518193893348e+001
1.557818181818182e+000 -5.175412062860713e+001
1.557909090909091e+000 -3.767033044491376e+001
1.558000000000000e+000 -3.315737189681737e+001
1.558090909090909e+000 -3.095149894173323e+001
1.558181818181818e+000 -3.004792778235101e+001
1.558272727272727e+000 -3.018245699836044e+001
1.558363636363636e+000 -3.138814419914850e+001
1.558454545454546e+000 -3.403381024463154e+001
1.558545454545455e+000 -3.952226220976358e+001
1.558636363636364e+000 -7.759341109418510e+001
1.558727272727273e+000 -3.985745110000818e+001
1.558818181818182e+000 -3.439358618203035e+001
1.558909090909091e+000 -3.187610006577674e+001
1.559000000000000e+000 -3.087203689554299e+001
1.559090909090909e+000 -3.104241148058056e+001
1.559181818181818e+000 -3.243611736321033e+001
1.559272727272727e+000 -3.556040538638229e+001
1.559363636363637e+000 -4.267671794693992e+001
1.559454545454545e+000 -5.094799216207687e+001
1.559545454545455e+000 -3.806267705284623e+001
1.559636363636364e+000 -3.384158071643818e+001
1.559727272727273e+000 -3.196533448648799e+001
1.559818181818182e+000 -3.152972384771672e+001
1.559909090909091e+000 -3.238426852042088e+001
1.560000000000000e+000 -3.483478537525810e+001
1.560090909090909e+000 -4.030728006609569e+001
1.560181818181818e+000 -7.726313152252102e+001
1.560272727272727e+000 -4.018810134856685e+001
1.560363636363636e+000 -3.497147786778957e+001
1.560454545454546e+000 -3.273510052273690e+001
1.560545454545455e+000 -3.214529360507589e+001
1.560636363636364e+000 -3.297253818401380e+001
1.560727272727273e+000 -3.554425601442217e+001
1.560818181818182e+000 -4.156431210492968e+001
1.560909090909091e+000 -5.806450634511010e+001
1.561000000000000e+000 -3.954517831378800e+001
1.561090909090909e+000 -3.490231338910367e+001
1.561181818181818e+000 -3.301312161958924e+001
1.561272727272727e+000 -3.279716066645770e+001
1.561363636363637e+000 -3.416410179907513e+001
1.561454545454545e+000 -3.777792875161195e+001
1.561545454545455e+000 -4.778688700190325e+001
1.561636363636364e+000 -4.538952890833618e+001
1.561727272727273e+000 -3.721597966348986e+001
1.561818181818182e+000 -3.414495418480324e+001
1.561909090909091e+000 -3.320880208636255e+001
1.562000000000000e+000 -3.394786620450562e+001
1.562090909090909e+000 -3.671087912310523e+001
1.562181818181818e+000 -4.378743991262966e+001
1.562272727272727e+000 -5.103226786341234e+001
1.562363636363636e+000 -3.882131341751303e+001
1.562454545454546e+000 -3.498643402002089e+001
1.562545454545455e+000 -3.370182101641924e+001
1.562636363636364e+000 -3.423641971157969e+001
1.562727272727273e+000 -3.685898210121566e+001
1.562818181818182e+000 -4.377209709468944e+001
1.562909090909091e+000 -5.159059809313562e+001
1.563000000000000e+000 -3.907805714974116e+001
1.563090909090909e+000 -3.526948788522281e+001
1.563181818181818e+000 -3.409937213053561e+001
1.563272727272727e+000 -3.486574782408309e+001
1.563363636363637e+000 -3.799723081507869e+001
1.563454545454545e+000 -4.695512570896278e+001
1.563545454545455e+000 -4.692336937145074e+001
1.563636363636364e+000 -3.810284209942068e+001
1.563727272727273e+000 -3.510184637649361e+001
1.563818181818182e+000 -3.452780248820974e+001
1.563909090909091e+000 -3.603988824802580e+001
1.564000000000000e+000 -4.067770582753099e+001
1.564090909090909e+000 -6.339039122290311e+001
1.564181818181818e+000 -4.196410652369784e+001
1.564272727272727e+000 -3.664886716603445e+001
1.564363636363636e+000 -3.491880511749400e+001
1.564454545454546e+000 -3.542178021716307e+001
1.564545454545455e+000 -3.847651547053511e+001
1.564636363636364e+000 -4.778248390165399e+001
1.564727272727273e+000 -4.660607928432416e+001
1.564818181818182e+000 -3.826026241514299e+001
1.564909090909091e+000 -3.554776895841876e+001
1.565000000000000e+000 -3.539048478667903e+001
1.565090909090909e+000 -3.768363722753524e+001
1.565181818181818e+000 -4.465247875152174e+001
1.565272727272727e+000 -5.111855610717132e+001
1.565363636363637e+000 -3.946839169714666e+001
1.565454545454545e+000 -3.609741679908149e+001
1.565545454545455e+000 -3.560222467437898e+001
1.565636363636364e+000 -3.762296124054699e+001
1.565727272727273e+000 -4.408281350183757e+001
1.565818181818182e+000 -5.290434570266086e+001
1.565909090909091e+000 -3.991241311135457e+001
1.566000000000000e+000 -3.639849457493265e+001
1.566090909090909e+000 -3.591855310068264e+001
1.566181818181818e+000 -3.810093298000266e+001
1.566272727272727e+000 -4.525711192818022e+001
1.566363636363636e+000 -5.045281768663167e+001
1.566454545454546e+000 -3.953337456940101e+001
1.566545454545455e+000 -3.645236771357117e+001
1.566636363636364e+000 -3.636707384841110e+001
1.566727272727273e+000 -3.920916853381734e+001
1.566818181818182e+000 -4.898097984220281e+001
1.566909090909091e+000 -4.631932762498289e+001
1.567000000000000e+000 -3.861494397717981e+001
1.567090909090909e+000 -3.642965742958177e+001
1.567181818181818e+000 -3.714574818986767e+001
1.567272727272727e+000 -4.140507942934519e+001
1.567363636363637e+000 -6.489731039140892e+001
1.567454545454545e+000 -4.251371976066299e+001
1.567545454545455e+000 -3.760732960249904e+001
1.567636363636364e+000 -3.664520631432039e+001
1.567727272727273e+000 -3.868773111916222e+001
1.567818181818182e+000 -4.620907538129021e+001
1.567909090909091e+000 -4.947957568335137e+001
1.568000000000000e+000 -3.959755231510282e+001
1.568090909090909e+000 -3.697941229339747e+001
1.568181818181818e+000 -3.758005065945317e+001
1.568272727272727e+000 -4.199930912329691e+001
1.568363636363636e+000 -8.113134946627191e+001
1.568454545454546e+000 -4.221935168606983e+001
1.568545454545455e+000 -3.776609598604503e+001
1.568636363636364e+000 -3.724866252509041e+001
1.568727272727273e+000 -4.012614564964550e+001
1.568818181818182e+000 -5.156716106103744e+001
1.568909090909091e+000 -4.529159233017714e+001
1.569000000000000e+000 -3.872749567666985e+001
1.569090909090909e+000 -3.730578244358092e+001
1.569181818181818e+000 -3.925930793814180e+001
1.569272727272727e+000 -4.731673515794917e+001
1.569363636363637e+000 -4.847369621900697e+001
1.569454545454545e+000 -3.962392407738911e+001
1.569545454545455e+000 -3.752216492321590e+001
1.569636363636364e+000 -3.893387548499610e+001
1.569727272727273e+000 -4.570656938095659e+001
1.569818181818182e+000 -5.102301264880538e+001
1.569909090909091e+000 -4.025267449043328e+001
1.570000000000000e+000 -3.775786711014224e+001
1.570090909090909e+000 -3.894537894749652e+001
1.570181818181818e+000 -4.539418171848410e+001
1.570272727272727e+000 -5.185252376559127e+001
1.570363636363636e+000 -4.048599678333697e+001
1.570454545454546e+000 -3.794750319699097e+001
1.570545454545455e+000 -3.922224596570857e+001
1.570636363636364e+000 -4.612138884663435e+001
1.570727272727273e+000 -5.056893799484387e+001
1.570818181818182e+000 -4.031320032234593e+001
1.570909090909091e+000 -3.809950967679227e+001
1.571000000000000e+000 -3.979574418035163e+001
1.571090909090909e+000 -4.815593756925710e+001
1.571181818181818e+000 -4.802529856377412e+001
1.571272727272727e+000 -3.984460708359599e+001
1.571363636363637e+000 -3.829566846561034e+001
1.571454545454545e+000 -4.081163015577327e+001
1.571545454545455e+000 -5.287326916662423e+001
1.571636363636364e+000 -4.522755998482973e+001
1.571727272727273e+000 -3.927291392046444e+001
1.571818181818182e+000 -3.869249280721081e+001
1.571909090909091e+000 -4.260411168448805e+001
1.572000000000000e+000 -8.904119049609417e+001
1.572090909090909e+000 -4.271804838562375e+001
1.572181818181818e+000 -3.883102272120433e+001
1.572272727272727e+000 -3.954188637000056e+001
1.572363636363636e+000 -4.600510927658171e+001
1.572454545454546e+000 -5.133694315608918e+001
1.572545454545455e+000 -4.074199095158016e+001
1.572636363636364e+000 -3.878405666355027e+001
1.572727272727273e+000 -4.128173617320476e+001
1.572818181818182e+000 -5.462193714306002e+001
1.572909090909091e+000 -4.484608788079851e+001
1.573000000000000e+000 -3.946240508744874e+001
1.573090909090909e+000 -3.947879638253624e+001
1.573181818181818e+000 -4.492706976484458e+001
1.573272727272727e+000 -5.443411403402481e+001
1.573363636363637e+000 -4.137554959334703e+001
1.573454545454545e+000 -3.908810228641728e+001
1.573545454545455e+000 -4.152441914768731e+001
1.573636363636364e+000 -5.549407882613788e+001
1.573727272727273e+000 -4.472753262836346e+001
1.573818181818182e+000 -3.962405826159468e+001
1.573909090909091e+000 -4.001351488980313e+001
1.574000000000000e+000 -4.665038023610297e+001
1.574090909090909e+000 -5.062739094070926e+001
1.574181818181818e+000 -4.087560132451474e+001
1.574272727272727e+000 -3.948064403035382e+001
1.574363636363636e+000 -4.324998301447741e+001
1.574454545454546e+000 -7.055250142798903e+001
1.574545454545455e+000 -4.275047753158977e+001
1.574636363636364e+000 -3.954522178432904e+001
1.574727272727273e+000 -4.152481190037583e+001
1.574818181818182e+000 -5.422949938703881e+001
1.574909090909091e+000 -4.523209931300286e+001
1.575000000000000e+000 -3.998882243837748e+001
1.575090909090909e+000 -4.063009691027366e+001
1.575181818181818e+000 -4.861505253143049e+001
1.575272727272727e+000 -4.837523030682963e+001
1.575363636363637e+000 -4.065475883658397e+001
1.575454545454545e+000 -4.021027852172328e+001
1.575545454545455e+000 -4.600253162488826e+001
1.575636363636364e+000 -5.232779736348417e+001
1.575727272727273e+000 -4.141097341091692e+001
1.575818181818182e+000 -4.006925237542998e+001
1.575909090909091e+000 -4.458396494555453e+001
1.576000000000000e+000 -5.738237823668791e+001
1.576090909090909e+000 -4.213638281539098e+001
1.576181818181818e+000 -4.008302097942938e+001
1.576272727272727e+000 -4.382228960679528e+001
1.576363636363636e+000 -6.401535771492164e+001
1.576454545454546e+000 -4.272148032786311e+001
1.576545454545455e+000 -4.017042581665825e+001
1.576636363636364e+000 -4.349094293990095e+001
1.576727272727273e+000 -7.202112570772115e+001
1.576818181818182e+000 -4.308006537904072e+001
1.576909090909091e+000 -4.028305895392111e+001
1.577000000000000e+000 -4.348994632162005e+001
1.577090909090909e+000 -7.386554243808129e+001
1.577181818181818e+000 -4.316623371953832e+001
1.577272727272727e+000 -4.040229730393229e+001
1.577363636363637e+000 -4.379424799159000e+001
1.577454545454545e+000 -6.650680431294819e+001
1.577545454545455e+000 -4.298623022785306e+001
1.577636363636364e+000 -4.053869687718241e+001
1.577727272727273e+000 -4.444317669457435e+001
1.577818181818182e+000 -5.960396952188624e+001
1.577909090909091e+000 -4.259664931642068e+001
1.578000000000000e+000 -4.073217245801314e+001
1.578090909090909e+000 -4.555715535455907e+001
1.578181818181818e+000 -5.440466300657010e+001
1.578272727272727e+000 -4.209029628527900e+001
1.578363636363636e+000 -4.105382340867210e+001
1.578454545454546e+000 -4.740451208180798e+001
1.578545454545455e+000 -5.042299277264090e+001
1.578636363636364e+000 -4.157951545361550e+001
1.578727272727273e+000 -4.161303613963793e+001
1.578818181818182e+000 -5.064946463668677e+001
1.578909090909091e+000 -4.731398454375233e+001
1.579000000000000e+000 -4.118657349229535e+001
1.579090909090909e+000 -4.257880897140037e+001
1.579181818181818e+000 -5.787819335045310e+001
1.579272727272727e+000 -4.489550745747433e+001
1.579363636363637e+000 -4.104577409140301e+001
1.579454545454545e+000 -4.424164590562874e+001
1.579545454545455e+000 -6.338890652035790e+001
1.579636363636364e+000 -4.308927649733855e+001
1.579727272727273e+000 -4.132054472173751e+001
1.579818181818182e+000 -4.722538191597750e+001
1.579909090909091e+000 -5.097641780848849e+001
1.580000000000000e+000 -4.189104789276828e+001
1.580090909090909e+000 -4.224755535210404e+001
1.580181818181818e+000 -5.365168380191773e+001
1.580272727272727e+000 -4.605431816182125e+001
1.580363636363636e+000 -4.136680761298839e+001
1.580454545454546e+000 -4.426066061654165e+001
1.580545454545455e+000 -6.465334580386457e+001
1.580636363636364e+000 -4.328264131251478e+001
1.580727272727273e+000 -4.168007695071888e+001
1.580818181818182e+000 -4.849152291130903e+001
1.580909090909091e+000 -4.940433782440371e+001
1.581000000000000e+000 -4.185699199936565e+001
1.581090909090909e+000 -4.319361574326874e+001
1.581181818181818e+000 -6.234236861667473e+001
1.581272727272727e+000 -4.454453891019004e+001
1.581363636363637e+000 -4.166064507009149e+001
1.581454545454545e+000 -4.688848279585515e+001
1.581545454545455e+000 -5.193979745503162e+001
1.581636363636364e+000 -4.228992597523889e+001
1.581727272727273e+000 -4.296891435676081e+001
1.581818181818182e+000 -5.822995645121628e+001
1.581909090909091e+000 -4.511700764108308e+001
1.582000000000000e+000 -4.181152277469660e+001
1.582090909090909e+000 -4.686137714987727e+001
1.582181818181818e+000 -5.213717320584383e+001
1.582272727272727e+000 -4.241830527367557e+001
1.582363636363636e+000 -4.328715182429473e+001
1.582454545454546e+000 -6.127348645264829e+001
1.582545454545455e+000 -4.478371148278849e+001
1.582636363636364e+000 -4.205212146073907e+001
1.582727272727273e+000 -4.825035772149160e+001
1.582818181818182e+000 -4.998023284468850e+001
1.582909090909091e+000 -4.228214147349240e+001
1.583000000000000e+000 -4.425540786792407e+001
1.583090909090909e+000 -7.098502083252387e+001
1.583181818181818e+000 -4.382009505467300e+001
1.583272727272727e+000 -4.257738103956834e+001
1.583363636363637e+000 -5.218327336955115e+001
1.583454545454545e+000 -4.698494075276078e+001
1.583545454545455e+000 -4.219866181765528e+001
1.583636363636364e+000 -4.648907049233165e+001
1.583727272727273e+000 -5.339669347923717e+001
1.583818181818182e+000 -4.280793910501782e+001
1.583909090909091e+000 -4.391818963963378e+001
1.584000000000000e+000 -7.208140231326441e+001
1.584090909090909e+000 -4.435892247677780e+001
1.584181818181818e+000 -4.273690604172622e+001
1.584272727272727e+000 -5.224662069039022e+001
1.584363636363636e+000 -4.704703471631403e+001
1.584454545454546e+000 -4.242888794652048e+001
1.584545454545455e+000 -4.737760684811434e+001
1.584636363636364e+000 -5.162213481388057e+001
1.584727272727273e+000 -4.277817722777127e+001
1.584818181818182e+000 -4.492408670958111e+001
1.584909090909091e+000 -6.213749211336941e+001
1.585000000000000e+000 -4.369101965620165e+001
1.585090909090909e+000 -4.358983645160475e+001
1.585181818181818e+000 -6.049633643063304e+001
1.585272727272727e+000 -4.514834808422887e+001
1.585363636363637e+000 -4.293054272175797e+001
1.585454545454545e+000 -5.215960416818228e+001
1.585545454545455e+000 -4.720504983509345e+001
1.585636363636364e+000 -4.273163481015091e+001
1.585727272727273e+000 -4.854820096226965e+001
1.585818181818182e+000 -5.003558817568253e+001
1.585909090909091e+000 -4.286686846924729e+001
1.586000000000000e+000 -4.647009739764683e+001
1.586090909090909e+000 -5.410772759902442e+001
1.586181818181818e+000 -4.325035614706349e+001
1.586272727272727e+000 -4.517559063624557e+001
1.586363636363636e+000 -6.107410007493297e+001
1.586454545454546e+000 -4.381590376496988e+001
1.586545454545455e+000 -4.435593555441886e+001
1.586636363636364e+000 -8.232365804428032e+001
1.586727272727273e+000 -4.450637064854091e+001
1.586818181818182e+000 -4.384756846509714e+001
1.586909090909091e+000 -6.098946724445108e+001
1.587000000000000e+000 -4.526743458729624e+001
1.587090909090909e+000 -4.354980360842308e+001
1.587181818181818e+000 -5.614448579101453e+001
1.587272727272727e+000 -4.604389397850511e+001
1.587363636363637e+000 -4.339452475027227e+001
1.587454545454546e+000 -5.364319691449711e+001
1.587545454545455e+000 -4.677823309675257e+001
1.587636363636364e+000 -4.333318186149804e+001
1.587727272727273e+000 -5.217987473550968e+001
1.587818181818182e+000 -4.741195152810865e+001
1.587909090909091e+000 -4.333078219878420e+001
1.588000000000000e+000 -5.133393452386798e+001
1.588090909090909e+000 -4.789020591296045e+001
1.588181818181818e+000 -4.336308697068064e+001
1.588272727272727e+000 -5.092697301044580e+001
1.588363636363636e+000 -4.816936098915252e+001
1.588454545454546e+000 -4.341536957349251e+001
1.588545454545455e+000 -5.088239166766369e+001
1.588636363636364e+000 -4.822526130802716e+001
1.588727272727273e+000 -4.348192577453286e+001
1.588818181818182e+000 -5.118397111944182e+001
1.588909090909091e+000 -4.805867216748613e+001
1.589000000000000e+000 -4.356592821991043e+001
1.589090909090909e+000 -5.186840705705403e+001
1.589181818181818e+000 -4.769508369995147e+001
1.589272727272727e+000 -4.367947896174413e+001
1.589363636363637e+000 -5.304277828707534e+001
1.589454545454546e+000 -4.717898078553394e+001
1.589545454545455e+000 -4.384393916248038e+001
1.589636363636364e+000 -5.494941363283428e+001
1.589727272727273e+000 -4.656550509240807e+001
1.589818181818182e+000 -4.409085688534996e+001
1.589909090909091e+000 -5.820000164181804e+001
1.590000000000000e+000 -4.591302245190794e+001
1.590090909090909e+000 -4.446415109973802e+001
1.590181818181818e+000 -6.515710037326679e+001
1.590272727272727e+000 -4.527866531825743e+001
1.590363636363636e+000 -4.502485403318662e+001
1.590454545454546e+000 -7.238344752094969e+001
1.590545454545455e+000 -4.471715899098795e+001
1.590636363636364e+000 -4.586128032337696e+001
1.590727272727273e+000 -5.890740705976755e+001
1.590818181818182e+000 -4.428234978180181e+001
1.590909090909091e+000 -4.711201208571267e+001
1.591000000000000e+000 -5.354134297325133e+001
1.591090909090909e+000 -4.403094155431791e+001
1.591181818181818e+000 -4.902479666314816e+001
1.591272727272727e+000 -5.015015491200984e+001
1.591363636363637e+000 -4.402873492161560e+001
1.591454545454546e+000 -5.214661054100683e+001
1.591545454545455e+000 -4.776553480542450e+001
1.591636363636364e+000 -4.436125496761290e+001
1.591727272727273e+000 -5.830052352195904e+001
1.591818181818182e+000 -4.606717550800203e+001
1.591909090909091e+000 -4.515439796537557e+001
1.592000000000000e+000 -7.458744594023651e+001
1.592090909090909e+000 -4.493428344147117e+001
1.592181818181818e+000 -4.662239352857648e+001
1.592272727272727e+000 -5.554587470584978e+001
1.592363636363636e+000 -4.434023182089132e+001
1.592454545454546e+000 -4.920926572861995e+001
1.592545454545455e+000 -5.008292009575219e+001
1.592636363636364e+000 -4.432698997759204e+001
1.592727272727273e+000 -5.421145605532177e+001
1.592818181818182e+000 -4.705421346262475e+001
1.592909090909091e+000 -4.501883447625728e+001
1.593000000000000e+000 -7.420834252323897e+001
1.593090909090909e+000 -4.529918560884054e+001
1.593181818181818e+000 -4.669482773544957e+001
1.593272727272727e+000 -5.561008457461647e+001
1.593363636363637e+000 -4.450764330755641e+001
1.593454545454546e+000 -5.006874040726144e+001
1.593545454545455e+000 -4.932304359090225e+001
1.593636363636364e+000 -4.465260426674389e+001
1.593727272727273e+000 -5.814532381862544e+001
1.593818181818182e+000 -4.627500098251080e+001
1.593909090909091e+000 -4.593091758977934e+001
1.594000000000000e+000 -6.104855960012403e+001
1.594090909090909e+000 -4.484353235337072e+001
1.594181818181818e+000 -4.898334139134555e+001
1.594272727272727e+000 -5.056083641899901e+001
1.594363636363636e+000 -4.470263996273344e+001
1.594454545454546e+000 -5.652940529850731e+001
1.594545454545455e+000 -4.661992553155951e+001
1.594636363636364e+000 -4.599119383804565e+001
1.594727272727273e+000 -6.116505065559755e+001
1.594818181818182e+000 -4.495021180079732e+001
1.594909090909091e+000 -4.951429758125654e+001
1.595000000000000e+000 -5.001375511813161e+001
1.595090909090909e+000 -4.493891779456580e+001
1.595181818181818e+000 -5.990708112187669e+001
1.595272727272727e+000 -4.618448238588175e+001
1.595363636363637e+000 -4.679576074903716e+001
1.595454545454546e+000 -5.600176944132713e+001
1.595545454545455e+000 -4.488554523975820e+001
1.595636363636364e+000 -5.205050154700400e+001
1.595727272727273e+000 -4.817343151322088e+001
1.595818181818182e+000 -4.559348858811230e+001
1.595909090909091e+000 -7.436476229145627e+001
1.596000000000000e+000 -4.540181176762224e+001
1.596090909090909e+000 -4.899541456123556e+001
1.596181818181818e+000 -5.077551115053645e+001
1.596272727272727e+000 -4.514265270697153e+001
1.596363636363636e+000 -6.083243760308507e+001
1.596454545454546e+000 -4.620518291633811e+001
1.596545454545455e+000 -4.748599115529709e+001
1.596636363636364e+000 -5.384102546555116e+001
1.596727272727273e+000 -4.507905516792476e+001
1.596818181818182e+000 -5.544916728154630e+001
1.596909090909091e+000 -4.706085683802944e+001
1.597000000000000e+000 -4.673296169484124e+001
1.597090909090909e+000 -5.705529648088965e+001
1.597181818181818e+000 -4.518328088548107e+001
1.597272727272727e+000 -5.328384146142597e+001
1.597363636363637e+000 -4.775785394185799e+001
1.597454545454546e+000 -4.641145113782016e+001
1.597545454545455e+000 -5.966426534873550e+001
1.597636363636364e+000 -4.531632900281265e+001
1.597727272727273e+000 -5.249507635721015e+001
1.597818181818182e+000 -4.812838742078969e+001
1.597909090909091e+000 -4.637251486455141e+001
1.598000000000000e+000 -6.047706143545898e+001
1.598090909090909e+000 -4.540526233866676e+001
1.598181818181818e+000 -5.265841072936540e+001
1.598272727272727e+000 -4.809102246934970e+001
1.598363636363636e+000 -4.657101515869578e+001
1.598454545454546e+000 -5.901742640619434e+001
1.598545454545455e+000 -4.544281370917457e+001
1.598636363636364e+000 -5.380784079408032e+001
1.598727272727273e+000 -4.768036719333541e+001
1.598818181818182e+000 -4.704968424826079e+001
1.598909090909091e+000 -5.622010556078327e+001
1.599000000000000e+000 -4.548743793577090e+001
1.599090909090909e+000 -5.648955423848479e+001
1.599181818181818e+000 -4.703351320558245e+001
1.599272727272727e+000 -4.795373509210113e+001
1.599363636363637e+000 -5.317355008603311e+001
1.599454545454546e+000 -4.566251979282343e+001
1.599545454545455e+000 -6.321702489670174e+001
1.599636363636364e+000 -4.634703834092500e+001
1.599727272727273e+000 -4.959974434620352e+001
1.599818181818182e+000 -5.042955329179594e+001
1.599909090909091e+000 -4.616520668457812e+001
1.600000000000000e+000 -6.843992330620583e+001
