1.500000000000000e+000 -1.007506286310606e-004
1.500090909090909e+000 -5.392385640511319e-007
1.500181818181818e+000 -8.900095426299201e-005
1.500272727272727e+000 -8.295218125869057e-005
1.500363636363636e+000 -1.755872555518280e-006
1.500454545454546e+000 -1.062630502320081e-004
1.500545454545455e+000 -6.391562674968779e-005
1.500636363636364e+000 -9.523573201269818e-006
1.500727272727273e+000 -1.171085917173603e-004
1.500818181818182e+000 -4.658719619253918e-005
1.500909090909091e+000 -2.090210036281467e-005
1.501000000000000e+000 -1.224191092523909e-004
1.501090909090909e+000 -3.248234162918149e-005
1.501181818181818e+000 -3.338418351369640e-005
1.501272727272727e+000 -1.237605379272785e-004
1.501363636363637e+000 -2.198639307748662e-005
1.501454545454545e+000 -4.517852683453571e-005
1.501545454545455e+000 -1.228116327958231e-004
1.501636363636364e+000 -1.478132596923555e-005
1.501727272727273e+000 -5.518836908332884e-005
1.501818181818182e+000 -1.210373687519880e-004
1.501909090909091e+000 -1.023551304329053e-005
1.502000000000000e+000 -6.284085507426735e-005
1.502090909090909e+000 -1.195568629966445e-004
1.502181818181818e+000 -7.692083977137542e-006
1.502272727272727e+000 -6.788089420334423e-005
1.502363636363636e+000 -1.191274143367377e-004
1.502454545454546e+000 -6.653713656045463e-006
1.502545454545455e+000 -7.019506896140764e-005
1.502636363636364e+000 -1.201737543284781e-004
1.502727272727273e+000 -6.888259454994908e-006
1.502818181818182e+000 -6.969610428316886e-005
1.502909090909091e+000 -1.228122253064634e-004
1.503000000000000e+000 -8.481357235891765e-006
1.503090909090909e+000 -6.628023002873581e-005
1.503181818181818e+000 -1.268417126099180e-004
1.503272727272727e+000 -1.184950504129022e-005
1.503363636363637e+000 -5.986409144738286e-005
1.503454545454545e+000 -1.316940579342238e-004
1.503545454545455e+000 -1.770781566954927e-005
1.503636363636364e+000 -5.050687958016948e-005
1.503727272727273e+000 -1.363588916886869e-004
1.503818181818182e+000 -2.696604693748961e-005
1.503909090909091e+000 -3.861774948155981e-005
1.504000000000000e+000 -1.393251043790126e-004
1.504090909090909e+000 -4.051138038698468e-005
1.504181818181818e+000 -2.522834289129501e-005
1.504272727272727e+000 -1.386141134880490e-004
1.504363636363636e+000 -5.883784107298763e-005
1.504454545454546e+000 -1.226674945136989e-005
1.504545454545455e+000 -1.320106392121639e-004
1.504636363636364e+000 -8.151715136801578e-005
1.504727272727273e+000 -2.701250272364201e-006
1.504818181818182e+000 -1.176025361817109e-004
1.504909090909091e+000 -1.065926865105018e-004
1.505000000000000e+000 -3.467238213625842e-007
1.505090909090909e+000 -9.468370136884306e-005
1.505181818181818e+000 -1.301229030700408e-004
1.505272727272727e+000 -9.092407476900770e-006
1.505363636363637e+000 -6.490853601195430e-005
1.505454545454545e+000 -1.462698041161867e-004
1.505545454545455e+000 -3.140223201174817e-005
1.505636363636364e+000 -3.329581841601336e-005
1.505727272727273e+000 -1.484180328427116e-004
1.505818181818182e+000 -6.625549581093023e-005
1.505909090909091e+000 -8.335626435488254e-006
1.506000000000000e+000 -1.316391892607112e-004
1.506090909090909e+000 -1.072658447976184e-004
1.506181818181818e+000 -2.806089015607132e-007
1.506272727272727e+000 -9.619013018732015e-005
1.506363636363636e+000 -1.423670571477626e-004
1.506454545454546e+000 -1.707979205077336e-005
1.506545454545455e+000 -5.063642557097039e-005
1.506636363636364e+000 -1.566888991753714e-004
1.506727272727273e+000 -5.868393564859544e-005
1.506818181818182e+000 -1.206644216931488e-005
1.506909090909091e+000 -1.393223701317034e-004
1.507000000000000e+000 -1.124890789434026e-004
1.507090909090909e+000 -7.793933376492351e-007
1.507181818181818e+000 -9.210235615917799e-005
1.507272727272727e+000 -1.543579262187507e-004
1.507363636363637e+000 -2.912234424250218e-005
1.507454545454545e+000 -3.502906964937652e-005
1.507545454545455e+000 -1.587877170798683e-004
1.507636363636364e+000 -8.913461884563375e-005
1.507727272727273e+000 -1.204590482466288e-006
1.507818181818182e+000 -1.164418803804943e-004
1.507909090909091e+000 -1.488536092315503e-004
1.508000000000000e+000 -1.808794777912084e-005
1.508090909090909e+000 -4.856851033113941e-005
1.508181818181818e+000 -1.668101119540166e-004
1.508272727272727e+000 -8.300484359717227e-005
1.508363636363636e+000 -2.474620615079223e-006
1.508454545454546e+000 -1.229942037807036e-004
1.508545454545455e+000 -1.531968707649549e-004
1.508636363636364e+000 -2.019162350035420e-005
1.508727272727273e+000 -4.531158637097132e-005
1.508818181818182e+000 -1.699410757721444e-004
1.508909090909091e+000 -9.676867816674639e-005
1.509000000000000e+000 -3.065611907511161e-007
1.509090909090909e+000 -1.108114678385975e-004
1.509181818181818e+000 -1.685730192699283e-004
1.509272727272727e+000 -3.789233562442397e-005
1.509363636363637e+000 -2.579600312340752e-005
1.509454545454545e+000 -1.622185752258530e-004
1.509545454545455e+000 -1.308307803040702e-004
1.509636363636364e+000 -4.506404462677956e-006
1.509727272727273e+000 -7.583235758931566e-005
1.509818181818182e+000 -1.825654117608049e-004
1.509909090909091e+000 -8.099315017191045e-005
1.510000000000000e+000 -2.949800792249916e-006
1.510090909090909e+000 -1.270845337724888e-004
1.510181818181818e+000 -1.742133487381302e-004
1.510272727272727e+000 -3.852585712726213e-005
1.510363636363636e+000 -2.483892203606557e-005
1.510454545454546e+000 -1.654082406631579e-004
1.510545454545455e+000 -1.488618233796183e-004
1.510636363636364e+000 -1.201228760324602e-005
1.510727272727273e+000 -5.747442866500143e-005
1.510818181818182e+000 -1.872105064245729e-004
1.510909090909091e+000 -1.185189847644124e-004
1.511000000000000e+000 -1.092479053041183e-006
1.511090909090909e+000 -9.059501804852997e-005
1.511181818181818e+000 -1.956386346940668e-004
1.511272727272727e+000 -9.122051831020938e-005
1.511363636363637e+000 -9.467037470937052e-007
1.511454545454545e+000 -1.184525595782301e-004
1.511545454545455e+000 -1.962717734858909e-004
1.511636363636364e+000 -7.066419046378878e-005
1.511727272727273e+000 -5.931950799288051e-006
1.511818181818182e+000 -1.390213849372927e-004
1.511909090909091e+000 -1.943628028983701e-004
1.512000000000000e+000 -5.765567853965849e-005
1.512090909090909e+000 -1.146275914881237e-005
1.512181818181818e+000 -1.522900650513580e-004
1.512272727272727e+000 -1.937107265310564e-004
1.512363636363636e+000 -5.180531375963357e-005
1.512454545454546e+000 -1.456810006827111e-005
1.512545454545455e+000 -1.587423609318072e-004
1.512636363636364e+000 -1.964817568471124e-004
1.512727272727273e+000 -5.278471702569807e-005
1.512818181818182e+000 -1.386787528785303e-005
1.512909090909091e+000 -1.583940973114219e-004
1.513000000000000e+000 -2.032915802578171e-004
1.513090909090909e+000 -6.099305201530384e-005
1.513181818181818e+000 -9.538272060992918e-006
1.513272727272727e+000 -1.504204023702993e-004
1.513363636363637e+000 -2.131243776063681e-004
1.513454545454545e+000 -7.763203798575333e-005
1.513545454545455e+000 -3.537475320918220e-006
1.513636363636364e+000 -1.333986422178539e-004
1.513727272727273e+000 -2.229744437392263e-004
1.513818181818182e+000 -1.041075861625180e-004
1.513909090909091e+000 -3.898049536888034e-008
1.514000000000000e+000 -1.063106369879085e-004
1.514090909090909e+000 -2.274487042970507e-004
1.514181818181818e+000 -1.405789214104184e-004
1.514272727272727e+000 -5.623281619450766e-006
1.514363636363636e+000 -7.045829817312892e-005
1.514454545454546e+000 -2.190127872423477e-004
1.514545454545455e+000 -1.836259504729234e-004
1.514636363636364e+000 -2.830865892297616e-005
1.514727272727273e+000 -3.205794463807038e-005
1.514818181818182e+000 -1.899940210244075e-004
1.514909090909091e+000 -2.237051943523157e-004
1.515000000000000e+000 -7.423220937584319e-005
1.515090909090909e+000 -4.228305850541676e-006
1.515181818181818e+000 -1.373765208847479e-004
1.515272727272727e+000 -2.444350443808408e-004
1.515363636363637e+000 -1.414630024089809e-004
1.515454545454545e+000 -5.546483618679097e-006
1.515545454545455e+000 -6.989611270792751e-005
1.515636363636364e+000 -2.271346384994734e-004
1.515727272727273e+000 -2.130257082975257e-004
1.515818181818182e+000 -5.165666634549293e-005
1.515909090909091e+000 -1.324799879892458e-005
1.516000000000000e+000 -1.632948126667632e-004
1.516090909090909e+000 -2.556892256727352e-004
1.516181818181818e+000 -1.394397325788801e-004
1.516272727272727e+000 -4.801618492498641e-006
1.516363636363636e+000 -7.165959316068946e-005
1.516454545454546e+000 -2.339401318937280e-004
1.516545454545455e+000 -2.324155840967256e-004
1.516636363636364e+000 -6.998060422610374e-005
1.516727272727273e+000 -5.134648290265066e-006
1.516818181818182e+000 -1.418373774899856e-004
1.516909090909091e+000 -2.674149619117967e-004
1.517000000000000e+000 -1.869530631456143e-004
1.517090909090909e+000 -2.562846617839124e-005
1.517181818181818e+000 -3.314736449899217e-005
1.517272727272727e+000 -1.998138735142515e-004
1.517363636363637e+000 -2.733448573656121e-004
1.517454545454545e+000 -1.431108293645869e-004
1.517545454545455e+000 -5.637076308473889e-006
1.517636363636364e+000 -6.789600252321672e-005
1.517727272727273e+000 -2.391865137775238e-004
1.517818181818182e+000 -2.677510377225234e-004
1.517909090909091e+000 -1.122232653929424e-004
1.518000000000000e+000 -3.047972939345002e-007
1.518090909090909e+000 -9.586197494046032e-005
1.518181818181818e+000 -2.629714701031088e-004
1.518272727272727e+000 -2.634461569963982e-004
1.518363636363636e+000 -9.717139528310059e-005
1.518454545454546e+000 -1.859357359688989e-007
1.518545454545455e+000 -1.104315733269682e-004
1.518636363636364e+000 -2.757123860834652e-004
1.518727272727273e+000 -2.677925566068148e-004
1.518818181818182e+000 -9.817337225229683e-005
1.518909090909091e+000 -1.279115262899280e-007
1.519000000000000e+000 -1.087475429183983e-004
1.519090909090909e+000 -2.789193707444150e-004
1.519181818181818e+000 -2.831796192265583e-004
1.519272727272727e+000 -1.164611240269724e-004
1.519363636363637e+000 -6.974163057636805e-007
1.519454545454545e+000 -8.996127513742078e-005
1.519545454545455e+000 -2.692584922064991e-004
1.519636363636364e+000 -3.068239815254461e-004
1.519727272727273e+000 -1.548463499662250e-004
1.519818181818182e+000 -9.011942645038824e-006
1.519909090909091e+000 -5.654117501317856e-005
1.520000000000000e+000 -2.391361748137710e-004
1.520090909090909e+000 -3.288294069865515e-004
1.520181818181818e+000 -2.145191403571951e-004
1.520272727272727e+000 -3.857089780444779e-005
1.520363636363636e+000 -1.878957916412148e-005
1.520454545454546e+000 -1.811447494567633e-004
1.520545454545455e+000 -3.302589871271744e-004
1.520636363636364e+000 -2.874887466515294e-004
1.520727272727273e+000 -1.046983430136089e-004
1.520818181818182e+000 -7.325381018208768e-008
1.520909090909091e+000 -9.866764290280298e-005
1.521000000000000e+000 -2.868138831104475e-004
1.521090909090909e+000 -3.471067305350170e-004
1.521181818181818e+000 -2.107668333114543e-004
1.521272727272727e+000 -3.482942136826446e-005
1.521363636363637e+000 -2.077199922074167e-005
1.521454545454545e+000 -1.862618205686700e-004
1.521545454545455e+000 -3.474722495783734e-004
1.521636363636364e+000 -3.261776735455140e-004
1.521727272727273e+000 -1.466571749102325e-004
1.521818181818182e+000 -6.648583935232224e-006
1.521909090909091e+000 -5.999202921229650e-005
1.522000000000000e+000 -2.509163499436025e-004
1.522090909090909e+000 -3.764156328973937e-004
1.522181818181818e+000 -3.040864722618182e-004
1.522272727272727e+000 -1.110321328386035e-004
1.522363636363636e+000 -4.709559983202532e-007
1.522454545454546e+000 -8.888325868200400e-005
1.522545454545455e+000 -2.869449240891618e-004
1.522636363636364e+000 -3.936001926178766e-004
1.522727272727273e+000 -3.016480654620642e-004
1.522818181818182e+000 -1.044808011627711e-004
1.522909090909091e+000 -1.441224655361197e-007
1.523000000000000e+000 -9.363607753333034e-005
1.523090909090909e+000 -2.948834178280291e-004
1.523181818181818e+000 -4.092377902821713e-004
1.523272727272727e+000 -3.272036699038333e-004
1.523363636363637e+000 -1.283155298649412e-004
1.523454545454545e+000 -2.863533954046762e-006
1.523545454545455e+000 -7.076951827499925e-005
1.523636363636364e+000 -2.703080770532835e-004
1.523727272727273e+000 -4.179735417579598e-004
1.523818181818182e+000 -3.791139061736249e-004
1.523909090909091e+000 -1.900911610386149e-004
1.524000000000000e+000 -2.291714250320348e-005
1.524090909090909e+000 -2.897265789464216e-005
1.524181818181818e+000 -2.046382748032807e-004
1.524272727272727e+000 -3.967795546810716e-004
1.524363636363636e+000 -4.388664784067758e-004
1.524454545454546e+000 -2.954703495917719e-004
1.524545454545455e+000 -9.070241725067099e-005
1.524636363636364e+000 -1.277141945081485e-007
1.524727272727273e+000 -1.018036874955003e-004
1.524818181818182e+000 -3.124852926920891e-004
1.524909090909091e+000 -4.591714518972526e-004
1.525000000000000e+000 -4.226447053355005e-004
1.525090909090909e+000 -2.336450369791703e-004
1.525181818181818e+000 -4.568043904393952e-005
1.525272727272727e+000 -1.036551763202346e-005
1.525363636363637e+000 -1.573610406420731e-004
1.525454545454545e+000 -3.730919383175404e-004
1.525545454545455e+000 -4.914259751004814e-004
1.525636363636364e+000 -4.224836303359960e-004
1.525727272727273e+000 -2.199028094320127e-004
1.525818181818182e+000 -3.789225623595479e-005
1.525909090909091e+000 -1.410819084506937e-005
1.526000000000000e+000 -1.678694520590521e-004
1.526090909090909e+000 -3.880190862982270e-004
1.526181818181818e+000 -5.160516921553742e-004
1.526272727272727e+000 -4.610771287751685e-004
1.526363636363636e+000 -2.634052900187730e-004
1.526454545454546e+000 -6.374972834653248e-005
1.526545454545455e+000 -3.070145198999511e-006
1.526636363636364e+000 -1.249951610754375e-004
1.526727272727273e+000 -3.477018731411241e-004
1.526818181818182e+000 -5.217537480845352e-004
1.526909090909091e+000 -5.317018279225232e-004
1.527000000000000e+000 -3.721501697019453e-004
1.527090909090909e+000 -1.492191304726817e-004
1.527181818181818e+000 -9.352989605043549e-006
1.527272727272727e+000 -4.419244361305298e-005
1.527363636363637e+000 -2.331912733930634e-004
1.527454545454545e+000 -4.587797437457333e-004
1.527545454545455e+000 -5.816887954788251e-004
1.527636363636364e+000 -5.273859238933071e-004
1.527727272727273e+000 -3.302975258983366e-004
1.527818181818182e+000 -1.108067073300265e-004
1.527909090909091e+000 -1.540393158524847e-006
1.528000000000000e+000 -6.866939671558768e-005
1.528090909090909e+000 -2.745619740691027e-004
1.528181818181818e+000 -5.017353937716201e-004
1.528272727272727e+000 -6.217699680256152e-004
1.528363636363636e+000 -5.681826882409877e-004
1.528454545454546e+000 -3.722716833789777e-004
1.528545454545455e+000 -1.437015009037127e-004
1.528636363636364e+000 -8.848967707190804e-006
1.528727272727273e+000 -4.211566669096435e-005
1.528818181818182e+000 -2.273062976556063e-004
1.528909090909091e+000 -4.682132897325870e-004
1.529000000000000e+000 -6.406616420928491e-004
1.529090909090909e+000 -6.572036469814510e-004
1.529181818181818e+000 -5.108374338668637e-004
1.529272727272727e+000 -2.766700412220304e-004
1.529363636363637e+000 -7.263737752531921e-005
1.529454545454545e+000 -5.104664099041145e-007
1.529545454545455e+000 -9.682565176926346e-005
1.529636363636364e+000 -3.169047116138940e-004
1.529727272727273e+000 -5.580068676436529e-004
1.529818181818182e+000 -7.088534209837540e-004
1.529909090909091e+000 -7.012723422429166e-004
1.530000000000000e+000 -5.402310376729897e-004
1.530090909090909e+000 -2.997674312229951e-004
1.530181818181818e+000 -8.831528962306980e-005
1.530272727272727e+000 -1.965164347948790e-007
1.530363636363636e+000 -7.506567956129934e-005
1.530454545454546e+000 -2.823433330829204e-004
1.530545454545455e+000 -5.359833855438744e-004
1.530636363636364e+000 -7.318282483007499e-004
1.530727272727273e+000 -7.909397060787821e-004
1.530818181818182e+000 -6.909448840660734e-004
1.530909090909091e+000 -4.734516426390534e-004
1.531000000000000e+000 -2.258702996953501e-004
1.531090909090909e+000 -4.610112497082896e-005
1.531181818181818e+000 -4.614920913952384e-006
1.531272727272727e+000 -1.185036135234928e-004
1.531363636363637e+000 -3.466067444672050e-004
1.531454545454545e+000 -6.063636344384698e-004
1.531545454545455e+000 -8.050188475107834e-004
1.531636363636364e+000 -8.731330432982255e-004
1.531727272727273e+000 -7.883881483793189e-004
1.531818181818182e+000 -5.819370930129629e-004
1.531909090909091e+000 -3.261227633204842e-004
1.532000000000000e+000 -1.088042828145959e-004
1.532090909090909e+000 -3.645947160817838e-006
1.532181818181818e+000 -4.639891948654964e-005
1.532272727272727e+000 -2.245363376481675e-004
1.532363636363636e+000 -4.827692102366682e-004
1.532454545454546e+000 -7.417405188467654e-004
1.532545454545455e+000 -9.232779285740336e-004
1.532636363636364e+000 -9.740776339209559e-004
1.532727272727273e+000 -8.807996196956583e-004
1.532818181818182e+000 -6.726560310923036e-004
1.532909090909091e+000 -4.115337034208031e-004
1.533000000000000e+000 -1.732711422000182e-004
1.533090909090909e+000 -2.593335220370406e-005
1.533181818181818e+000 -1.131252332493787e-005
1.533272727272727e+000 -1.345088311104138e-004
1.533363636363637e+000 -3.638696034752881e-004
1.533454545454545e+000 -6.406133929708863e-004
1.533545454545455e+000 -8.949745779197740e-004
1.533636363636364e+000 -1.064285492661635e-003
1.533727272727273e+000 -1.108313611638550e-003
1.533818181818182e+000 -1.018259477131593e-003
1.533909090909091e+000 -8.176815692483040e-004
1.534000000000000e+000 -5.557002960556187e-004
1.534090909090909e+000 -2.946210884376198e-004
1.534181818181818e+000 -9.522396216276024e-005
1.534272727272727e+000 -3.217657802832598e-006
1.534363636363636e+000 -3.979049459747507e-005
1.534454545454546e+000 -1.980265172047760e-004
1.534545454545455e+000 -4.455216183958079e-004
1.534636363636364e+000 -7.321780572591476e-004
1.534727272727273e+000 -1.001163519568299e-003
1.534818181818182e+000 -1.200560158251095e-003
1.534909090909091e+000 -1.293328363281882e-003
1.535000000000000e+000 -1.263774813934024e-003
1.535090909090909e+000 -1.119568863299368e-003
1.535181818181818e+000 -8.892895038890158e-004
1.535272727272727e+000 -6.163173837676930e-004
1.535363636363637e+000 -3.504721521756449e-004
1.535454545454545e+000 -1.390605371438369e-004
1.535545454545455e+000 -1.893897853897158e-005
1.535636363636364e+000 -1.085904565743153e-005
1.535727272727273e+000 -1.168479411842111e-004
1.535818181818182e+000 -3.207927367155401e-004
1.535909090909091e+000 -5.918545296863535e-004
1.536000000000000e+000 -8.899237899872950e-004
1.536090909090909e+000 -1.172092327318577e-003
1.536181818181818e+000 -1.399073619503952e-003
1.536272727272727e+000 -1.540630507110818e-003
1.536363636363636e+000 -1.579321889518002e-003
1.536454545454546e+000 -1.512200433772356e-003
1.536545454545455e+000 -1.350423513034195e-003
1.536636363636364e+000 -1.117030532484291e-003
1.536727272727273e+000 -8.433567161294007e-004
1.536818181818182e+000 -5.646779663958768e-004
1.536909090909091e+000 -3.157109044490573e-004
1.537000000000000e+000 -1.265370706235043e-004
1.537090909090909e+000 -1.940030715390797e-005
1.537181818181818e+000 -6.666549645771903e-006
1.537272727272727e+000 -9.006177527893798e-005
1.537363636363637e+000 -2.611404205515572e-004
1.537454545454545e+000 -5.028018085962141e-004
1.537545454545455e+000 -7.915779487184600e-004
1.537636363636364e+000 -1.100367290153619e-003
1.537727272727273e+000 -1.401283961602791e-003
1.537818181818182e+000 -1.668323972659266e-003
1.537909090909091e+000 -1.879608868513081e-003
1.538000000000000e+000 -2.019042171486055e-003
1.538090909090909e+000 -2.077293771696242e-003
1.538181818181818e+000 -2.052102948506903e-003
1.538272727272727e+000 -1.947954998375122e-003
1.538363636363636e+000 -1.775235134615082e-003
1.538454545454546e+000 -1.548994540898274e-003
1.538545454545455e+000 -1.287477414355835e-003
1.538636363636364e+000 -1.010556387365738e-003
1.538727272727273e+000 -7.382097691373711e-004
1.538818181818182e+000 -4.891511070092357e-004
1.538909090909091e+000 -2.796932295938982e-004
1.539000000000000e+000 -1.228986080583956e-004
1.539090909090909e+000 -2.803845361543153e-005
1.539181818181818e+000 -3.567316097280056e-007
1.539272727272727e+000 -4.111378292923635e-005
1.539363636363637e+000 -1.478683499719539e-004
1.539454545454545e+000 -3.149467352128552e-004
1.539545454545455e+000 -5.340432649117709e-004
1.539636363636364e+000 -7.948964921708621e-004
1.539727272727273e+000 -1.085989708536851e-003
1.539818181818182e+000 -1.395231270430287e-003
1.539909090909091e+000 -1.710578934121939e-003
1.540000000000000e+000 -2.020581839745783e-003
1.540090909090909e+000 -2.314823189700403e-003
1.540181818181818e+000 -2.584255367840608e-003
1.540272727272727e+000 -2.821426801537022e-003
1.540363636363636e+000 -3.020606026555372e-003
1.540454545454546e+000 -3.177813039596965e-003
1.540545454545455e+000 -3.290771174559507e-003
1.540636363636364e+000 -3.358794499135020e-003
1.540727272727273e+000 -3.382626314830750e-003
1.540818181818182e+000 -3.364243950985473e-003
1.540909090909091e+000 -3.306643916472099e-003
1.541000000000000e+000 -3.213619830401055e-003
1.541090909090909e+000 -3.089543597658695e-003
1.541181818181818e+000 -2.939158209210934e-003
1.541272727272727e+000 -2.767388457687083e-003
1.541363636363637e+000 -2.579173899428288e-003
1.541454545454545e+000 -2.379326616290517e-003
1.541545454545455e+000 -2.172414799347969e-003
1.541636363636364e+000 -1.962671920076339e-003
1.541727272727273e+000 -1.753930248588813e-003
1.541818181818182e+000 -1.549576757829123e-003
1.541909090909091e+000 -1.352528946585630e-003
1.542000000000000e+000 -1.165227836486468e-003
1.542090909090909e+000 -9.896452751984100e-004
1.542181818181818e+000 -8.273027207696488e-004
1.542272727272727e+000 -6.792988123436846e-004
1.542363636363636e+000 -5.463432541463256e-004
1.542454545454546e+000 -4.287948120967126e-004
1.542545454545455e+000 -3.267015147306012e-004
1.542636363636364e+000 -2.398414634224451e-004
1.542727272727273e+000 -1.677629576134340e-004
1.542818181818182e+000 -1.098229297059347e-004
1.542909090909091e+000 -6.522294338990110e-005
1.543000000000000e+000 -3.304224950458992e-005
1.543090909090909e+000 -1.226759297557786e-005
1.543181818181818e+000 -1.819639197406250e-006
1.543272727272727e+000 -5.760291505456570e-007
1.543363636363637e+000 -7.391186489772005e-006
1.543454545454545e+000 -2.111308839647344e-005
1.543545454545455e+000 -4.059727586594418e-005
1.543636363636364e+000 -6.471842510740052e-005
1.543727272727273e+000 -9.237983052626895e-005
1.543818181818182e+000 -1.225211646736591e-004
1.543909090909091e+000 -1.541248830773527e-004
1.544000000000000e+000 -1.862216379222311e-004
1.544090909090909e+000 -2.178950491664709e-004
1.544181818181818e+000 -2.482861652710117e-004
1.544272727272727e+000 -2.765979158732995e-004
1.544363636363636e+000 -3.020998357046219e-004
1.544454545454546e+000 -3.241332942985817e-004
1.544545454545455e+000 -3.421174373315064e-004
1.544636363636364e+000 -3.555559871441837e-004
1.544727272727273e+000 -3.640450062225145e-004
1.544818181818182e+000 -3.672816552975598e-004
1.544909090909091e+000 -3.650739179021262e-004
1.545000000000000e+000 -3.573511697079031e-004
1.545090909090909e+000 -3.441753835334340e-004
1.545181818181818e+000 -3.257526460402657e-004
1.545272727272727e+000 -3.024445422542975e-004
1.545363636363637e+000 -2.747788208974884e-004
1.545454545454545e+000 -2.434585925263403e-004
1.545545454545455e+000 -2.093691407154851e-004
1.545636363636364e+000 -1.735812220798892e-004
1.545727272727273e+000 -1.373495255075237e-004
1.545818181818182e+000 -1.021047157185472e-004
1.545909090909091e+000 -6.943724372881189e-005
1.546000000000000e+000 -4.107082554275818e-005
1.546090909090909e+000 -1.882321665645699e-005
1.546181818181818e+000 -4.551610941328067e-006
1.546272727272727e+000 -7.970717022325124e-008
1.546363636363636e+000 -7.103228236051537e-006
1.546454545454546e+000 -2.707049594727564e-005
1.546545454545455e+000 -6.103464984425022e-005
1.546636363636364e+000 -1.094744138823634e-004
1.546727272727273e+000 -1.720812732329896e-004
1.546818181818182e+000 -2.475130556946145e-004
1.546909090909091e+000 -3.331181999266839e-004
1.547000000000000e+000 -4.246431352085300e-004
1.547090909090909e+000 -5.159501725751996e-004
1.547181818181818e+000 -5.988002988180853e-004
1.547272727272727e+000 -6.628032350244143e-004
1.547363636363637e+000 -6.957214039978152e-004
1.547454545454545e+000 -6.844613661896094e-004
1.547545454545455e+000 -6.173399718020673e-004
1.547636363636364e+000 -4.886463849890631e-004
1.547727272727273e+000 -3.072533091791188e-004
1.547818181818182e+000 -1.122416848470837e-004
1.547909090909091e+000 -4.410378821068949e-007
1.548000000000000e+000 -1.737125217716820e-004
1.548090909090909e+000 -1.017721820483831e-003
1.548181818181818e+000 -3.227755393440536e-003
1.548272727272727e+000 -7.996155009244645e-003
1.548363636363636e+000 -1.725580116610640e-002
1.548454545454546e+000 -3.389729324212280e-002
1.548545454545455e+000 -6.166161278484912e-002
1.548636363636364e+000 -1.039202371642985e-001
1.548727272727273e+000 -1.597359306569267e-001
1.548818181818182e+000 -2.151629851273742e-001
1.548909090909091e+000 -2.314289560673210e-001
1.549000000000000e+000 -1.519609645116213e-001
1.549090909090909e+000 -1.036448188286164e-002
1.549181818181818e+000 -1.626610818214827e-001
1.549272727272727e+000 -5.924694617085550e-001
1.549363636363637e+000 -5.416734317258758e-003
1.549454545454545e+000 -9.966273123663538e-001
1.549545454545455e+000 -1.569494459006957e+000
1.549636363636364e+000 -2.849330146780251e+000
1.549727272727273e+000 -8.654876220480853e+000
1.549818181818182e+000 -1.000000000000000e+002
1.549909090909091e+000 -1.000000000000000e+002
1.550000000000000e+000 -1.000000000000000e+002
1.550090909090909e+000 -1.000000000000000e+002
1.550181818181818e+000 -1.000000000000000e+002
1.550272727272727e+000 -8.619515762511737e+000
1.550363636363636e+000 -2.885968148184300e+000
1.550454545454546e+000 -1.525379778994944e+000
1.550545454545455e+000 -9.456763099299085e-001
1.550636363636364e+000 -3.234748063645106e-004
1.550727272727273e+000 -5.709712337058533e-001
1.550818181818182e+000 -2.400482069022917e-001
1.550909090909091e+000 -8.202177398161070e-004
1.551000000000000e+000 -7.691174411296826e-002
1.551090909090909e+000 -1.706030689518543e-001
1.551181818181818e+000 -1.993518310522663e-001
1.551272727272727e+000 -1.856839098100573e-001
1.551363636363637e+000 -1.574523914154088e-001
1.551454545454545e+000 -1.292714560960271e-001
1.551545454545455e+000 -1.062607523570026e-001
1.551636363636364e+000 -8.910193121063287e-002
1.551727272727273e+000 -7.692411882615009e-002
1.551818181818182e+000 -6.854975126593944e-002
1.551909090909091e+000 -6.291726123998598e-002
1.552000000000000e+000 -5.916721577861848e-002
1.552090909090909e+000 -5.661770060044939e-002
1.552181818181818e+000 -5.471895439120317e-002
1.552272727272727e+000 -5.301766347941193e-002
1.552363636363636e+000 -5.113792071478691e-002
1.552454545454546e+000 -4.877748877805885e-002
1.552545454545455e+000 -4.571525587626640e-002
1.552636363636364e+000 -4.182488545522015e-002
1.552727272727273e+000 -3.708935974052888e-002
1.552818181818182e+000 -3.161111273816240e-002
1.552909090909091e+000 -2.561282309846601e-002
1.553000000000000e+000 -1.942487710968218e-002
1.553090909090909e+000 -1.345717727664455e-002
1.553181818181818e+000 -8.155404271112731e-003
1.553272727272727e+000 -3.944881711014538e-003
1.553363636363637e+000 -1.168430009102713e-003
1.553454545454545e+000 -2.736620202591371e-005
1.553545454545455e+000 -5.363156543862993e-004
1.553636363636364e+000 -2.502039826070102e-003
1.553727272727273e+000 -5.533700916664039e-003
1.553818181818182e+000 -9.087092212450215e-003
1.553909090909091e+000 -1.253916963787205e-002
1.554000000000000e+000 -1.528294033746693e-002
1.554090909090909e+000 -1.682769869250441e-002
1.554181818181818e+000 -1.688682885669039e-002
1.554272727272727e+000 -1.543561060634016e-002
1.554363636363636e+000 -1.272496848665319e-002
1.554454545454546e+000 -9.243811165672525e-003
1.554545454545455e+000 -5.631972137294270e-003
1.554636363636364e+000 -2.556546149356887e-003
1.554727272727273e+000 -5.744930162106583e-004
1.554818181818182e+000 -1.090152928513911e-005
1.554909090909091e+000 -8.824621332195518e-004
1.555000000000000e+000 -2.887964346556390e-003
1.555090909090909e+000 -5.472884358492077e-003
1.555181818181818e+000 -7.956820758087582e-003
1.555272727272727e+000 -9.695682761152250e-003
1.555363636363637e+000 -1.023991861801068e-002
1.555454545454545e+000 -9.448726837183778e-003
1.555545454545455e+000 -7.528823664870820e-003
1.555636363636364e+000 -4.983536701605725e-003
1.555727272727273e+000 -2.480573346591744e-003
1.555818181818182e+000 -6.698933168569699e-004
1.555909090909091e+000 -3.545861294456535e-007
1.556000000000000e+000 -5.886988757081523e-004
1.556090909090909e+000 -2.182996554862413e-003
1.556181818181818e+000 -4.236221249266087e-003
1.556272727272727e+000 -6.071685972860249e-003
1.556363636363636e+000 -7.091899405636981e-003
1.556454545454546e+000 -6.966420598127036e-003
1.556545454545455e+000 -5.738165776010907e-003
1.556636363636364e+000 -3.810841796026289e-003
1.556727272727273e+000 -1.816781312448076e-003
1.556818181818182e+000 -4.043374635036625e-004
1.556909090909091e+000 -1.448156290472643e-005
1.557000000000000e+000 -7.250878977041583e-004
1.557090909090909e+000 -2.221936463243594e-003
1.557181818181818e+000 -3.911731970441430e-003
1.557272727272727e+000 -5.139721069859279e-003
1.557363636363637e+000 -5.433425118840317e-003
1.557454545454545e+000 -4.681231190404536e-003
1.557545454545455e+000 -3.175860377588470e-003
1.557636363636364e+000 -1.501528138123271e-003
1.557727272727273e+000 -3.036205875409336e-004
1.557818181818182e+000 -2.903327196589790e-005
1.557909090909091e+000 -7.426920972660945e-004
1.558000000000000e+000 -2.099710004077296e-003
1.558090909090909e+000 -3.489902067753254e-003
1.558181818181818e+000 -4.297440880987174e-003
1.558272727272727e+000 -4.166300050846906e-003
1.558363636363636e+000 -3.155967178501885e-003
1.558454545454546e+000 -1.715923433388516e-003
1.558545454545455e+000 -4.848568857731381e-004
1.558636363636364e+000 -1.104555535236109e-007
1.558727272727273e+000 -4.488439536471104e-004
1.558818181818182e+000 -1.579480429896099e-003
1.558909090909091e+000 -2.820464816447330e-003
1.559000000000000e+000 -3.554369598547177e-003
1.559090909090909e+000 -3.417578183122113e-003
1.559181818181818e+000 -2.479149006870530e-003
1.559272727272727e+000 -1.207304088951235e-003
1.559363636363637e+000 -2.345248020168443e-004
1.559454545454545e+000 -3.494781936568080e-005
1.559545454545455e+000 -6.785359033663367e-004
1.559636363636364e+000 -1.793594860692416e-003
1.559727272727273e+000 -2.763086517439971e-003
1.559818181818182e+000 -3.054707307847494e-003
1.559909090909091e+000 -2.508932213768638e-003
1.560000000000000e+000 -1.426880870232900e-003
1.560090909090909e+000 -4.046820257295035e-004
1.560181818181818e+000 -1.163846695150388e-007
1.560272727272727e+000 -4.159406183090103e-004
1.560363636363636e+000 -1.382663796661779e-003
1.560454545454546e+000 -2.314176586418320e-003
1.560545454545455e+000 -2.650899060349119e-003
1.560636363636364e+000 -2.191023009265727e-003
1.560727272727273e+000 -1.211802301383621e-003
1.560818181818182e+000 -3.029829194861609e-004
1.560909090909091e+000 -6.816435442177174e-006
1.561000000000000e+000 -4.823051885976853e-004
1.561090909090909e+000 -1.404862986995500e-003
1.561181818181818e+000 -2.170639179663209e-003
1.561272727272727e+000 -2.281334293808307e-003
1.561363636363637e+000 -1.665200228581911e-003
1.561454545454545e+000 -7.245168926886525e-004
1.561545454545455e+000 -7.232828610493254e-005
1.561636363636364e+000 -1.255908536166097e-004
1.561727272727273e+000 -8.246048670018043e-004
1.561818181818182e+000 -1.672559391697905e-003
1.561909090909091e+000 -2.074985784900688e-003
1.562000000000000e+000 -1.750224776074501e-003
1.562090909090909e+000 -9.263156835547854e-004
1.562181818181818e+000 -1.816069922641631e-004
1.562272727272727e+000 -3.427678107549073e-005
1.562363636363636e+000 -5.697809951196974e-004
1.562454545454546e+000 -1.377909706676647e-003
1.562545454545455e+000 -1.852264355020954e-003
1.562636363636364e+000 -1.637696570046175e-003
1.562727272727273e+000 -8.952569981419470e-004
1.562818181818182e+000 -1.822495854065720e-004
1.562909090909091e+000 -3.014581386721628e-005
1.563000000000000e+000 -5.370732873487877e-004
1.563090909090909e+000 -1.290956945619416e-003
1.563181818181818e+000 -1.690209479816976e-003
1.563272727272727e+000 -1.416742799935511e-003
1.563363636363637e+000 -6.888387597584619e-004
1.563454545454545e+000 -8.758876855915637e-005
1.563545454545455e+000 -8.823132893128651e-005
1.563636363636364e+000 -6.722892319979797e-004
1.563727272727273e+000 -1.341769767191961e-003
1.563818181818182e+000 -1.531406476062779e-003
1.563909090909091e+000 -1.081094084785991e-003
1.564000000000000e+000 -3.715975981543588e-004
1.564090909090909e+000 -2.024234051973331e-006
1.564181818181818e+000 -2.763389177777683e-004
1.564272727272727e+000 -9.396381114178259e-004
1.564363636363636e+000 -1.399537524945031e-003
1.564454545454546e+000 -1.246466775062092e-003
1.564545454545455e+000 -6.168620432640449e-004
1.564636363636364e+000 -7.240154333622279e-005
1.564727272727273e+000 -9.491612208833128e-005
1.564818181818182e+000 -6.483563020971333e-004
1.564909090909091e+000 -1.210822277347808e-003
1.565000000000000e+000 -1.255482343046629e-003
1.565090909090909e+000 -7.404196969941891e-004
1.565181818181818e+000 -1.488144693364676e-004
1.565272727272727e+000 -3.360307959986928e-005
1.565363636363637e+000 -4.909083083544706e-004
1.565454545454545e+000 -1.066866542996447e-003
1.565545454545455e+000 -1.195733036500367e-003
1.565636363636364e+000 -7.508372203307989e-004
1.565727272727273e+000 -1.696681189001567e-004
1.565818181818182e+000 -2.228575474071647e-005
1.565909090909091e+000 -4.431993835579575e-004
1.566000000000000e+000 -9.954048529399592e-004
1.566090909090909e+000 -1.111726947664873e-003
1.566181818181818e+000 -6.725847767477814e-004
1.566272727272727e+000 -1.294779808379514e-004
1.566363636363636e+000 -3.916419251216289e-005
1.566454545454546e+000 -4.836176813594426e-004
1.566545454545455e+000 -9.831324015800223e-004
1.566636363636364e+000 -1.002633179415368e-003
1.566727272727273e+000 -5.211015958332033e-004
1.566818181818182e+000 -5.494942178356805e-005
1.566909090909091e+000 -1.013923313935956e-004
1.567000000000000e+000 -5.975097271882292e-004
1.567090909090909e+000 -9.882872904244877e-004
1.567181818181818e+000 -8.380488837333864e-004
1.567272727272727e+000 -3.142968063090687e-004
1.567363636363637e+000 -1.440871561617736e-006
1.567454545454545e+000 -2.434929060404392e-004
1.567545454545455e+000 -7.535446570129826e-004
1.567636363636364e+000 -9.404304839975748e-004
1.567727272727273e+000 -5.875788873844544e-004
1.567818181818182e+000 -1.039983992899735e-004
1.567909090909091e+000 -4.899326143558218e-005
1.568000000000000e+000 -4.765236639764907e-004
1.568090909090909e+000 -8.707708703995464e-004
1.568181818181818e+000 -7.582929061256533e-004
1.568272727272727e+000 -2.741081662701226e-004
1.568363636363636e+000 -6.809787948802348e-008
1.568454545454546e+000 -2.605672836929056e-004
1.568545454545455e+000 -7.264935014387031e-004
1.568636363636364e+000 -8.184221036060864e-004
1.568727272727273e+000 -4.219164686085758e-004
1.568818181818182e+000 -3.030861191314748e-005
1.568909090909091e+000 -1.284542710896790e-004
1.569000000000000e+000 -5.822234224955039e-004
1.569090909090909e+000 -8.077278572347480e-004
1.569181818181818e+000 -5.151200470613204e-004
1.569272727272727e+000 -8.059374808401904e-005
1.569363636363637e+000 -6.175344852096867e-005
1.569454545454545e+000 -4.736388454844372e-004
1.569545454545455e+000 -7.684680136083547e-004
1.569636363636364e+000 -5.552027216038462e-004
1.569727272727273e+000 -1.167513535605912e-004
1.569818181818182e+000 -3.434965528532927e-005
1.569909090909091e+000 -4.098019426176287e-004
1.570000000000000e+000 -7.278713602800981e-004
1.570090909090909e+000 -5.537340507805482e-004
1.570181818181818e+000 -1.254562084191255e-004
1.570272727272727e+000 -2.838329840523114e-005
1.570363636363636e+000 -3.883673609242536e-004
1.570454545454546e+000 -6.967715067701108e-004
1.570545454545455e+000 -5.195347434733612e-004
1.570636363636364e+000 -1.061187829944033e-004
1.570727272727273e+000 -3.813171853335627e-005
1.570818181818182e+000 -4.041305096262182e-004
1.570909090909091e+000 -6.728051352596264e-004
1.571000000000000e+000 -4.552664344285398e-004
1.571090909090909e+000 -6.643851057555691e-005
1.571181818181818e+000 -6.846635081401245e-005
1.571272727272727e+000 -4.501730109756966e-004
1.571363636363637e+000 -6.430917782785297e-004
1.571454545454545e+000 -3.603138578629035e-004
1.571545454545455e+000 -2.244541598190791e-005
1.571636363636364e+000 -1.303616836363650e-004
1.571727272727273e+000 -5.135087118265381e-004
1.571818181818182e+000 -5.869349093924280e-004
1.571909090909091e+000 -2.384778159642769e-004
1.572000000000000e+000 -3.996203030366757e-008
1.572090909090909e+000 -2.323034564471706e-004
1.572181818181818e+000 -5.685083538713290e-004
1.572272727272727e+000 -4.826706433071028e-004
1.572363636363636e+000 -1.089974828173922e-004
1.572454545454546e+000 -3.195664616003615e-005
1.572545454545455e+000 -3.661377307974232e-004
1.572636363636364e+000 -5.746897801843429e-004
1.572727272727273e+000 -3.233502786694528e-004
1.572818181818182e+000 -1.501727141206332e-005
1.572909090909091e+000 -1.423272316301417e-004
1.573000000000000e+000 -4.915852928200730e-004
1.573090909090909e+000 -4.897334547943918e-004
1.573181818181818e+000 -1.396984688956397e-004
1.573272727272727e+000 -1.567945009594692e-005
1.573363636363637e+000 -3.164408521163597e-004
1.573454545454545e+000 -5.358322473291076e-004
1.573545454545455e+000 -3.057783289536408e-004
1.573636363636364e+000 -1.229130798667914e-005
1.573727272727273e+000 -1.462651405795010e-004
1.573818181818182e+000 -4.736241139480185e-004
1.573909090909091e+000 -4.330011785779751e-004
1.574000000000000e+000 -9.395296603451073e-005
1.574090909090909e+000 -3.762231587503284e-005
1.574181818181818e+000 -3.550455950974751e-004
1.574272727272727e+000 -4.895251251960420e-004
1.574363636363636e+000 -2.055271394784107e-004
1.574454545454546e+000 -4.169057492905949e-007
1.574545454545455e+000 -2.305754429136217e-004
1.574636363636364e+000 -4.823000441855713e-004
1.574727272727273e+000 -3.057506531290069e-004
1.574818181818182e+000 -1.643415648459163e-005
1.574909090909091e+000 -1.302254593348340e-004
1.575000000000000e+000 -4.354699852340104e-004
1.575090909090909e+000 -3.756931355979546e-004
1.575181818181818e+000 -5.977678998937063e-005
1.575272727272727e+000 -6.316863771708188e-005
1.575363636363637e+000 -3.735658613534883e-004
1.575454545454545e+000 -4.138217608671037e-004
1.575545454545455e+000 -1.090621043535138e-004
1.575636363636364e+000 -2.544453425087036e-005
1.575727272727273e+000 -3.138703924107224e-004
1.575818181818182e+000 -4.274796624330056e-004
1.575909090909091e+000 -1.511800121921303e-004
1.576000000000000e+000 -7.969456268070981e-006
1.576090909090909e+000 -2.655924052457088e-004
1.576181818181818e+000 -4.261265880339601e-004
1.576272727272727e+000 -1.801554540850454e-004
1.576363636363636e+000 -1.757303693275038e-006
1.576454545454546e+000 -2.321198802066389e-004
1.576545454545455e+000 -4.176364832088857e-004
1.576636363636364e+000 -1.944359993748625e-004
1.576727272727273e+000 -3.071326440157151e-007
1.576818181818182e+000 -2.137265346128119e-004
1.576909090909091e+000 -4.069448102386000e-004
1.577000000000000e+000 -1.944806086646701e-004
1.577090909090909e+000 -2.127653432465170e-007
1.577181818181818e+000 -2.095283465547326e-004
1.577272727272727e+000 -3.959242863004849e-004
1.577363636363637e+000 -1.813222260889373e-004
1.577454545454545e+000 -1.005167264298264e-006
1.577545454545455e+000 -2.183939809541596e-004
1.577636363636364e+000 -3.836831872005648e-004
1.577727272727273e+000 -1.561601368041168e-004
1.577818181818182e+000 -4.792013365179865e-006
1.577909090909091e+000 -2.388877570155089e-004
1.578000000000000e+000 -3.669662642009446e-004
1.578090909090909e+000 -1.208366033174828e-004
1.578181818181818e+000 -1.578579587774666e-005
1.578272727272727e+000 -2.684255020361766e-004
1.578363636363636e+000 -3.407711788666280e-004
1.578454545454546e+000 -7.898166094264154e-005
1.578545454545455e+000 -3.943356473621348e-005
1.578636363636364e+000 -3.019237962368380e-004
1.578727272727273e+000 -2.996025733471341e-004
1.578818181818182e+000 -3.743164928270579e-005
1.578909090909091e+000 -8.064457232654741e-005
1.579000000000000e+000 -3.305131003436472e-004
1.579090909090909e+000 -2.398709597775146e-004
1.579181818181818e+000 -7.113279716377666e-006
1.579272727272727e+000 -1.407170541993056e-004
1.579363636363637e+000 -3.414032969929165e-004
1.579454545454545e+000 -1.635758512627850e-004
1.579545454545455e+000 -2.024565418189159e-006
1.579636363636364e+000 -2.132737139750667e-004
1.579727272727273e+000 -3.204737389481113e-004
1.579818181818182e+000 -8.230602793389823e-005
1.579909090909091e+000 -3.471957595570115e-005
1.580000000000000e+000 -2.810261206301643e-004
1.580090909090909e+000 -2.588805221249590e-004
1.580181818181818e+000 -1.876777632496593e-005
1.580272727272727e+000 -1.077696274641538e-004
1.580363636363636e+000 -3.170782613633499e-004
1.580454545454546e+000 -1.628613477010689e-004
1.580545454545455e+000 -1.521832543063225e-006
1.580636363636364e+000 -2.039874864904927e-004
1.580727272727273e+000 -2.950135338583810e-004
1.580818181818182e+000 -6.150037117666214e-005
1.580909090909091e+000 -4.984853301261302e-005
1.581000000000000e+000 -2.832382743818776e-004
1.581090909090909e+000 -2.082115369313906e-004
1.581181818181818e+000 -2.566832215937993e-006
1.581272727272727e+000 -1.525582920423694e-004
1.581363636363637e+000 -2.963363639998246e-004
1.581454545454545e+000 -8.894226272503761e-005
1.581545454545455e+000 -2.781905075249303e-005
1.581636363636364e+000 -2.563673391379571e-004
1.581727272727273e+000 -2.192662764003349e-004
1.581818181818182e+000 -6.562462235582099e-006
1.581909090909091e+000 -1.337216516791469e-004
1.582000000000000e+000 -2.862189799379551e-004
1.582090909090909e+000 -8.949889138763055e-005
1.582181818181818e+000 -2.658455317055943e-005
1.582272727272727e+000 -2.489006973483917e-004
1.582363636363636e+000 -2.037757313188044e-004
1.582454545454546e+000 -3.273500907354086e-006
1.582545454545455e+000 -1.443855074312044e-004
1.582636363636364e+000 -2.707950581250433e-004
1.582727272727273e+000 -6.501013222140932e-005
1.582818181818182e+000 -4.366209683296216e-005
1.582909090909091e+000 -2.568272005155915e-004
1.583000000000000e+000 -1.630583525314568e-004
1.583090909090909e+000 -3.804657290316548e-007
1.583181818181818e+000 -1.802463451076640e-004
1.583272727272727e+000 -2.399497401321674e-004
1.583363636363637e+000 -2.630418758048410e-005
1.583454545454545e+000 -8.698929842011484e-005
1.583545454545455e+000 -2.618111299989596e-004
1.583636363636364e+000 -9.750679645307410e-005
1.583727272727273e+000 -1.990054039364823e-005
1.583818181818182e+000 -2.275449592429489e-004
1.583909090909091e+000 -1.762214037118886e-004
1.584000000000000e+000 -3.032146733370709e-007
1.584090909090909e+000 -1.592185030426466e-004
1.584181818181818e+000 -2.312968065286023e-004
1.584272727272727e+000 -2.592376820303131e-005
1.584363636363636e+000 -8.575485866443837e-005
1.584454545454546e+000 -2.482949455150537e-004
1.584545454545455e+000 -7.947214118842781e-005
1.584636363636364e+000 -2.992746212276989e-005
1.584727272727273e+000 -2.291094488947666e-004
1.584818181818182e+000 -1.397941790433874e-004
1.584909090909091e+000 -2.689082842271002e-006
1.585000000000000e+000 -1.856828383803128e-004
1.585090909090909e+000 -1.900590068649050e-004
1.585181818181818e+000 -3.908177901418609e-006
1.585272727272727e+000 -1.327602946546986e-004
1.585363636363637e+000 -2.212118300347765e-004
1.585454545454545e+000 -2.644770523852614e-005
1.585545454545455e+000 -8.269197550811478e-005
1.585636363636364e+000 -2.315776467765651e-004
1.585727272727273e+000 -6.070330168388455e-005
1.585818181818182e+000 -4.310947638091548e-005
1.585909090909091e+000 -2.244785949910964e-004
1.586000000000000e+000 -9.793351116370557e-005
1.586090909090909e+000 -1.690024785001206e-005
1.586181818181818e+000 -2.055092254157901e-004
1.586272727272727e+000 -1.319302983863584e-004
1.586363636363636e+000 -3.425594867920235e-006
1.586454545454546e+000 -1.804202806087233e-004
1.586545454545455e+000 -1.593279706360199e-004
1.586636363636364e+000 -5.965867072339307e-008
1.586727272727273e+000 -1.539045718900902e-004
1.586818181818182e+000 -1.791098219785116e-004
1.586909090909091e+000 -3.492320196070848e-006
1.587000000000000e+000 -1.291702104095421e-004
1.587090909090909e+000 -1.918187300758238e-004
1.587181818181818e+000 -1.058624852239140e-005
1.587272727272727e+000 -1.080283811985219e-004
1.587363636363637e+000 -1.988000606502667e-004
1.587454545454546e+000 -1.880426229658023e-005
1.587545454545455e+000 -9.122805691723365e-005
1.587636363636364e+000 -2.016275541202627e-004
1.587727272727273e+000 -2.632465880333598e-005
1.587818181818182e+000 -7.884633501447766e-005
1.587909090909091e+000 -2.017389705450253e-004
1.588000000000000e+000 -3.197842725408449e-005
1.588090909090909e+000 -7.062810504579692e-005
1.588181818181818e+000 -2.002441260268232e-004
1.588272727272727e+000 -3.511654609819872e-005
1.588363636363636e+000 -6.623320127577890e-005
1.588454545454546e+000 -1.978482851820763e-004
1.588545454545455e+000 -3.547852501158287e-005
1.588636363636364e+000 -6.538656714884904e-005
1.588727272727273e+000 -1.948397957535125e-004
1.588818181818182e+000 -3.310072476598697e-005
1.588909090909091e+000 -6.794210489850623e-005
1.589000000000000e+000 -1.911079302970471e-004
1.589090909090909e+000 -2.827939500849574e-005
1.589181818181818e+000 -7.387211983436577e-005
1.589272727272727e+000 -1.861767445274130e-004
1.589363636363637e+000 -2.158715713804014e-005
1.589454545454546e+000 -8.318955077968894e-005
1.589545454545455e+000 -1.792594781768810e-004
1.589636363636364e+000 -1.392868262482623e-005
1.589727272727273e+000 -9.580616506058681e-005
1.589818181818182e+000 -1.693536991071641e-004
1.589909090909091e+000 -6.607469183190512e-006
1.590000000000000e+000 -1.113322211440348e-004
1.590090909090909e+000 -1.554076573115046e-004
1.590181818181818e+000 -1.358716106965770e-006
1.590272727272727e+000 -1.288366242365606e-004
1.590363636363636e+000 -1.365885556595561e-004
1.590454545454546e+000 -2.850066888106482e-007
1.590545454545455e+000 -1.466144855545489e-004
1.590636363636364e+000 -1.126661677570427e-004
1.590727272727273e+000 -5.619402404686683e-006
1.590818181818182e+000 -1.620499581293445e-004
1.590909090909091e+000 -8.448173485152949e-005
1.591000000000000e+000 -1.924959861100685e-005
1.591090909090909e+000 -1.717058407777066e-004
1.591181818181818e+000 -5.439762053037031e-005
1.591272727272727e+000 -4.198788708363891e-005
1.591363636363637e+000 -1.717930844766380e-004
1.591454545454546e+000 -2.652672040926184e-005
1.591545454545455e+000 -7.268392520718811e-005
1.591636363636364e+000 -1.591328672334716e-004
1.591727272727273e+000 -6.457031130550577e-006
1.591818181818182e+000 -1.074508930981778e-004
1.591909090909091e+000 -1.325753849936861e-004
1.592000000000000e+000 -1.851305403399866e-007
1.592090909090909e+000 -1.394662614944565e-004
1.592181818181818e+000 -9.455975748080384e-005
1.592272727272727e+000 -1.214558927938595e-005
1.592363636363636e+000 -1.599048915415881e-004
1.592454545454546e+000 -5.213681266790619e-005
1.592545454545455e+000 -4.264241908851692e-005
1.592636363636364e+000 -1.603930921782493e-004
1.592727272727273e+000 -1.650204268685969e-005
1.592818181818182e+000 -8.561309835682526e-005
1.592909090909091e+000 -1.367779069764675e-004
1.593000000000000e+000 -1.988845435055702e-007
1.593090909090909e+000 -1.282294021863826e-004
1.593181818181818e+000 -9.299623900702202e-005
1.593272727272727e+000 -1.196781809023599e-005
1.593363636363637e+000 -1.538593443684701e-004
1.593454545454546e+000 -4.278174354123102e-005
1.593545454545455e+000 -5.078950305198258e-005
1.593636363636364e+000 -1.488095410087269e-004
1.593727272727273e+000 -6.690668599115548e-006
1.593818181818182e+000 -1.024315648004369e-004
1.593909090909091e+000 -1.108744703056686e-004
1.594000000000000e+000 -3.445433423147676e-006
1.594090909090909e+000 -1.424105252245737e-004
1.594181818181818e+000 -5.491896686172530e-005
1.594272727272727e+000 -3.820233896141707e-005
1.594363636363636e+000 -1.471052690502396e-004
1.594454545454546e+000 -9.691101279029325e-006
1.594545454545455e+000 -9.461343941717167e-005
1.594636363636364e+000 -1.093466947064978e-004
1.594727272727273e+000 -3.355130799333087e-006
1.594818181818182e+000 -1.389557444845078e-004
1.594909090909091e+000 -4.860280253892704e-005
1.595000000000000e+000 -4.332637475969525e-005
1.595090909090909e+000 -1.393174861520761e-004
1.595181818181818e+000 -4.470907624521784e-006
1.595272727272727e+000 -1.045881945489944e-004
1.595363636363637e+000 -9.086057815858201e-005
1.595454545454546e+000 -1.093858879867967e-005
1.595545454545455e+000 -1.410397875178391e-004
1.595636363636364e+000 -2.711944683214536e-005
1.595727272727273e+000 -6.617102510002849e-005
1.595818181818182e+000 -1.198297855907404e-004
1.595909090909091e+000 -1.929923828424901e-007
1.596000000000000e+000 -1.252354833783816e-004
1.596090909090909e+000 -5.476655964889072e-005
1.596181818181818e+000 -3.636147742850786e-005
1.596272727272727e+000 -1.329342327989603e-004
1.596363636363636e+000 -3.619440977675994e-006
1.596454545454546e+000 -1.040909945488549e-004
1.596545454545455e+000 -7.751391459783333e-005
1.596636363636364e+000 -1.796823635805276e-005
1.596727272727273e+000 -1.348947472168139e-004
1.596818181818182e+000 -1.241821254816624e-005
1.596909090909091e+000 -8.548219991314197e-005
1.597000000000000e+000 -9.218345202311010e-005
1.597090909090909e+000 -8.589690738450314e-006
1.597181818181818e+000 -1.316967126269453e-004
1.597272727272727e+000 -2.042324273265866e-005
1.597363636363637e+000 -7.281240269365251e-005
1.597454545454546e+000 -9.926425879738773e-005
1.597545454545455e+000 -4.725990101740442e-006
1.597636363636364e+000 -1.277242552046081e-004
1.597727272727273e+000 -2.448393177687674e-005
1.597818181818182e+000 -6.686051417748455e-005
1.597909090909091e+000 -1.001578991788703e-004
1.598000000000000e+000 -3.925133832168050e-006
1.598090909090909e+000 -1.251360013640411e-004
1.598181818181818e+000 -2.358145535570921e-005
1.598272727272727e+000 -6.743793797845161e-005
1.598363636363636e+000 -9.568454600299801e-005
1.598454545454546e+000 -5.479523100186274e-006
1.598545454545455e+000 -1.240589418748285e-004
1.598636363636364e+000 -1.810575531574025e-005
1.598727272727273e+000 -7.412254919642620e-005
1.598818181818182e+000 -8.570226705635601e-005
1.598909090909091e+000 -1.040385395122308e-005
1.599000000000000e+000 -1.227910690782137e-004
1.599090909090909e+000 -9.780023706161686e-006
1.599181818181818e+000 -8.602184478229869e-005
1.599272727272727e+000 -6.960271612412151e-005
1.599363636363637e+000 -2.094762601512404e-005
1.599454545454546e+000 -1.179405796133907e-004
1.599545454545455e+000 -2.104479350477612e-006
1.599636363636364e+000 -1.007469408979744e-004
1.599727272727273e+000 -4.765645098292099e-005
1.599818181818182e+000 -3.937363309673943e-005
1.599909090909091e+000 -1.050531851973435e-004
1.600000000000000e+000 -6.559401111232688e-007
