1.450000000000000e+000 -5.780073946374463e+001
1.450181818181818e+000 -5.831889568099638e+001
1.450363636363636e+000 -5.815963300402961e+001
1.450545454545455e+000 -5.805129371607711e+001
1.450727272727273e+000 -5.819447714197464e+001
1.450909090909091e+000 -5.812672499733910e+001
1.451090909090909e+000 -5.789071928370300e+001
1.451272727272727e+000 -5.857099576068132e+001
1.451454545454545e+000 -5.730983552316869e+001
1.451636363636364e+000 -5.950740463092698e+001
1.451818181818182e+000 -5.656981109670289e+001
1.452000000000000e+000 -6.122987051164621e+001
1.452181818181818e+000 -5.581745424087849e+001
1.452363636363636e+000 -6.449582907881137e+001
1.452545454545455e+000 -5.521163064509145e+001
1.452727272727273e+000 -7.256336964465184e+001
1.452909090909091e+000 -5.492641901559049e+001
1.453090909090909e+000 -7.363622676563082e+001
1.453272727272727e+000 -5.517955143767117e+001
1.453454545454545e+000 -6.300614114201461e+001
1.453636363636364e+000 -5.631086313047143e+001
1.453818181818182e+000 -5.837285514127783e+001
1.454000000000000e+000 -5.904136716156847e+001
1.454181818181818e+000 -5.584031966069287e+001
1.454363636363636e+000 -6.601146595666030e+001
1.454545454545455e+000 -5.480749118321445e+001
1.454727272727273e+000 -7.155472893107879e+001
1.454909090909091e+000 -5.536885900658944e+001
1.455090909090909e+000 -5.959764980258534e+001
1.455272727272727e+000 -5.837577266484508e+001
1.455454545454545e+000 -5.566138036891178e+001
1.455636363636364e+000 -6.895377439695626e+001
1.455818181818182e+000 -5.470260320545228e+001
1.456000000000000e+000 -6.359017289422791e+001
1.456181818181818e+000 -5.669377959313395e+001
1.456363636363636e+000 -5.632754961329902e+001
1.456545454545455e+000 -6.544588684246362e+001
1.456727272727273e+000 -5.459895613038515e+001
1.456909090909091e+000 -6.349275638014681e+001
1.457090909090909e+000 -5.696412842480612e+001
1.457272727272727e+000 -5.571684436564471e+001
1.457454545454545e+000 -7.134688797270574e+001
1.457636363636364e+000 -5.474093175678644e+001
1.457818181818182e+000 -5.933431965189375e+001
1.458000000000000e+000 -5.985742854228664e+001
1.458181818181818e+000 -5.458626213731832e+001
1.458363636363636e+000 -6.677118238517613e+001
1.458545454545455e+000 -5.651696997482372e+001
1.458727272727273e+000 -5.543242107328910e+001
1.458909090909091e+000 -8.375622488173012e+001
1.459090909090909e+000 -5.515717893463275e+001
1.459272727272727e+000 -5.665785970155876e+001
1.459454545454545e+000 -6.736133567717488e+001
1.459636363636364e+000 -5.461552254964588e+001
1.459818181818182e+000 -5.771631412547264e+001
1.460000000000000e+000 -6.409035483072078e+001
1.460181818181818e+000 -5.442183310214776e+001
1.460363636363636e+000 -5.812758334967349e+001
1.460545454545455e+000 -6.360801081565179e+001
1.460727272727273e+000 -5.439012038418594e+001
1.460909090909091e+000 -5.767446268613989e+001
1.461090909090909e+000 -6.542610863420363e+001
1.461272727272727e+000 -5.454738681999617e+001
1.461454545454545e+000 -5.654872017950148e+001
1.461636363636364e+000 -7.243078566059037e+001
1.461818181818182e+000 -5.514052009738836e+001
1.462000000000000e+000 -5.521924802084797e+001
1.462181818181818e+000 -7.250576870115509e+001
1.462363636363636e+000 -5.674672448274954e+001
1.462545454545455e+000 -5.422715377224257e+001
1.462727272727273e+000 -6.128652492599591e+001
1.462909090909091e+000 -6.093020140493091e+001
1.463090909090909e+000 -5.417552879589262e+001
1.463272727272727e+000 -5.636625407058661e+001
1.463454545454545e+000 -8.618983572726690e+001
1.463636363636364e+000 -5.605114329599689e+001
1.463818181818182e+000 -5.412513090935530e+001
1.464000000000000e+000 -6.021586081821055e+001
1.464181818181818e+000 -6.332173394280768e+001
1.464363636363636e+000 -5.454793089062717e+001
1.464545454545455e+000 -5.477596700507988e+001
1.464727272727273e+000 -6.443520198113689e+001
1.464909090909091e+000 -6.002679307871129e+001
1.465090909090909e+000 -5.410609728253143e+001
1.465272727272727e+000 -5.513110616887784e+001
1.465454545454545e+000 -6.600001194022917e+001
1.465636363636364e+000 -5.973590845724311e+001
1.465818181818182e+000 -5.409165732966342e+001
1.466000000000000e+000 -5.476106376500184e+001
1.466181818181818e+000 -6.306840402114485e+001
1.466363636363636e+000 -6.211957434755310e+001
1.466545454545455e+000 -5.461040209201494e+001
1.466727272727273e+000 -5.396431697084158e+001
1.466909090909091e+000 -5.860550795579572e+001
1.467090909090909e+000 -7.379099828390397e+001
1.467272727272727e+000 -5.660196927544371e+001
1.467454545454545e+000 -5.363649690459969e+001
1.467636363636364e+000 -5.504237785567248e+001
1.467818181818182e+000 -6.297820555194881e+001
1.468000000000000e+000 -6.394936556923245e+001
1.468181818181818e+000 -5.532501965935091e+001
1.468363636363636e+000 -5.349885027038090e+001
1.468545454545455e+000 -5.533936417768990e+001
1.468727272727273e+000 -6.333514349435789e+001
1.468909090909091e+000 -6.471160407558345e+001
1.469090909090909e+000 -5.575399258980902e+001
1.469272727272727e+000 -5.346489188136657e+001
1.469454545454545e+000 -5.433942836406764e+001
1.469636363636364e+000 -5.906527327067244e+001
1.469818181818182e+000 -9.307808381827124e+001
1.470000000000000e+000 -5.887028738542222e+001
1.470181818181818e+000 -5.434077065395794e+001
1.470363636363636e+000 -5.330672937252988e+001
1.470545454545455e+000 -5.476740201002490e+001
1.470727272727273e+000 -5.976016790248030e+001
1.470909090909091e+000 -9.680814407055664e+001
1.471090909090909e+000 -5.966105589742384e+001
1.471272727272727e+000 -5.483212352428279e+001
1.471454545454545e+000 -5.324818858813012e+001
1.471636363636364e+000 -5.367227504508729e+001
1.471818181818182e+000 -5.620452421188003e+001
1.472000000000000e+000 -6.273893959984815e+001
1.472181818181818e+000 -7.344076174284562e+001
1.472363636363636e+000 -5.915792160700285e+001
1.472545454545455e+000 -5.495796801208452e+001
1.472727272727273e+000 -5.328273514939987e+001
1.472909090909091e+000 -5.314836392813486e+001
1.473090909090909e+000 -5.440224036279172e+001
1.473272727272727e+000 -5.743608701521514e+001
1.473454545454545e+000 -6.428476292850431e+001
1.473636363636364e+000 -7.460536109864744e+001
1.473818181818182e+000 -6.050511717116758e+001
1.474000000000000e+000 -5.605252066560173e+001
1.474181818181818e+000 -5.389116207257747e+001
1.474363636363636e+000 -5.297184019839872e+001
1.474545454545455e+000 -5.296881993613159e+001
1.474727272727273e+000 -5.380357218404673e+001
1.474909090909091e+000 -5.557725786314247e+001
1.475090909090909e+000 -5.869442865278590e+001
1.475272727272727e+000 -6.463827049560463e+001
1.475454545454545e+000 -9.675833426334319e+001
1.475636363636364e+000 -6.449189991445637e+001
1.475818181818182e+000 -5.899181904775301e+001
1.476000000000000e+000 -5.608817647724381e+001
1.476181818181818e+000 -5.434681133948037e+001
1.476363636363636e+000 -5.330907060005664e+001
1.476545454545454e+000 -5.276903432565589e+001
1.476727272727273e+000 -5.261825594845555e+001
1.476909090909091e+000 -5.279572084299822e+001
1.477090909090909e+000 -5.326829585720653e+001
1.477272727272727e+000 -5.402288566468452e+001
1.477454545454545e+000 -5.506465660910627e+001
1.477636363636364e+000 -5.642025208095956e+001
1.477818181818182e+000 -5.814814966228386e+001
1.478000000000000e+000 -6.036433622672456e+001
1.478181818181818e+000 -6.331134817677308e+001
1.478363636363636e+000 -6.759448482318557e+001
1.478545454545454e+000 -7.556219991429256e+001
1.478727272727273e+000 -8.380609983887065e+001
1.478909090909091e+000 -7.124450098929940e+001
1.479090909090909e+000 -6.673644200012835e+001
1.479272727272727e+000 -6.410611670716709e+001
1.479454545454545e+000 -6.235339651064931e+001
1.479636363636364e+000 -6.112007334740157e+001
1.479818181818182e+000 -6.023729099445291e+001
1.480000000000000e+000 -5.961352176868393e+001
1.480181818181818e+000 -5.919569908755432e+001
1.480363636363636e+000 -5.895301494821306e+001
1.480545454545454e+000 -5.886951771404758e+001
1.480727272727273e+000 -5.894083580766593e+001
1.480909090909091e+000 -5.917334295148031e+001
1.481090909090909e+000 -5.958537750595733e+001
1.481272727272727e+000 -6.021108934042278e+001
1.481454545454545e+000 -6.110895191182396e+001
1.481636363636364e+000 -6.238058179326593e+001
1.481818181818182e+000 -6.421707484329519e+001
1.482000000000000e+000 -6.703888005112364e+001
1.482181818181818e+000 -7.211645649478608e+001
1.482363636363636e+000 -9.198089447732428e+001
1.482545454545454e+000 -7.307089697207722e+001
1.482727272727273e+000 -6.617237021550400e+001
1.482909090909091e+000 -6.217300025641890e+001
1.483090909090909e+000 -5.934604887293644e+001
1.483272727272727e+000 -5.718944766964246e+001
1.483454545454545e+000 -5.549279201488287e+001
1.483636363636364e+000 -5.415346037993728e+001
1.483818181818182e+000 -5.311966436307624e+001
1.484000000000000e+000 -5.236865909693698e+001
1.484181818181818e+000 -5.189795884106334e+001
1.484363636363636e+000 -5.172294037163216e+001
1.484545454545454e+000 -5.187925919070636e+001
1.484727272727273e+000 -5.243155999717241e+001
1.484909090909091e+000 -5.349486601532025e+001
1.485090909090909e+000 -5.528993174910291e+001
1.485272727272727e+000 -5.831976075240058e+001
1.485454545454545e+000 -6.424449773775196e+001
1.485636363636364e+000 -8.590966585269763e+001
1.485818181818182e+000 -6.263541737987612e+001
1.486000000000000e+000 -5.708214408068781e+001
1.486181818181818e+000 -5.408195499172665e+001
1.486363636363636e+000 -5.235528681676654e+001
1.486545454545454e+000 -5.153925420672260e+001
1.486727272727273e+000 -5.154716419358360e+001
1.486909090909091e+000 -5.246499580900437e+001
1.487090909090909e+000 -5.462603546789784e+001
1.487272727272727e+000 -5.910171149306392e+001
1.487454545454545e+000 -7.364301821180702e+001
1.487636363636364e+000 -6.253817993706227e+001
1.487818181818182e+000 -5.574025970720868e+001
1.488000000000000e+000 -5.267923180395361e+001
1.488181818181818e+000 -5.137083158369497e+001
1.488363636363636e+000 -5.142370815302726e+001
1.488545454545454e+000 -5.297059591227509e+001
1.488727272727273e+000 -5.690463451104989e+001
1.488909090909091e+000 -6.928032304332140e+001
1.489090909090909e+000 -6.161091555173823e+001
1.489272727272727e+000 -5.451603160762414e+001
1.489454545454545e+000 -5.173074527276325e+001
1.489636363636364e+000 -5.106974874478956e+001
1.489818181818182e+000 -5.232963830919192e+001
1.490000000000000e+000 -5.645492735064369e+001
1.490181818181818e+000 -7.286133749491425e+001
1.490363636363636e+000 -5.892346855014518e+001
1.490545454545454e+000 -5.297054222016403e+001
1.490727272727273e+000 -5.099975945115979e+001
1.490909090909091e+000 -5.148106319732959e+001
1.491090909090909e+000 -5.494158686482498e+001
1.491272727272727e+000 -6.807228638008698e+001
1.491454545454545e+000 -5.883119309074517e+001
1.491636363636364e+000 -5.249258981042713e+001
1.491818181818182e+000 -5.076119970026743e+001
1.492000000000000e+000 -5.200406828051253e+001
1.492181818181818e+000 -5.775851892991667e+001
1.492363636363636e+000 -6.834399837503898e+001
1.492545454545454e+000 -5.415884437400240e+001
1.492727272727273e+000 -5.085931209733027e+001
1.492909090909091e+000 -5.127130116133932e+001
1.493090909090909e+000 -5.612848002016813e+001
1.493272727272727e+000 -7.245919966573612e+001
1.493454545454545e+000 -5.408666943589423e+001
1.493636363636364e+000 -5.065810060324137e+001
1.493818181818182e+000 -5.148011937621114e+001
1.494000000000000e+000 -5.811947341741085e+001
1.494181818181818e+000 -6.238120066541050e+001
1.494363636363636e+000 -5.221747836270846e+001
1.494545454545454e+000 -5.039267481461051e+001
1.494727272727273e+000 -5.332547219160053e+001
1.494909090909091e+000 -7.326498111688888e+001
1.495090909090909e+000 -5.459519587462367e+001
1.495272727272727e+000 -5.040588368912512e+001
1.495454545454545e+000 -5.169751654351351e+001
1.495636363636364e+000 -6.221566354160690e+001
1.495818181818182e+000 -5.643579412694435e+001
1.496000000000000e+000 -5.053036842178602e+001
1.496181818181818e+000 -5.121334857830085e+001
1.496363636363636e+000 -6.090372567814772e+001
1.496545454545454e+000 -5.637354865485989e+001
1.496727272727273e+000 -5.034175528716320e+001
1.496909090909091e+000 -5.145043697828267e+001
1.497090909090909e+000 -6.456953120715745e+001
1.497272727272727e+000 -5.437408311082915e+001
1.497454545454545e+000 -4.996893993436645e+001
1.497636363636364e+000 -5.279173282161123e+001
1.497818181818182e+000 -7.431101893489976e+001
1.498000000000000e+000 -5.177853621994871e+001
1.498181818181818e+000 -5.007704486300186e+001
1.498363636363636e+000 -5.711496460725181e+001
1.498545454545454e+000 -5.698392549275994e+001
1.498727272727273e+000 -4.994605600989979e+001
1.498909090909091e+000 -5.204729863847005e+001
1.499090909090909e+000 -7.524762113540801e+001
1.499272727272727e+000 -5.124477396465697e+001
1.499454545454545e+000 -5.019249699756587e+001
1.499636363636364e+000 -6.122916852352751e+001
1.499818181818182e+000 -5.346040662476361e+001
1.500000000000000e+000 -4.958202719445755e+001
1.500181818181818e+000 -5.585091883858353e+001
1.500363636363636e+000 -5.615981627830055e+001
1.500545454545454e+000 -4.949778659342297e+001
1.500727272727273e+000 -5.366691225623284e+001
1.500909090909091e+000 -5.866844987553196e+001
1.501090909090909e+000 -4.954383048624739e+001
1.501272727272727e+000 -5.277542760596150e+001
1.501454545454545e+000 -5.989987845558186e+001
1.501636363636364e+000 -4.950092679631798e+001
1.501818181818182e+000 -5.270646798094319e+001
1.502000000000000e+000 -5.904376079665914e+001
1.502181818181818e+000 -4.931652249600533e+001
1.502363636363636e+000 -5.346952368907625e+001
1.502545454545454e+000 -5.659807261939788e+001
1.502727272727273e+000 -4.910827694817508e+001
1.502909090909091e+000 -5.556560594485737e+001
1.503090909090909e+000 -5.369303930103263e+001
1.503272727272727e+000 -4.915751190286432e+001
1.503454545454545e+000 -6.104430578491832e+001
1.503636363636364e+000 -5.111885136519149e+001
1.503818181818182e+000 -4.994654004291431e+001
1.504000000000000e+000 -7.214203132780057e+001
1.504181818181818e+000 -4.934037889055718e+001
1.504363636363636e+000 -5.244103610278835e+001
1.504545454545454e+000 -5.569018672188534e+001
1.504727272727273e+000 -4.880484145004212e+001
1.504909090909091e+000 -6.030483303241325e+001
1.505090909090909e+000 -5.050164547914449e+001
1.505272727272727e+000 -5.035352420632598e+001
1.505454545454545e+000 -6.025572081919582e+001
1.505636363636364e+000 -4.862256922040206e+001
1.505818181818182e+000 -5.713326113050753e+001
1.506000000000000e+000 -5.082128883467097e+001
1.506181818181818e+000 -5.003366154637075e+001
1.506363636363636e+000 -5.958253527317828e+001
1.506545454545454e+000 -4.844364963739031e+001
1.506727272727273e+000 -5.964170615916056e+001
1.506909090909091e+000 -4.973697345340538e+001
1.507090909090909e+000 -5.120487078411089e+001
1.507272727272727e+000 -5.441091879421091e+001
1.507454545454545e+000 -4.861846863935352e+001
1.507636363636364e+000 -7.498350979687359e+001
1.507818181818182e+000 -4.834871017903653e+001
1.508000000000000e+000 -5.655195449687516e+001
1.508181818181818e+000 -4.979280050039649e+001
1.508363636363636e+000 -5.105113109146765e+001
1.508545454545454e+000 -5.317881776538599e+001
1.508727272727273e+000 -4.879424249435597e+001
1.508909090909091e+000 -6.050385428336782e+001
1.509090909090909e+000 -4.800026142688054e+001
1.509272727272727e+000 -7.042035088039921e+001
1.509454545454545e+000 -4.811567984403840e+001
1.509636363636364e+000 -5.704757985240720e+001
1.509818181818182e+000 -4.888489987491355e+001
1.510000000000000e+000 -5.276526834465147e+001
1.510181818181818e+000 -5.016170457160195e+001
1.510363636363636e+000 -5.053170414931615e+001
1.510545454545454e+000 -5.184333773912269e+001
1.510727272727273e+000 -4.924214020034899e+001
1.510909090909091e+000 -5.383063484258663e+001
1.511090909090909e+000 -4.847834790447728e+001
1.511272727272727e+000 -5.598302204166361e+001
1.511454545454545e+000 -4.802611389695923e+001
1.511636363636364e+000 -5.805401068854825e+001
1.511818181818182e+000 -4.776003946772913e+001
1.512000000000000e+000 -5.963275814108301e+001
1.512181818181818e+000 -4.760637883308318e+001
1.512363636363636e+000 -6.022108463873006e+001
1.512545454545454e+000 -4.752984253158711e+001
1.512727272727273e+000 -5.956128086172862e+001
1.512909090909091e+000 -4.752928835784197e+001
1.513090909090909e+000 -5.788430976903366e+001
1.513272727272727e+000 -4.763752871973191e+001
1.513454545454545e+000 -5.568499303479479e+001
1.513636363636364e+000 -4.792510517650284e+001
1.513818181818182e+000 -5.338380310580608e+001
1.514000000000000e+000 -4.851233798212083e+001
1.514181818181818e+000 -5.123556756762606e+001
1.514363636363636e+000 -4.960336414134901e+001
1.514545454545454e+000 -4.938453394322909e+001
1.514727272727273e+000 -5.159023660010541e+001
1.514909090909091e+000 -4.792979128696990e+001
1.515090909090909e+000 -5.547317140449531e+001
1.515272727272727e+000 -4.697087493383649e+001
1.515454545454545e+000 -6.675277707803296e+001
1.515636363636364e+000 -4.664646390099760e+001
1.515818181818182e+000 -6.016430533019988e+001
1.516000000000000e+000 -4.719481498594509e+001
1.516181818181818e+000 -5.206104116827201e+001
1.516363636363636e+000 -4.911880996733790e+001
1.516545454545454e+000 -4.831546585006916e+001
1.516727272727273e+000 -5.394337697304243e+001
1.516909090909091e+000 -4.656295814976254e+001
1.517090909090909e+000 -1.000000000000000e+002
1.517272727272727e+000 -4.649111341482161e+001
1.517454545454545e+000 -5.320348926605513e+001
1.517636363636364e+000 -4.858202876869529e+001
1.517818181818182e+000 -4.784582381771899e+001
1.518000000000000e+000 -5.553966253291210e+001
1.518181818181818e+000 -4.607555256825956e+001
1.518363636363636e+000 -5.972849572343480e+001
1.518545454545454e+000 -4.708241282241335e+001
1.518727272727273e+000 -4.886462076275312e+001
1.518909090909091e+000 -5.272977133032075e+001
1.519090909090909e+000 -4.594306487783657e+001
1.519272727272727e+000 -6.145589782201873e+001
1.519454545454545e+000 -4.686600118653521e+001
1.519636363636364e+000 -4.828673861302708e+001
1.519818181818182e+000 -5.415644590285027e+001
1.520000000000000e+000 -4.561513612171624e+001
1.520181818181818e+000 -5.516688599984343e+001
1.520363636363636e+000 -4.793579725105105e+001
1.520545454545454e+000 -4.649995020037014e+001
1.520727272727273e+000 -6.684726615551192e+001
1.520909090909091e+000 -4.582016050823464e+001
1.521090909090909e+000 -4.892152694504759e+001
1.521272727272727e+000 -5.287582885714913e+001
1.521454545454545e+000 -4.524208260191377e+001
1.521636363636364e+000 -5.281873984899504e+001
1.521818181818182e+000 -4.897060305157989e+001
1.522000000000000e+000 -4.537029370031780e+001
1.522181818181818e+000 -5.863135690718138e+001
1.522363636363636e+000 -4.718078057970392e+001
1.522545454545454e+000 -4.572531831311362e+001
1.522727272727273e+000 -6.803151597341176e+001
1.522909090909091e+000 -4.631402818830287e+001
1.523090909090909e+000 -4.596598374753400e+001
1.523272727272727e+000 -9.038358290027821e+001
1.523454545454545e+000 -4.595928322633569e+001
1.523636363636364e+000 -4.588225260475947e+001
1.523818181818182e+000 -7.995016821419252e+001
1.524000000000000e+000 -4.600298442692566e+001
1.524181818181818e+000 -4.544012001470117e+001
1.524363636363636e+000 -6.401733109095648e+001
1.524545454545454e+000 -4.655196826331999e+001
1.524727272727273e+000 -4.479175632610342e+001
1.524909090909091e+000 -5.577873702901813e+001
1.525090909090909e+000 -4.800427023006778e+001
1.525272727272727e+000 -4.423423789322634e+001
1.525454545454545e+000 -5.035560410420059e+001
1.525636363636364e+000 -5.150412573699424e+001
1.525818181818182e+000 -4.418506121099122e+001
1.526000000000000e+000 -4.663390905661357e+001
1.526181818181818e+000 -6.416789688316923e+001
1.526363636363636e+000 -4.528800385738590e+001
1.526545454545454e+000 -4.435292316383399e+001
1.526727272727273e+000 -5.377528098653374e+001
1.526909090909091e+000 -4.905260237294922e+001
1.527090909090909e+000 -4.370001175426214e+001
1.527272727272727e+000 -4.634327720790252e+001
1.527454545454545e+000 -6.942659032810063e+001
1.527636363636364e+000 -4.553395799081549e+001
1.527818181818182e+000 -4.356006630863021e+001
1.528000000000000e+000 -4.906456187866790e+001
1.528181818181818e+000 -5.423802946979496e+001
1.528363636363636e+000 -4.418435097632302e+001
1.528545454545454e+000 -4.373330912451505e+001
1.528727272727273e+000 -5.112997491118071e+001
1.528909090909091e+000 -5.145621558288843e+001
1.529090909090909e+000 -4.367270019675123e+001
1.529272727272727e+000 -4.360951177865424e+001
1.529454545454545e+000 -5.091533606377136e+001
1.529636363636364e+000 -5.192037347025883e+001
1.529818181818182e+000 -4.368172647441438e+001
1.530000000000000e+000 -4.305363283993495e+001
1.530181818181818e+000 -4.839773312961794e+001
1.530363636363636e+000 -5.696003494350839e+001
1.530545454545454e+000 -4.451017244350485e+001
1.530727272727273e+000 -4.243687649170099e+001
1.530909090909091e+000 -4.518805441660916e+001
1.531090909090909e+000 -6.159220000565978e+001
1.531272727272727e+000 -4.743601012989873e+001
1.531454545454545e+000 -4.257770096775581e+001
1.531636363636364e+000 -4.267774445753734e+001
1.531818181818182e+000 -4.776469849008715e+001
1.532000000000000e+000 -6.085724959172726e+001
1.532181818181818e+000 -4.510673845647642e+001
1.532363636363636e+000 -4.193951146376541e+001
1.532545454545454e+000 -4.270106283088494e+001
1.532727272727273e+000 -4.826800897755515e+001
1.532909090909091e+000 -5.951728691645592e+001
1.533090909090909e+000 -4.501336209022770e+001
1.533272727272727e+000 -4.170734768496318e+001
1.533454545454545e+000 -4.192564684429586e+001
1.533636363636364e+000 -4.578974088385801e+001
1.533818181818182e+000 -6.473803533079155e+001
1.534000000000000e+000 -4.758114456980542e+001
1.534181818181818e+000 -4.229885613870842e+001
1.534363636363636e+000 -4.101057149859169e+001
1.534545454545454e+000 -4.242759421625374e+001
1.534727272727273e+000 -4.775210054380576e+001
1.534909090909091e+000 -6.608390797063888e+001
1.535090909090909e+000 -4.606391495351361e+001
1.535272727272727e+000 -4.172494621975463e+001
1.535454545454545e+000 -4.053241733912422e+001
1.535636363636364e+000 -4.155159533128713e+001
1.535818181818182e+000 -4.538101794880122e+001
1.536000000000000e+000 -5.852282809377654e+001
1.536181818181818e+000 -4.968192079273666e+001
1.536363636363636e+000 -4.300809457160410e+001
1.536545454545454e+000 -4.049191211573061e+001
1.536727272727273e+000 -4.000461853042634e+001
1.536909090909091e+000 -4.124094080472489e+001
1.537090909090909e+000 -4.476793039957732e+001
1.537272727272727e+000 -5.454441533792075e+001
1.537454545454545e+000 -5.258811939896377e+001
1.537636363636364e+000 -4.415375311790769e+001
1.537818181818182e+000 -4.081837075844724e+001
1.538000000000000e+000 -3.944320501797413e+001
1.538181818181818e+000 -3.939940293181187e+001
1.538363636363636e+000 -4.061324811637117e+001
1.538545454545454e+000 -4.346172040843952e+001
1.538727272727273e+000 -4.969196415437425e+001
1.538909090909091e+000 -6.525131675946010e+001
1.539090909090909e+000 -4.732014457967112e+001
1.539272727272727e+000 -4.238514577999997e+001
1.539454545454545e+000 -3.990234402385581e+001
1.539636363636364e+000 -3.867810683289788e+001
1.539818181818182e+000 -3.834275339256379e+001
1.540000000000000e+000 -3.878068225268223e+001
1.540181818181818e+000 -4.002790547367369e+001
1.540363636363636e+000 -4.231460289067237e+001
1.540545454545454e+000 -4.636999196931747e+001
1.540727272727273e+000 -5.576554969464409e+001
1.540909090909091e+000 -5.573378534525128e+001
1.541090909090909e+000 -4.641558093368970e+001
1.541272727272727e+000 -4.235030870555263e+001
1.541454545454545e+000 -3.995098023175772e+001
1.541636363636364e+000 -3.843811269529175e+001
1.541818181818182e+000 -3.750921480523954e+001
1.542000000000000e+000 -3.701672597164527e+001
1.542181818181818e+000 -3.688077134831971e+001
1.542363636363636e+000 -3.705794023210778e+001
1.542545454545454e+000 -3.752890998534370e+001
1.542727272727273e+000 -3.829457798793978e+001
1.542909090909091e+000 -3.937807817452340e+001
1.543090909090909e+000 -4.083411566872085e+001
1.543272727272727e+000 -4.277305096532017e+001
1.543454545454545e+000 -4.542566186315509e+001
1.543636363636364e+000 -4.936107165913461e+001
1.543818181818182e+000 -5.670162129278713e+001
1.544000000000000e+000 -6.728002685236685e+001
1.544181818181818e+000 -5.295582214326636e+001
1.544363636363636e+000 -4.802501905736298e+001
1.544545454545454e+000 -4.507237826815117e+001
1.544727272727273e+000 -4.301981885439319e+001
1.544909090909091e+000 -4.148756787174686e+001
1.545090909090909e+000 -4.029582274521506e+001
1.545272727272727e+000 -3.934459573921414e+001
1.545454545454545e+000 -3.857238268355646e+001
1.545636363636364e+000 -3.793877522633328e+001
1.545818181818182e+000 -3.741611929124541e+001
1.546000000000000e+000 -3.698513367961314e+001
1.546181818181818e+000 -3.663246227636444e+001
1.546363636363636e+000 -3.634925810036622e+001
1.546545454545454e+000 -3.613036578783887e+001
1.546727272727273e+000 -3.597388614161818e+001
1.546909090909091e+000 -3.588101926387483e+001
1.547090909090909e+000 -3.585615217700744e+001
1.547272727272727e+000 -3.590721300430773e+001
1.547454545454545e+000 -3.604637824353851e+001
1.547636363636364e+000 -3.629131954942642e+001
1.547818181818182e+000 -3.666736288089968e+001
1.548000000000000e+000 -3.721132641149437e+001
1.548181818181818e+000 -3.797872666084013e+001
1.548363636363636e+000 -3.905848139323940e+001
1.548545454545454e+000 -4.060675313741711e+001
1.548727272727273e+000 -4.294040281305636e+001
1.548909090909091e+000 -4.688828287296481e+001
1.549090909090909e+000 -5.652006305545014e+001
1.549272727272727e+000 -5.407208138737164e+001
1.549454545454545e+000 -4.460228939955138e+001
1.549636363636364e+000 -3.981977065633210e+001
1.549818181818182e+000 -3.653510254047959e+001
1.550000000000000e+000 -3.402674239302333e+001
1.550181818181818e+000 -3.201569666308303e+001
1.550363636363636e+000 -3.036812533569371e+001
1.550545454545454e+000 -2.901287068322534e+001
1.550727272727273e+000 -2.791113672278962e+001
1.550909090909091e+000 -2.704350756444992e+001
1.551090909090909e+000 -2.640411453001072e+001
1.551272727272727e+000 -2.599845039598774e+001
1.551454545454545e+000 -2.584370837314585e+001
1.551636363636364e+000 -2.597179813147582e+001
1.551818181818182e+000 -2.643660826727652e+001
1.552000000000000e+000 -2.733012202939664e+001
1.552181818181818e+000 -2.882118863163119e+001
1.552363636363636e+000 -3.126728722440074e+001
1.552545454545455e+000 -3.566554152612090e+001
1.552727272727273e+000 -4.814889801651784e+001
1.552909090909091e+000 -4.006181642607039e+001
1.553090909090909e+000 -3.222731497379871e+001
1.553272727272727e+000 -2.821176467028088e+001
1.553454545454545e+000 -2.574532381646484e+001
1.553636363636364e+000 -2.449528832828285e+001
1.553818181818182e+000 -2.525499757799663e+001
1.554000000000000e+000 -3.772258860889104e+001
1.554181818181818e+000 -1.801437777083976e+001
1.554363636363636e+000 -9.501783581933182e+000
1.554545454545455e+000 -5.872803449157225e+000
1.554727272727273e+000 -3.093651338281266e-008
1.554909090909091e+000 -4.342848745624900e-012
1.555090909090909e+000 -4.264074072731411e-001
1.555272727272727e+000 -1.284157712419690e+001
1.555454545454545e+000 -2.634121875626793e+001
1.555636363636364e+000 -1.247905134242551e+001
1.555818181818182e+000 -1.406769580279399e+001
1.556000000000000e+000 -1.597206792353559e+001
1.556181818181818e+000 -1.726852331585039e+001
1.556363636363636e+000 -1.816338876898346e+001
1.556545454545455e+000 -1.906238239003949e+001
1.556727272727273e+000 -2.035345705051226e+001
1.556909090909091e+000 -2.246119450818961e+001
1.557090909090909e+000 -2.612993313538421e+001
1.557272727272727e+000 -3.395708047846554e+001
1.557454545454545e+000 -4.062775396596984e+001
1.557636363636364e+000 -2.921966846756720e+001
1.557818181818182e+000 -2.569562229022520e+001
1.558000000000000e+000 -2.466894716248648e+001
1.558181818181818e+000 -2.548974886237390e+001
1.558363636363636e+000 -2.854750944386045e+001
1.558545454545455e+000 -3.668518450322019e+001
1.558727272727273e+000 -4.019135417286218e+001
1.558909090909091e+000 -3.043315899958813e+001
1.559090909090909e+000 -2.766745372828113e+001
1.559272727272727e+000 -2.774677389384025e+001
1.559454545454545e+000 -3.063831215461443e+001
1.559636363636364e+000 -3.992391259660982e+001
1.559818181818182e+000 -3.912594096056008e+001
1.560000000000000e+000 -3.118434831991152e+001
1.560181818181818e+000 -2.925544231968604e+001
1.560363636363636e+000 -3.055411035288604e+001
1.560545454545455e+000 -3.641929748069448e+001
1.560727272727273e+000 -4.794749797908465e+001
1.560909090909091e+000 -3.366275681879387e+001
1.561090909090909e+000 -3.074460543752870e+001
1.561272727272727e+000 -3.172970615042453e+001
1.561454545454545e+000 -3.783555323396018e+001
1.561636363636364e+000 -4.631424780035073e+001
1.561818181818182e+000 -3.408285443361960e+001
1.562000000000000e+000 -3.178696506639523e+001
1.562181818181818e+000 -3.382539003271393e+001
1.562363636363636e+000 -4.420635603287180e+001
1.562545454545455e+000 -3.974755244874610e+001
1.562727272727273e+000 -3.340999061697202e+001
1.562909090909091e+000 -3.320502717186216e+001
1.563090909090909e+000 -3.861615367103617e+001
1.563272727272727e+000 -4.819023449214941e+001
1.563454545454545e+000 -3.538717749852361e+001
1.563636363636364e+000 -3.361645188348005e+001
1.563818181818182e+000 -3.738289494944362e+001
1.564000000000000e+000 -6.080211136534010e+001
1.564181818181818e+000 -3.684073622832703e+001
1.564363636363636e+000 -3.427461160192164e+001
1.564545454545455e+000 -3.771930453332040e+001
1.564727272727273e+000 -6.219265691638019e+001
1.564909090909091e+000 -3.726909874743372e+001
1.565090909090909e+000 -3.494868077020861e+001
1.565272727272727e+000 -3.929809810238677e+001
1.565454545454545e+000 -5.079742425615602e+001
1.565636363636364e+000 -3.684479575289156e+001
1.565818181818182e+000 -3.585356387130184e+001
1.566000000000000e+000 -4.306826411558137e+001
1.566181818181818e+000 -4.357552840431092e+001
1.566363636363636e+000 -3.628565776366659e+001
1.566545454545455e+000 -3.771359171325491e+001
1.566727272727273e+000 -5.705688652883205e+001
1.566909090909091e+000 -3.921114310425197e+001
1.567090909090909e+000 -3.654708571659277e+001
1.567272727272727e+000 -4.251177231516098e+001
1.567454545454545e+000 -4.522264299213930e+001
1.567636363636364e+000 -3.715147064402022e+001
1.567818181818182e+000 -3.909815318012120e+001
1.568000000000000e+000 -6.498054633395272e+001
1.568181818181818e+000 -3.878157729298431e+001
1.568363636363636e+000 -3.795437540516863e+001
1.568545454545455e+000 -5.015347513702643e+001
1.568727272727273e+000 -4.100998961505957e+001
1.568909090909091e+000 -3.777308951279657e+001
1.569090909090909e+000 -4.525785671937255e+001
1.569272727272727e+000 -4.342418139108574e+001
1.569454545454545e+000 -3.801196120548125e+001
1.569636363636364e+000 -4.348026253673936e+001
1.569818181818182e+000 -4.547616772641261e+001
1.570000000000000e+000 -3.837079372560602e+001
1.570181818181818e+000 -4.300779552520758e+001
1.570363636363636e+000 -4.652179875986357e+001
1.570545454545455e+000 -3.869275273828149e+001
1.570727272727273e+000 -4.341121670650368e+001
1.570909090909091e+000 -4.621648668773322e+001
1.571090909090909e+000 -3.895064400989767e+001
1.571272727272727e+000 -4.473818594467424e+001
1.571454545454545e+000 -4.485326827285885e+001
1.571636363636364e+000 -3.924627808065747e+001
1.571818181818182e+000 -4.758250608799373e+001
1.572000000000000e+000 -4.307044454559019e+001
1.572181818181818e+000 -3.981260521050513e+001
1.572363636363636e+000 -5.464020127215172e+001
1.572545454545455e+000 -4.143017579859993e+001
1.572727272727273e+000 -4.105742577898879e+001
1.572909090909091e+000 -5.899073502531732e+001
1.573090909090909e+000 -4.034899063394648e+001
1.573272727272727e+000 -4.380095847914961e+001
1.573454545454545e+000 -4.701498462331005e+001
1.573636363636364e+000 -4.023405478775297e+001
1.573818181818182e+000 -5.086825489676848e+001
1.574000000000000e+000 -4.251239471478261e+001
1.574181818181818e+000 -4.174647850774228e+001
1.574363636363636e+000 -5.575830349540450e+001
1.574545454545455e+000 -4.075227378362882e+001
1.574727272727273e+000 -4.680325492230990e+001
1.574909090909091e+000 -4.441035654871659e+001
1.575090909090909e+000 -4.153890526153706e+001
1.575272727272727e+000 -6.373661026200688e+001
1.575454545454545e+000 -4.126067769571338e+001
1.575636363636364e+000 -4.682855621302510e+001
1.575818181818182e+000 -4.465939651114982e+001
1.576000000000000e+000 -4.212410062020130e+001
1.576181818181818e+000 -5.707923506129903e+001
1.576363636363636e+000 -4.143846275720481e+001
1.576545454545455e+000 -5.019482768192047e+001
1.576727272727273e+000 -4.339615893816700e+001
1.576909090909091e+000 -4.385378256912383e+001
1.577090909090909e+000 -4.896144586241952e+001
1.577272727272727e+000 -4.194450994529428e+001
1.577454545454545e+000 -7.876983159411417e+001
1.577636363636364e+000 -4.212539541205489e+001
1.577818181818182e+000 -4.928320745934447e+001
1.578000000000000e+000 -4.399497711319201e+001
1.578181818181818e+000 -4.461908876361260e+001
1.578363636363636e+000 -4.796901214394984e+001
1.578545454545455e+000 -4.279367565929193e+001
1.578727272727273e+000 -5.704333698578061e+001
1.578909090909091e+000 -4.236159484652152e+001
1.579090909090909e+000 -5.958267353755618e+001
1.579272727272727e+000 -4.285936464404599e+001
1.579454545454545e+000 -5.012065632770894e+001
1.579636363636364e+000 -4.409564385102527e+001
1.579818181818182e+000 -4.656537271213935e+001
1.580000000000000e+000 -4.600737830414995e+001
1.580181818181818e+000 -4.475890839635144e+001
1.580363636363636e+000 -4.863481866003800e+001
1.580545454545455e+000 -4.381992281239607e+001
1.580727272727273e+000 -5.216769255196581e+001
1.580909090909091e+000 -4.338478578633781e+001
1.581090909090909e+000 -5.715700528362674e+001
1.581272727272727e+000 -4.325364165923904e+001
1.581454545454545e+000 -6.573636441293758e+001
1.581636363636364e+000 -4.329728747124392e+001
1.581818181818182e+000 -7.761180448743153e+001
1.582000000000000e+000 -4.342536199472230e+001
1.582181818181818e+000 -6.505908404234592e+001
1.582363636363636e+000 -4.357497123829830e+001
1.582545454545455e+000 -6.224130514265216e+001
1.582727272727273e+000 -4.370744465783140e+001
1.582909090909091e+000 -6.211763896372363e+001
1.583090909090909e+000 -4.380811838153918e+001
1.583272727272727e+000 -6.443828313573674e+001
1.583454545454545e+000 -4.388656733793943e+001
1.583636363636364e+000 -7.285672935349507e+001
1.583818181818182e+000 -4.397633604910745e+001
1.584000000000000e+000 -6.972183511108135e+001
1.584181818181818e+000 -4.413478187911851e+001
1.584363636363636e+000 -5.957430193739706e+001
1.584545454545455e+000 -4.444520991485600e+001
1.584727272727273e+000 -5.433855307370944e+001
1.584909090909091e+000 -4.502558324729221e+001
1.585090909090909e+000 -5.078926454072909e+001
1.585272727272727e+000 -4.605345194490058e+001
1.585454545454545e+000 -4.821891772893808e+001
1.585636363636364e+000 -4.783672262446976e+001
1.585818181818182e+000 -4.638706755947464e+001
1.586000000000000e+000 -5.106016601186306e+001
1.586181818181818e+000 -4.522619420818509e+001
1.586363636363636e+000 -5.825881751288290e+001
1.586545454545455e+000 -4.477397101997752e+001
1.586727272727273e+000 -6.460676670807125e+001
1.586909090909091e+000 -4.518123197632809e+001
1.587090909090909e+000 -5.219444556485895e+001
1.587272727272727e+000 -4.681029327937041e+001
1.587454545454546e+000 -4.771412597396984e+001
1.587636363636364e+000 -5.067536553420259e+001
1.587818181818182e+000 -4.562895093110810e+001
1.588000000000000e+000 -6.280339899764049e+001
1.588181818181818e+000 -4.523209866086341e+001
1.588363636363636e+000 -5.533732873177718e+001
1.588545454545455e+000 -4.670014570828431e+001
1.588727272727273e+000 -4.824211203995728e+001
1.588909090909091e+000 -5.143054961817177e+001
1.589090909090909e+000 -4.573605960698775e+001
1.589272727272727e+000 -9.698090669322370e+001
1.589454545454546e+000 -4.585873022171843e+001
1.589636363636364e+000 -5.110241565702847e+001
1.589818181818182e+000 -4.918125390944795e+001
1.590000000000000e+000 -4.648458501456275e+001
1.590181818181818e+000 -6.374616061409295e+001
1.590363636363636e+000 -4.589877224969012e+001
1.590545454545455e+000 -5.211914736458290e+001
1.590727272727273e+000 -4.924954201312522e+001
1.590909090909091e+000 -4.662441145079635e+001
1.591090909090909e+000 -6.941730824136977e+001
1.591272727272727e+000 -4.631702759247145e+001
1.591454545454546e+000 -5.052331528973591e+001
1.591636363636364e+000 -5.140669758171988e+001
1.591818181818182e+000 -4.627243427351210e+001
1.592000000000000e+000 -6.116168242861459e+001
1.592181818181818e+000 -4.764418392038251e+001
1.592363636363636e+000 -4.797620193330552e+001
1.592545454545455e+000 -5.975050417980205e+001
1.592727272727273e+000 -4.647465338052869e+001
1.592909090909091e+000 -5.119091094263283e+001
1.593090909090909e+000 -5.219841686801080e+001
1.593272727272727e+000 -4.648422431400882e+001
1.593454545454546e+000 -5.626736693016397e+001
1.593636363636364e+000 -4.943561378997062e+001
1.593818181818182e+000 -4.707861999355106e+001
1.594000000000000e+000 -6.528323141622846e+001
1.594181818181818e+000 -4.821068887830044e+001
1.594363636363636e+000 -4.786928992093955e+001
1.594545454545455e+000 -7.722574387356123e+001
1.594727272727273e+000 -4.770924539574724e+001
1.594909090909091e+000 -4.854791396007477e+001
1.595090909090909e+000 -6.606408632477148e+001
1.595272727272727e+000 -4.759783138653606e+001
1.595454545454546e+000 -4.888941708670035e+001
1.595636363636364e+000 -6.521018612963199e+001
1.595818181818182e+000 -4.774882127861024e+001
1.596000000000000e+000 -4.880519088550156e+001
1.596181818181818e+000 -7.030573406475506e+001
1.596363636363636e+000 -4.818146456871484e+001
1.596545454545455e+000 -4.837524526327984e+001
1.596727272727273e+000 -7.300593603901039e+001
1.596909090909091e+000 -4.906886756199893e+001
1.597090909090909e+000 -4.781821176632964e+001
1.597272727272727e+000 -5.985493236207008e+001
1.597454545454546e+000 -5.082695495306321e+001
1.597636363636364e+000 -4.743679531203394e+001
1.597818181818182e+000 -5.394121344397913e+001
1.598000000000000e+000 -5.454105567991602e+001
1.598181818181818e+000 -4.760936712064151e+001
1.598363636363636e+000 -5.031777423420987e+001
1.598545454545455e+000 -6.627669763631614e+001
1.598727272727273e+000 -4.890078683233493e+001
1.598909090909091e+000 -4.825072962262434e+001
1.599090909090909e+000 -5.848982424279571e+001
1.599272727272727e+000 -5.259563002878696e+001
1.599454545454546e+000 -4.775650823831916e+001
1.599636363636364e+000 -5.095508065761300e+001
1.599818181818182e+000 -6.704583952633537e+001
1.600000000000000e+000 -4.947017490968911e+001
1.600181818181818e+000 -4.818196935033647e+001
1.600363636363636e+000 -5.509163802871655e+001
1.600545454545455e+000 -5.628471171844722e+001
1.600727272727273e+000 -4.848843190179018e+001
1.600909090909091e+000 -4.909926495407038e+001
1.601090909090909e+000 -5.993607772581784e+001
1.601272727272727e+000 -5.359071241898256e+001
1.601454545454546e+000 -4.829352347571982e+001
1.601636363636364e+000 -4.980116774014585e+001
1.601818181818182e+000 -6.317190823316712e+001
1.602000000000000e+000 -5.308110046269851e+001
1.602181818181818e+000 -4.839464995252574e+001
1.602363636363636e+000 -4.987934577300933e+001
1.602545454545455e+000 -6.162350889779965e+001
1.602727272727273e+000 -5.412973305956934e+001
1.602909090909091e+000 -4.872727126746049e+001
1.603090909090909e+000 -4.937401086470069e+001
1.603272727272727e+000 -5.720480160072953e+001
1.603454545454546e+000 -5.765992008695519e+001
1.603636363636364e+000 -4.962098455019780e+001
1.603818181818182e+000 -4.875213075488247e+001
1.604000000000000e+000 -5.298618243142899e+001
1.604181818181818e+000 -7.406519618698303e+001
1.604363636363636e+000 -5.201304447888231e+001
1.604545454545455e+000 -4.875767057339159e+001
1.604727272727273e+000 -5.001619260521006e+001
1.604909090909091e+000 -5.769111506255793e+001
1.605090909090909e+000 -5.940721714112914e+001
1.605272727272727e+000 -5.056895136111344e+001
1.605454545454546e+000 -4.883274992884960e+001
1.605636363636364e+000 -5.098837222242792e+001
1.605818181818182e+000 -6.051968762759490e+001
1.606000000000000e+000 -5.795761440408420e+001
1.606181818181818e+000 -5.056413083931108e+001
1.606363636363636e+000 -4.898539427859521e+001
1.606545454545455e+000 -5.084054706509829e+001
1.606727272727273e+000 -5.840438319356823e+001
1.606909090909091e+000 -6.145570561718134e+001
1.607090909090909e+000 -5.177926445796582e+001
1.607272727272727e+000 -4.926078357864738e+001
1.607454545454546e+000 -4.987616123940228e+001
1.607636363636364e+000 -5.402694083016688e+001
1.607818181818182e+000 -7.416596376740606e+001
1.608000000000000e+000 -5.580052192580627e+001
1.608181818181818e+000 -5.062456744912416e+001
1.608363636363636e+000 -4.931494076207596e+001
1.608545454545455e+000 -5.055616328079960e+001
1.608727272727273e+000 -5.519735505030943e+001
1.608909090909091e+000 -8.101628586316808e+001
1.609090909090909e+000 -5.619133574787826e+001
1.609272727272727e+000 -5.111356265856026e+001
1.609454545454546e+000 -4.954130545906275e+001
1.609636363636364e+000 -5.013852557495206e+001
1.609818181818182e+000 -5.313521489153388e+001
1.610000000000000e+000 -6.151781396626000e+001
1.610181818181818e+000 -6.345265456700568e+001
1.610363636363636e+000 -5.391160360299486e+001
1.610545454545455e+000 -5.064847510637703e+001
1.610727272727273e+000 -4.969404980519136e+001
1.610909090909091e+000 -5.044131722918810e+001
1.611090909090909e+000 -5.312889334778416e+001
1.611272727272727e+000 -5.963058632505901e+001
1.611454545454546e+000 -7.148705053938016e+001
1.611636363636364e+000 -5.645761361381550e+001
1.611818181818182e+000 -5.211652602451206e+001
1.612000000000000e+000 -5.028845923562851e+001
1.612181818181818e+000 -4.994099663509955e+001
1.612363636363636e+000 -5.086481180717779e+001
1.612545454545455e+000 -5.328793124918914e+001
1.612727272727273e+000 -5.836522210915585e+001
1.612909090909091e+000 -7.819317804219855e+001
1.613090909090909e+000 -6.046651742312375e+001
1.613272727272727e+000 -5.450543709606276e+001
1.613454545454546e+000 -5.174584689567389e+001
1.613636363636364e+000 -5.045645584451596e+001
1.613818181818182e+000 -5.016720883746686e+001
1.614000000000000e+000 -5.074225471249487e+001
1.614181818181818e+000 -5.223691652832969e+001
1.614363636363636e+000 -5.496702364670731e+001
1.614545454545455e+000 -6.002947003911079e+001
1.614727272727273e+000 -7.631079188033910e+001
1.614909090909091e+000 -6.339578446363094e+001
1.615090909090909e+000 -5.688473910392858e+001
1.615272727272727e+000 -5.370060889894998e+001
1.615454545454546e+000 -5.188334376666936e+001
1.615636363636364e+000 -5.088470480073166e+001
1.615818181818182e+000 -5.048004470756003e+001
1.616000000000000e+000 -5.056689993517996e+001
1.616181818181818e+000 -5.110741111421082e+001
1.616363636363636e+000 -5.211325466885007e+001
1.616545454545455e+000 -5.365456505593521e+001
1.616727272727273e+000 -5.590376338190085e+001
1.616909090909091e+000 -5.928422729469074e+001
1.617090909090909e+000 -6.516733279540175e+001
1.617272727272727e+000 -9.321335181545119e+001
1.617454545454546e+000 -6.628375201703261e+001
1.617636363636364e+000 -6.040085428801422e+001
1.617818181818182e+000 -5.721897937459303e+001
1.618000000000000e+000 -5.515914207109805e+001
1.618181818181818e+000 -5.373284722695095e+001
1.618363636363636e+000 -5.272113000209163e+001
1.618545454545455e+000 -5.200506840939360e+001
1.618727272727273e+000 -5.151161412699898e+001
1.618909090909091e+000 -5.119173649689470e+001
1.619090909090909e+000 -5.101016981738137e+001
1.619272727272727e+000 -5.094005831763424e+001
1.619454545454545e+000 -5.095992304398590e+001
1.619636363636364e+000 -5.105183321481896e+001
1.619818181818182e+000 -5.120025152791509e+001
1.620000000000000e+000 -5.139128449861835e+001
1.620181818181818e+000 -5.161219543689404e+001
1.620363636363636e+000 -5.185110264642857e+001
1.620545454545455e+000 -5.209682036081367e+001
1.620727272727273e+000 -5.233881798067476e+001
1.620909090909091e+000 -5.256728086175555e+001
1.621090909090909e+000 -5.277325694341671e+001
1.621272727272727e+000 -5.294886882110304e+001
1.621454545454546e+000 -5.308756429480463e+001
1.621636363636364e+000 -5.318437147568973e+001
1.621818181818182e+000 -5.323612107944937e+001
1.622000000000000e+000 -5.324160084355011e+001
1.622181818181818e+000 -5.320161649690956e+001
1.622363636363636e+000 -5.311894871493179e+001
1.622545454545455e+000 -5.299821324493792e+001
1.622727272727273e+000 -5.284564738541267e+001
1.622909090909091e+000 -5.266885637768499e+001
1.623090909090909e+000 -5.247655727620732e+001
1.623272727272727e+000 -5.227835474337129e+001
1.623454545454545e+000 -5.208457730057344e+001
1.623636363636364e+000 -5.190619490653999e+001
1.623818181818182e+000 -5.175483381182657e+001
1.624000000000000e+000 -5.164290393881669e+001
1.624181818181818e+000 -5.158385970452591e+001
1.624363636363636e+000 -5.159263024998998e+001
1.624545454545455e+000 -5.168628400251010e+001
1.624727272727273e+000 -5.188504697644211e+001
1.624909090909091e+000 -5.221389797864836e+001
1.625090909090909e+000 -5.270517439571712e+001
1.625272727272727e+000 -5.340308275748081e+001
1.625454545454545e+000 -5.437211665521362e+001
1.625636363636364e+000 -5.571439497774963e+001
1.625818181818182e+000 -5.761056010241212e+001
1.626000000000000e+000 -6.043792904503198e+001
1.626181818181818e+000 -6.525637404941115e+001
1.626363636363636e+000 -7.911767819301383e+001
1.626545454545455e+000 -6.928647655350478e+001
1.626727272727273e+000 -6.192662674730251e+001
1.626909090909091e+000 -5.809859941721417e+001
1.627090909090909e+000 -5.562978472021471e+001
1.627272727272727e+000 -5.395050523077555e+001
1.627454545454545e+000 -5.283921127298706e+001
1.627636363636364e+000 -5.220199104519961e+001
1.627818181818182e+000 -5.201049116732594e+001
1.628000000000000e+000 -5.228477860087583e+001
1.628181818181818e+000 -5.309954679219361e+001
1.628363636363636e+000 -5.462069069316512e+001
1.628545454545455e+000 -5.722598611998811e+001
1.628727272727273e+000 -6.202251273486021e+001
1.628909090909091e+000 -7.706811342098133e+001
1.629090909090909e+000 -6.542387471385183e+001
1.629272727272727e+000 -5.854294155848819e+001
1.629454545454545e+000 -5.516411349169491e+001
1.629636363636364e+000 -5.328030025730126e+001
1.629818181818182e+000 -5.238642943354122e+001
1.630000000000000e+000 -5.234076636464340e+001
1.630181818181818e+000 -5.318980921035362e+001
1.630363636363636e+000 -5.520593173946785e+001
1.630545454545455e+000 -5.925497234665444e+001
1.630727272727273e+000 -7.014799267086718e+001
1.630909090909091e+000 -6.575556055315100e+001
1.631090909090909e+000 -5.777911053788927e+001
1.631272727272727e+000 -5.435413448907998e+001
1.631454545454545e+000 -5.277361912861129e+001
1.631636363636364e+000 -5.249253972378256e+001
1.631818181818182e+000 -5.348986203866054e+001
1.632000000000000e+000 -5.621219430752547e+001
1.632181818181818e+000 -6.265391788522643e+001
1.632363636363636e+000 -7.406596255199469e+001
1.632545454545455e+000 -5.908177930182413e+001
1.632727272727273e+000 -5.465969698578735e+001
1.632909090909091e+000 -5.285805434022735e+001
1.633090909090909e+000 -5.276444454443159e+001
1.633272727272727e+000 -5.441842352093561e+001
1.633454545454546e+000 -5.888328321879654e+001
1.633636363636364e+000 -7.691744472571972e+001
1.633818181818182e+000 -6.100874831951873e+001
1.634000000000000e+000 -5.515016585097933e+001
1.634181818181818e+000 -5.299974014550779e+001
1.634363636363636e+000 -5.299211303095944e+001
1.634545454545455e+000 -5.521524721787056e+001
1.634727272727273e+000 -6.172281415651069e+001
1.634909090909091e+000 -7.049753062837905e+001
1.635090909090909e+000 -5.737501642594405e+001
1.635272727272727e+000 -5.366639424050378e+001
1.635454545454545e+000 -5.291244517988567e+001
1.635636363636364e+000 -5.466311574078701e+001
1.635818181818182e+000 -6.065105663814405e+001
1.636000000000000e+000 -7.171694770768825e+001
1.636181818181818e+000 -5.719911118709614e+001
1.636363636363636e+000 -5.354380793686533e+001
1.636545454545455e+000 -5.316743225932819e+001
1.636727272727273e+000 -5.585441088224688e+001
1.636909090909091e+000 -6.577654190207002e+001
1.637090909090909e+000 -6.242617520363532e+001
1.637272727272727e+000 -5.497167298595326e+001
1.637454545454546e+000 -5.309727231252777e+001
1.637636363636364e+000 -5.451952680066786e+001
1.637818181818182e+000 -6.113080598074549e+001
1.638000000000000e+000 -6.700176143138580e+001
1.638181818181818e+000 -5.584717701230870e+001
1.638363636363636e+000 -5.324522617609787e+001
1.638545454545455e+000 -5.440952389278579e+001
1.638727272727273e+000 -6.111368017081863e+001
1.638909090909091e+000 -6.597856169469741e+001
1.639090909090909e+000 -5.546858836108375e+001
1.639272727272727e+000 -5.327984494997411e+001
1.639454545454545e+000 -5.525113753648875e+001
1.639636363636364e+000 -6.545423626699440e+001
1.639818181818182e+000 -6.089564603804219e+001
1.640000000000000e+000 -5.426382806062802e+001
1.640181818181818e+000 -5.363469205008158e+001
1.640363636363636e+000 -5.806512467306563e+001
1.640545454545455e+000 -7.475534405851612e+001
1.640727272727273e+000 -5.629815175158221e+001
1.640909090909091e+000 -5.345399025247594e+001
1.641090909090909e+000 -5.566847202318132e+001
1.641272727272727e+000 -6.989770742456844e+001
1.641454545454546e+000 -5.857419273149656e+001
1.641636363636364e+000 -5.374859512554863e+001
1.641818181818182e+000 -5.480284481009101e+001
1.642000000000000e+000 -6.471613444804548e+001
1.642181818181818e+000 -6.011973704051586e+001
1.642363636363636e+000 -5.399756479779449e+001
1.642545454545455e+000 -5.464949507043546e+001
1.642727272727273e+000 -6.420580124588628e+001
1.642909090909091e+000 -6.007714602599977e+001
1.643090909090909e+000 -5.398183629607633e+001
1.643272727272727e+000 -5.501978756581435e+001
1.643454545454545e+000 -6.724127674306249e+001
1.643636363636364e+000 -5.852292111033197e+001
1.643818181818182e+000 -5.380378347834335e+001
1.644000000000000e+000 -5.616071134647567e+001
1.644181818181818e+000 -9.017380808511861e+001
1.644363636363636e+000 -5.637606028448940e+001
1.644545454545455e+000 -5.387102290011573e+001
1.644727272727273e+000 -5.901984380629109e+001
1.644909090909091e+000 -6.471950182188554e+001
1.645090909090909e+000 -5.458035310503632e+001
1.645272727272727e+000 -5.492862738548716e+001
1.645454545454545e+000 -6.810210546350571e+001
1.645636363636364e+000 -5.770040936493446e+001
1.645818181818182e+000 -5.393281558942832e+001
1.646000000000000e+000 -5.864658453789474e+001
1.646181818181818e+000 -6.460958541195076e+001
1.646363636363636e+000 -5.451310742747407e+001
1.646545454545455e+000 -5.557698165827222e+001
1.646727272727273e+000 -8.069028713238855e+001
1.646909090909091e+000 -5.615467907476529e+001
1.647090909090909e+000 -5.439594565621372e+001
1.647272727272727e+000 -6.385098667800607e+001
1.647454545454545e+000 -5.860590347941153e+001
1.647636363636364e+000 -5.410500092744420e+001
1.647818181818182e+000 -5.970515679904700e+001
1.648000000000000e+000 -6.167606202351112e+001
1.648181818181818e+000 -5.424108974493247e+001
1.648363636363636e+000 -5.782383182798650e+001
1.648545454545455e+000 -6.504587129385430e+001
1.648727272727273e+000 -5.451439718876205e+001
1.648909090909091e+000 -5.695066046399243e+001
1.649090909090909e+000 -6.792839290341540e+001
1.649272727272727e+000 -5.473076585144960e+001
1.649454545454545e+000 -5.667321196079162e+001
1.649636363636364e+000 -6.893281342045735e+001
1.649818181818182e+000 -5.478630551567804e+001
1.650000000000000e+000 -5.686203484908425e+001
