1.450000000000000e+000 -7.206273240213768e-006
1.450181818181818e+000 -6.395802773355254e-006
1.450363636363636e+000 -6.634700800531822e-006
1.450545454545455e+000 -6.802292140625496e-006
1.450727272727273e+000 -6.581682470679776e-006
1.450909090909091e+000 -6.685165231648674e-006
1.451090909090909e+000 -7.058505148985829e-006
1.451272727272727e+000 -6.035107870204207e-006
1.451454545454545e+000 -8.068655299870348e-006
1.451636363636364e+000 -4.864565903413464e-006
1.451818181818182e+000 -9.567614757388396e-006
1.452000000000000e+000 -3.271880427114294e-006
1.452181818181818e+000 -1.137730645068620e-005
1.452363636363636e+000 -1.542415853943899e-006
1.452545454545455e+000 -1.308042637953649e-005
1.452727272727273e+000 -2.406840766557412e-007
1.452909090909091e+000 -1.396828566369965e-005
1.453090909090909e+000 -1.880016427549322e-007
1.453272727272727e+000 -1.317740295096044e-005
1.453454545454545e+000 -2.173553356678501e-006
1.453636363636364e+000 -1.015543442069651e-005
1.453818181818182e+000 -6.316828891620972e-006
1.454000000000000e+000 -5.415616040737137e-006
1.454181818181818e+000 -1.131756274995420e-005
1.454363636363636e+000 -1.088022233170761e-006
1.454545454545455e+000 -1.435608135485384e-005
1.454727272727273e+000 -3.036067573404340e-007
1.454909090909091e+000 -1.261534237001564e-005
1.455090909090909e+000 -4.764524552242224e-006
1.455272727272727e+000 -6.312586765050592e-006
1.455454545454545e+000 -1.179361276957743e-005
1.455636363636364e+000 -5.525949341248494e-007
1.455818181818182e+000 -1.470702145923255e-005
1.456000000000000e+000 -1.900059131910794e-006
1.456181818181818e+000 -9.298369856618261e-006
1.456363636363636e+000 -1.011648998194349e-005
1.456545454545455e+000 -1.239354902434720e-006
1.456727272727273e+000 -1.506223611750785e-005
1.456909090909091e+000 -1.943160932971423e-006
1.457090909090909e+000 -8.737192527726386e-006
1.457272727272727e+000 -1.164395335290294e-005
1.457454545454545e+000 -3.184898013476858e-007
1.457636363636364e+000 -1.457779586719043e-005
1.457818181818182e+000 -5.062355026065503e-006
1.458000000000000e+000 -4.487884603936967e-006
1.458181818181818e+000 -1.510632600660545e-005
1.458363636363636e+000 -9.134107498062766e-007
1.458545454545455e+000 -9.684736255139194e-006
1.458727272727273e+000 -1.243205221681194e-005
1.458909090909091e+000 -1.828781518117388e-008
1.459090909090909e+000 -1.324546105689762e-005
1.459272727272727e+000 -9.375594377745692e-006
1.459454545454545e+000 -7.973532769989181e-007
1.459636363636364e+000 -1.500488967509011e-005
1.459818181818182e+000 -7.347731299638909e-006
1.460000000000000e+000 -1.693358503144964e-006
1.460181818181818e+000 -1.568923563027096e-005
1.460363636363636e+000 -6.683844085556797e-006
1.460545454545455e+000 -1.892270959522115e-006
1.460727272727273e+000 -1.580421987327150e-005
1.460909090909091e+000 -7.418881147669915e-006
1.461090909090909e+000 -1.245011921876233e-006
1.461272727272727e+000 -1.524215562060290e-005
1.461454545454545e+000 -9.614191626157420e-006
1.461636363636364e+000 -2.481451307580444e-007
1.461818181818182e+000 -1.329636616064875e-005
1.462000000000000e+000 -1.305750383587367e-005
1.462181818181818e+000 -2.438975587719898e-007
1.462363636363636e+000 -9.185701371003464e-006
1.462545454545455e+000 -1.640853298800918e-005
1.462727272727273e+000 -3.229475395910371e-006
1.462909090909091e+000 -3.505616029877669e-006
1.463090909090909e+000 -1.660474696703373e-005
1.463272727272727e+000 -1.002673196636839e-005
1.463454545454545e+000 -1.044240995663733e-008
1.463636363636364e+000 -1.078128485428731e-005
1.463818181818182e+000 -1.679856020901374e-005
1.464000000000000e+000 -4.132362731256759e-006
1.464181818181818e+000 -2.021208044494102e-006
1.464363636363636e+000 -1.524024624696484e-005
1.464545454545455e+000 -1.446066728369393e-005
1.464727272727273e+000 -1.564098830840712e-006
1.464909090909091e+000 -4.316236363198519e-006
1.465090909090909e+000 -1.687234420495528e-005
1.465272727272727e+000 -1.332521916217602e-005
1.465454545454545e+000 -1.090895554136334e-006
1.465636363636364e+000 -4.615233691487718e-006
1.465818181818182e+000 -1.692853690950898e-005
1.466000000000000e+000 -1.451037580231059e-005
1.466181818181818e+000 -2.142614384908136e-006
1.466363636363636e+000 -2.665796600714322e-006
1.466545454545455e+000 -1.502259133820763e-005
1.466727272727273e+000 -1.743225161465834e-005
1.466909090909091e+000 -5.987338541187241e-006
1.467090909090909e+000 -1.814197198561273e-007
1.467272727272727e+000 -9.497031065317989e-006
1.467454545454545e+000 -1.879903518802778e-005
1.467636363636364e+000 -1.360025983611288e-005
1.467818181818182e+000 -2.187579603636922e-006
1.468000000000000e+000 -1.749233724774412e-006
1.468181818181818e+000 -1.274333155025649e-005
1.468363636363636e+000 -1.940440160585090e-005
1.468545454545455e+000 -1.270131036985411e-005
1.468727272727273e+000 -2.014976857897715e-006
1.468909090909091e+000 -1.467654995472213e-006
1.469090909090909e+000 -1.154477915579797e-005
1.469272727272727e+000 -1.955672374353844e-005
1.469454545454545e+000 -1.598977211953897e-005
1.469636363636364e+000 -5.385887200713196e-006
1.469818181818182e+000 -2.137843597969763e-009
1.470000000000000e+000 -5.633208869597617e-006
1.470181818181818e+000 -1.598483085655207e-005
1.470363636363636e+000 -2.028207517809689e-005
1.470545454545455e+000 -1.448921426454256e-005
1.470727272727273e+000 -4.589525112503209e-006
1.470909090909091e+000 -9.056698376759504e-010
1.471090909090909e+000 -4.695468769696370e-006
1.471272727272727e+000 -1.427488678831815e-005
1.471454545454545e+000 -2.055731924689859e-005
1.471636363636364e+000 -1.864480042594566e-005
1.471818181818182e+000 -1.040716428946327e-005
1.472000000000000e+000 -2.311481739446257e-006
1.472181818181818e+000 -1.966564281481904e-007
1.472363636363636e+000 -5.272206524184316e-006
1.472545454545455e+000 -1.386718161547938e-005
1.472727272727273e+000 -2.039444147101353e-005
1.472909090909091e+000 -2.103531259614136e-005
1.473090909090909e+000 -1.576017599689119e-005
1.473272727272727e+000 -7.837471988505074e-006
1.473454545454545e+000 -1.619228351528400e-006
1.473636363636364e+000 -1.504001290694056e-007
1.473818181818182e+000 -3.866097367233450e-006
1.474000000000000e+000 -1.077786609615583e-005
1.474181818181818e+000 -1.772837748553195e-005
1.474363636363636e+000 -2.190793213135925e-005
1.474545454545455e+000 -2.192317314495586e-005
1.474727272727273e+000 -1.808955974646679e-005
1.474909090909091e+000 -1.202428125775698e-005
1.475090909090909e+000 -5.865995686919505e-006
1.475272727272727e+000 -1.492647769685578e-006
1.475454545454545e+000 -9.161168792870466e-010
1.475636363636364e+000 -1.543811945546905e-006
1.475818181818182e+000 -5.477755964499422e-006
1.476000000000000e+000 -1.068974137357692e-005
1.476181818181818e+000 -1.596261266228780e-005
1.476363636363636e+000 -2.027114428477412e-005
1.476545454545454e+000 -2.295524997750517e-005
1.476727272727273e+000 -2.376620860463390e-005
1.476909090909091e+000 -2.281462673287407e-005
1.477090909090909e+000 -2.046236130213710e-005
1.477272727272727e+000 -1.719873895540295e-005
1.477454545454545e+000 -1.353067077188196e-005
1.477636363636364e+000 -9.902836263356827e-006
1.477818181818182e+000 -6.652267086447754e-006
1.478000000000000e+000 -3.993474248745440e-006
1.478181818181818e+000 -2.026047368883197e-006
1.478363636363636e+000 -7.556764130201564e-007
1.478545454545454e+000 -1.206602791982497e-007
1.478727272727273e+000 -1.807899681770973e-008
1.478909090909091e+000 -3.260875581734139e-007
1.479090909090909e+000 -9.207466710127313e-007
1.479272727272727e+000 -1.687223924346428e-006
1.479454545454545e+000 -2.526066541549980e-006
1.479636363636364e+000 -3.355653766576340e-006
1.479818181818182e+000 -4.112021885579134e-006
1.480000000000000e+000 -4.747143628028918e-006
1.480181818181818e+000 -5.226544637696549e-006
1.480363636363636e+000 -5.526918911148980e-006
1.480545454545454e+000 -5.634207295049899e-006
1.480727272727273e+000 -5.542440093463382e-006
1.480909090909091e+000 -5.253518655878888e-006
1.481090909090909e+000 -4.778007197255391e-006
1.481272727272727e+000 -4.136905345243966e-006
1.481454545454545e+000 -3.364257957570031e-006
1.481636363636364e+000 -2.510303649624597e-006
1.481818181818182e+000 -1.644662950768030e-006
1.482000000000000e+000 -8.588085295482335e-007
1.482181818181818e+000 -2.667710358751933e-007
1.482363636363636e+000 -2.752294255617854e-009
1.482545454545454e+000 -2.141384352108803e-007
1.482727272727273e+000 -1.048449078136730e-006
1.482909090909091e+000 -2.633203461456910e-006
1.483090909090909e+000 -5.048701293813209e-006
1.483272727272727e+000 -8.295450173973461e-006
1.483454545454545e+000 -1.226043058522670e-005
1.483636363636364e+000 -1.668933790378115e-005
1.483818181818182e+000 -2.117478131168805e-005
1.484000000000000e+000 -2.517211227797765e-005
1.484181818181818e+000 -2.805367942274905e-005
1.484363636363636e+000 -2.920732172270978e-005
1.484545454545454e+000 -2.817473247145300e-005
1.484727272727273e+000 -2.481015926059585e-005
1.484909090909091e+000 -1.942221157943079e-005
1.485090909090909e+000 -1.284670580550040e-005
1.485272727272727e+000 -6.394528919004322e-006
1.485454545454545e+000 -1.634310681765316e-006
1.485636363636364e+000 -1.113826962255856e-008
1.485818181818182e+000 -2.367242186031737e-006
1.486000000000000e+000 -8.502963765507146e-006
1.486181818181818e+000 -1.696639838774321e-005
1.486363636363636e+000 -2.524973893149408e-005
1.486545454545454e+000 -3.046915527845666e-005
1.486727272727273e+000 -3.041371084549194e-005
1.486909090909091e+000 -2.461988167756118e-005
1.487090909090909e+000 -1.496861136979704e-005
1.487272727272727e+000 -5.340887486657270e-006
1.487454545454545e+000 -1.877078777374343e-007
1.487636363636364e+000 -2.420841961935302e-006
1.487818181818182e+000 -1.158134288044987e-005
1.488000000000000e+000 -2.343485672250215e-005
1.488181818181818e+000 -3.167398718181274e-005
1.488363636363636e+000 -3.129068427400084e-005
1.488545454545454e+000 -2.191420983262005e-005
1.488727272727273e+000 -8.857706851542716e-006
1.488909090909091e+000 -5.125686411358218e-007
1.489090909090909e+000 -2.997042530454079e-006
1.489272727272727e+000 -1.535259940977045e-005
1.489454545454545e+000 -2.915487889505090e-005
1.489636363636364e+000 -3.394776086129935e-005
1.489818181818182e+000 -2.539930015418072e-005
1.490000000000000e+000 -9.824084005181127e-006
1.490181818181818e+000 -2.247245777344009e-007
1.490363636363636e+000 -5.564648473001575e-006
1.490545454545454e+000 -2.191448076178887e-005
1.490727272727273e+000 -3.449928474289500e-005
1.490909090909091e+000 -3.088015955106912e-005
1.491090909090909e+000 -1.391958607152550e-005
1.491272727272727e+000 -6.769486198404725e-007
1.491454545454545e+000 -5.684146811127521e-006
1.491636363636364e+000 -2.446394847946781e-005
1.491818181818182e+000 -3.644736731806956e-005
1.492000000000000e+000 -2.737655849324458e-005
1.492181818181818e+000 -7.276671712529152e-006
1.492363636363636e+000 -6.358936755173881e-007
1.492545454545454e+000 -1.666866073701272e-005
1.492727272727273e+000 -3.563320474157882e-005
1.492909090909091e+000 -3.240826755171724e-005
1.493090909090909e+000 -1.059099684914439e-005
1.493272727272727e+000 -2.465269240849052e-007
1.493454545454545e+000 -1.694799062566166e-005
1.493636363636364e+000 -3.732296324545259e-005
1.493818181818182e+000 -3.088687126830161e-005
1.494000000000000e+000 -6.696337038973150e-006
1.494181818181818e+000 -2.509945955288000e-006
1.494363636363636e+000 -2.606380262808865e-005
1.494545454545454e+000 -3.967517158068051e-005
1.494727272727273e+000 -2.019473236094800e-005
1.494909090909091e+000 -2.047793734351976e-007
1.495090909090909e+000 -1.507528313682974e-005
1.495272727272727e+000 -3.955468407380434e-005
1.495454545454545e+000 -2.937880494967304e-005
1.495636363636364e+000 -2.607462597894689e-006
1.495818181818182e+000 -9.867460395786225e-006
1.496000000000000e+000 -3.843699179089978e-005
1.496181818181818e+000 -3.284362581875773e-005
1.496363636363636e+000 -3.527052464843866e-006
1.496545454545454e+000 -1.000990478163317e-005
1.496727272727273e+000 -4.014308913450565e-005
1.496909090909091e+000 -3.109869524149716e-005
1.497090909090909e+000 -1.516461072295605e-006
1.497272727272727e+000 -1.586268840490662e-005
1.497454545454545e+000 -4.374138246004483e-005
1.497636363636364e+000 -2.283558653089352e-005
1.497818181818182e+000 -1.609468294783896e-007
1.498000000000000e+000 -2.883580839408771e-005
1.498181818181818e+000 -4.266600287602142e-005
1.498363636363636e+000 -8.438947255993138e-006
1.498545454545454e+000 -8.697455129769972e-006
1.498727272727273e+000 -4.397247482469171e-005
1.498909090909091e+000 -2.710539888189762e-005
1.499090909090909e+000 -1.297245593778995e-007
1.499272727272727e+000 -3.260682744329125e-005
1.499454545454545e+000 -4.154671481181010e-005
1.499636363636364e+000 -3.272409332680537e-006
1.499818181818182e+000 -1.957693179061272e-005
1.500000000000000e+000 -4.781718248046978e-005
1.500181818181818e+000 -1.128997530406285e-005
1.500363636363636e+000 -1.051485308915531e-005
1.500545454545454e+000 -4.875375714266167e-005
1.500727272727273e+000 -1.866783781338487e-005
1.500909090909091e+000 -5.901190285463319e-006
1.501090909090909e+000 -4.823959740653356e-005
1.501272727272727e+000 -2.292148216074756e-005
1.501454545454545e+000 -4.444231650409341e-006
1.501636363636364e+000 -4.871851787103588e-005
1.501818181818182e+000 -2.328834775548143e-005
1.502000000000000e+000 -5.412632018247301e-006
1.502181818181818e+000 -5.083169636266838e-005
1.502363636363636e+000 -1.953587731227879e-005
1.502545454545454e+000 -9.505555997694677e-006
1.502727272727273e+000 -5.332848952442786e-005
1.502909090909091e+000 -1.205658520364802e-005
1.503090909090909e+000 -1.855586947631946e-005
1.503272727272727e+000 -5.272732723668888e-005
1.503454545454545e+000 -3.414710606613508e-006
1.503636363636364e+000 -3.356609760385554e-005
1.503818181818182e+000 -4.396757422104062e-005
1.504000000000000e+000 -2.652046849434667e-007
1.504181818181818e+000 -5.055323473667352e-005
1.504363636363636e+000 -2.475608349809440e-005
1.504545454545454e+000 -1.171564557727917e-005
1.504727272727273e+000 -5.718775206991279e-005
1.504909090909091e+000 -4.048565878058754e-006
1.505090909090909e+000 -3.869204622839253e-005
1.505272727272727e+000 -4.003445238895264e-005
1.505454545454545e+000 -4.094608975758496e-006
1.505636363636364e+000 -5.963900252951953e-005
1.505818181818182e+000 -8.403469311621994e-006
1.506000000000000e+000 -3.594655084545010e-005
1.506181818181818e+000 -4.309434770043242e-005
1.506363636363636e+000 -4.781135181022163e-006
1.506545454545454e+000 -6.214732712223718e-005
1.506727272727273e+000 -4.716435843400198e-006
1.506909090909091e+000 -4.614124121598851e-005
1.507090909090909e+000 -3.290780220488924e-005
1.507272727272727e+000 -1.572871409846050e-005
1.507454545454545e+000 -5.969534027845495e-005
1.507636363636364e+000 -1.378584332632441e-007
1.507818181818182e+000 -6.352087464463774e-005
1.508000000000000e+000 -9.607034315448928e-006
1.508181818181818e+000 -4.555190445309317e-005
1.508363636363636e+000 -3.409360355660479e-005
1.508545454545454e+000 -2.088832322774056e-005
1.508727272727273e+000 -5.732749013091365e-005
1.508909090909091e+000 -3.867221756220471e-006
1.509090909090909e+000 -6.882743896636624e-005
1.509272727272727e+000 -3.942296123516520e-007
1.509454545454545e+000 -6.702235410606006e-005
1.509636363636364e+000 -8.570906444630055e-006
1.509818181818182e+000 -5.614319591917146e-005
1.510000000000000e+000 -2.297516428926348e-005
1.510181818181818e+000 -4.184233827921182e-005
1.510363636363636e+000 -3.842517177411129e-005
1.510545454545454e+000 -2.840873906727811e-005
1.510727272727273e+000 -5.170980222838215e-005
1.510909090909091e+000 -1.797718658157050e-005
1.511090909090909e+000 -6.165277137444362e-005
1.511272727272727e+000 -1.095172814405844e-005
1.511454545454545e+000 -6.841894016974395e-005
1.511636363636364e+000 -6.798037913180931e-006
1.511818181818182e+000 -7.274179298513495e-005
1.512000000000000e+000 -4.726163409414836e-006
1.512181818181818e+000 -7.536161486964982e-005
1.512363636363636e+000 -4.127395190793947e-006
1.512545454545454e+000 -7.670150635314620e-005
1.512727272727273e+000 -4.804591463845824e-006
1.512909090909091e+000 -7.671129442329102e-005
1.513090909090909e+000 -7.068930109986827e-006
1.513272727272727e+000 -7.482301092081496e-005
1.513454545454545e+000 -1.172966460811488e-005
1.513636363636364e+000 -7.002889846815551e-005
1.513818181818182e+000 -1.992530587387184e-005
1.514000000000000e+000 -6.117212561838599e-005
1.514181818181818e+000 -3.267602264330014e-005
1.514363636363636e+000 -4.758283088409096e-005
1.514545454545454e+000 -5.004185717769288e-005
1.514727272727273e+000 -3.011356391677728e-005
1.514909090909091e+000 -6.995337625312249e-005
1.515090909090909e+000 -1.231594630068265e-005
1.515272727272727e+000 -8.723709191594147e-005
1.515454545454545e+000 -9.172899796534190e-007
1.515636363636364e+000 -9.400319643096423e-005
1.515818181818182e+000 -4.181710731760154e-006
1.516000000000000e+000 -8.285275524523653e-005
1.516181818181818e+000 -2.701976362901207e-005
1.516363636363636e+000 -5.319930694221184e-005
1.516545454545454e+000 -6.400898296027490e-005
1.516727272727273e+000 -1.751650630807286e-005
1.516909090909091e+000 -9.582819053850950e-005
1.517090909090909e+000 -1.854768162658868e-010
1.517272727272727e+000 -9.742666603607823e-005
1.517454545454545e+000 -2.076999649250556e-005
1.517636363636364e+000 -6.019833013270541e-005
1.517818181818182e+000 -7.131904111919576e-005
1.518000000000000e+000 -1.212882317193497e-005
1.518181818181818e+000 -1.072097825017259e-004
1.518363636363636e+000 -4.623117911055737e-006
1.518545454545454e+000 -8.502512523956708e-005
1.518727272727273e+000 -5.640596782284733e-005
1.518909090909091e+000 -2.316372159238734e-005
1.519090909090909e+000 -1.105308093338780e-004
1.519272727272727e+000 -3.105951603974603e-006
1.519454545454545e+000 -8.936936273088177e-005
1.519636363636364e+000 -6.443378916234616e-005
1.519818181818182e+000 -1.667786887159872e-005
1.520000000000000e+000 -1.192001108073980e-004
1.520181818181818e+000 -1.321588868808273e-005
1.520363636363636e+000 -6.985670211057758e-005
1.520545454545454e+000 -9.722862693672505e-005
1.520727272727273e+000 -8.975481180198095e-007
1.520909090909091e+000 -1.137035294212933e-004
1.521090909090909e+000 -5.567168938360566e-005
1.521272727272727e+000 -2.239765472755665e-005
1.521454545454545e+000 -1.298920424208012e-004
1.521636363636364e+000 -2.269402145454436e-005
1.521818181818182e+000 -5.504612581668267e-005
1.522000000000000e+000 -1.261134036461574e-004
1.522181818181818e+000 -5.951808073460846e-006
1.522363636363636e+000 -8.312093300149155e-005
1.522545454545454e+000 -1.162139574889697e-004
1.522727272727273e+000 -6.833335564303713e-007
1.522909090909091e+000 -1.014814272398149e-004
1.523090909090909e+000 -1.099490380347095e-004
1.523272727272727e+000 -3.975813659579075e-009
1.523454545454545e+000 -1.101188062109750e-004
1.523636363636364e+000 -1.120894286060176e-004
1.523818181818182e+000 -4.393063613410882e-008
1.524000000000000e+000 -1.090162702216627e-004
1.524181818181818e+000 -1.241019240931687e-004
1.524363636363636e+000 -1.722071932258879e-006
1.524545454545454e+000 -9.607099496228450e-005
1.524727272727273e+000 -1.440840418658487e-004
1.524909090909091e+000 -1.147918836403675e-005
1.525090909090909e+000 -6.876393584873011e-005
1.525272727272727e+000 -1.638206757304518e-004
1.525454545454545e+000 -4.001528382393675e-005
1.525636363636364e+000 -3.071660927789645e-005
1.525818181818182e+000 -1.656862522435203e-004
1.526000000000000e+000 -9.427534261637309e-005
1.526181818181818e+000 -1.663392374270924e-006
1.526363636363636e+000 -1.285258106695894e-004
1.526545454545454e+000 -1.594042752638529e-004
1.526727272727273e+000 -1.820778527247561e-005
1.526909090909091e+000 -5.401654156512532e-005
1.527090909090909e+000 -1.852645812176010e-004
1.527272727272727e+000 -1.008002549404732e-004
1.527454545454545e+000 -4.955931594320008e-007
1.527636363636364e+000 -1.214491793792365e-004
1.527818181818182e+000 -1.913318395351043e-004
1.528000000000000e+000 -5.386799570606817e-005
1.528181818181818e+000 -1.636749371000128e-005
1.528363636363636e+000 -1.657133509042998e-004
1.528545454545454e+000 -1.838495585050098e-004
1.528727272727273e+000 -3.348023473166933e-005
1.528909090909091e+000 -3.105734352981054e-005
1.529090909090909e+000 -1.864333542182508e-004
1.529272727272727e+000 -1.891657870497999e-004
1.529454545454545e+000 -3.517648687964885e-005
1.529636363636364e+000 -2.790926245458274e-005
1.529818181818182e+000 -1.860462694719403e-004
1.530000000000000e+000 -2.149966916575140e-004
1.530181818181818e+000 -6.280788059795650e-005
1.530363636363636e+000 -8.745431736968960e-006
1.530545454545454e+000 -1.537357085175426e-004
1.530727272727273e+000 -2.478044221831221e-004
1.530909090909091e+000 -1.315180755915409e-004
1.531090909090909e+000 -3.009985900329131e-006
1.531272727272727e+000 -7.837674390844287e-005
1.531454545454545e+000 -2.398977691221358e-004
1.531636363636364e+000 -2.344345341421068e-004
1.531818181818182e+000 -7.266379826792074e-005
1.532000000000000e+000 -3.564999968724076e-006
1.532181818181818e+000 -1.340038159901362e-004
1.532363636363636e+000 -2.778734534151584e-004
1.532545454545454e+000 -2.331791351102498e-004
1.532727272727273e+000 -6.471227219471062e-005
1.532909090909091e+000 -4.853509257540644e-006
1.533090909090909e+000 -1.369162349736985e-004
1.533272727272727e+000 -2.931326535034746e-004
1.533454545454545e+000 -2.787619956076978e-004
1.533636363636364e+000 -1.145027581299618e-004
1.533818181818182e+000 -1.458749939894069e-006
1.534000000000000e+000 -7.580077472037439e-005
1.534181818181818e+000 -2.558064482001397e-004
1.534363636363636e+000 -3.441473016145052e-004
1.534545454545454e+000 -2.483346418175975e-004
1.534727272727273e+000 -7.287488805880402e-005
1.534909090909091e+000 -1.070024120671196e-006
1.535090909090909e+000 -1.074974570669052e-004
1.535272727272727e+000 -2.919471813225937e-004
1.535454545454545e+000 -3.842039163058946e-004
1.535636363636364e+000 -3.038365176854067e-004
1.535818181818182e+000 -1.258023652586236e-004
1.536000000000000e+000 -6.102415957764032e-006
1.536181818181818e+000 -4.672986953477085e-005
1.536363636363636e+000 -2.172629725845180e-004
1.536545454545454e+000 -3.878041835025310e-004
1.536727272727273e+000 -4.338545443847825e-004
1.536909090909091e+000 -3.263672327169979e-004
1.537090909090909e+000 -1.448766900235629e-004
1.537272727272727e+000 -1.525258802804231e-005
1.537454545454545e+000 -2.393170098961372e-005
1.537636363636364e+000 -1.668850156271501e-004
1.537818181818182e+000 -3.597205273009540e-004
1.538000000000000e+000 -4.937288393950907e-004
1.538181818181818e+000 -4.987339751516371e-004
1.538363636363636e+000 -3.771189495523565e-004
1.538545454545454e+000 -1.957140734504166e-004
1.538727272727273e+000 -4.662192774422495e-005
1.538909090909091e+000 -1.296142347688239e-006
1.539090909090909e+000 -8.049592180905677e-005
1.539272727272727e+000 -2.507738641094883e-004
1.539454545454545e+000 -4.441934174428379e-004
1.539636363636364e+000 -5.888478179620800e-004
1.539818181818182e+000 -6.361225303218705e-004
1.540000000000000e+000 -5.751019508589490e-004
1.540181818181818e+000 -4.315343195325439e-004
1.540363636363636e+000 -2.548805914280953e-004
1.540545454545454e+000 -1.001820982488578e-004
1.540727272727273e+000 -1.151409789377227e-005
1.540909090909091e+000 -1.159862097801860e-005
1.541090909090909e+000 -9.913595046027394e-005
1.541272727272727e+000 -2.527936033120102e-004
1.541454545454545e+000 -4.392464399448595e-004
1.541636363636364e+000 -6.223062413474607e-004
1.541818181818182e+000 -7.707284077206584e-004
1.542000000000000e+000 -8.632863573449075e-004
1.542181818181818e+000 -8.907415534198867e-004
1.542363636363636e+000 -8.551317744519584e-004
1.542545454545454e+000 -7.672407730392012e-004
1.542727272727273e+000 -6.432187164083529e-004
1.542909090909091e+000 -5.011890259007546e-004
1.543090909090909e+000 -3.584187040812351e-004
1.543272727272727e+000 -2.293457422699030e-004
1.543454545454545e+000 -1.245157677568311e-004
1.543636363636364e+000 -5.031293597798430e-005
1.543818181818182e+000 -9.281595682452786e-006
1.544000000000000e+000 -8.124219837357486e-007
1.544181818181818e+000 -2.198888441564476e-005
1.544363636363636e+000 -6.843619063020378e-005
1.544545454545454e+000 -1.350682390768362e-004
1.544727272727273e+000 -2.166772223884477e-004
1.544909090909091e+000 -3.083492820015476e-004
1.545090909090909e+000 -4.057161750251805e-004
1.545272727272727e+000 -5.050681594462962e-004
1.545454545454545e+000 -6.033595769799919e-004
1.545636363636364e+000 -6.981386713302902e-004
1.545818181818182e+000 -7.874296306136491e-004
1.546000000000000e+000 -8.695897702144950e-004
1.546181818181818e+000 -9.431597111993667e-004
1.546363636363636e+000 -1.006720323834173e-003
1.546545454545454e+000 -1.058767666079273e-003
1.546727272727273e+000 -1.097616373193316e-003
1.546909090909091e+000 -1.121342934276468e-003
1.547090909090909e+000 -1.127782838211606e-003
1.547272727272727e+000 -1.114599232421203e-003
1.547454545454545e+000 -1.079444848526074e-003
1.547636363636364e+000 -1.020242398056370e-003
1.547818181818182e+000 -9.356098876969178e-004
1.548000000000000e+000 -8.254541251018884e-004
1.548181818181818e+000 -6.917453238516442e-004
1.548363636363636e+000 -5.394648405541607e-004
1.548545454545454e+000 -3.776833865408448e-004
1.548727272727273e+000 -2.206759799111149e-004
1.548909090909091e+000 -8.891201845742796e-005
1.549090909090909e+000 -9.677841155180176e-006
1.549272727272727e+000 -1.700501513535818e-005
1.549454545454545e+000 -1.505091478179110e-004
1.549636363636364e+000 -4.527202090626842e-004
1.549818181818182e+000 -9.645445325049115e-004
1.550000000000000e+000 -1.718683878951132e-003
1.550181818181818e+000 -2.731185493865956e-003
1.550363636363636e+000 -3.991823712189507e-003
1.550545454545454e+000 -5.454688429723477e-003
1.550727272727273e+000 -7.031081720783792e-003
1.550909090909091e+000 -8.587422986450453e-003
1.551090909090909e+000 -9.951082284902591e-003
1.551272727272727e+000 -1.092661114463125e-002
1.551454545454545e+000 -1.132346975576990e-002
1.551636363636364e+000 -1.099395816692040e-002
1.551818181818182e+000 -9.876822115959938e-003
1.552000000000000e+000 -8.038480644806124e-003
1.552181818181818e+000 -5.700992459495370e-003
1.552363636363636e+000 -3.245023378056240e-003
1.552545454545455e+000 -1.178390077330501e-003
1.552727272727273e+000 -6.651166737009917e-005
1.552909090909091e+000 -4.281777319693231e-004
1.553090909090909e+000 -2.601254653574273e-003
1.553272727272727e+000 -6.560483191623844e-003
1.553454545454545e+000 -1.158326425231209e-002
1.553636363636364e+000 -1.545353806585099e-002
1.553818181818182e+000 -1.296978812590526e-002
1.554000000000000e+000 -7.337736947837582e-004
1.554181818181818e+000 -6.915116557076975e-002
1.554363636363636e+000 -5.166322597977605e-001
1.554545454545455e+000 -1.299792104937482e+000
1.554727272727273e+000 -8.147312948537591e+001
1.554909090909091e+000 -1.000000000000000e+002
1.555090909090909e+000 -1.029105512156469e+001
1.555272727272727e+000 -2.318283009128052e-001
1.555454545454545e+000 -1.009641419113409e-002
1.555636363636364e+000 -2.526087532104299e-001
1.555818181818182e+000 -1.736473538376544e-001
1.556000000000000e+000 -1.112054123855785e-001
1.556181818181818e+000 -8.223128109748737e-002
1.556363636363636e+000 -6.680072708829625e-002
1.556545454545455e+000 -5.423190320261054e-002
1.556727272727273e+000 -4.022055712825751e-002
1.556909090909091e+000 -2.471154231318396e-002
1.557090909090909e+000 -1.060036716810123e-002
1.557272727272727e+000 -1.746479870864538e-003
1.557454545454545e+000 -3.758613831761896e-004
1.557636363636364e+000 -5.200887778978044e-003
1.557818181818182e+000 -1.171676687311948e-002
1.558000000000000e+000 -1.484676114436383e-002
1.558181818181818e+000 -1.228637025268509e-002
1.558363636363636e+000 -6.072072315462496e-003
1.558545454545455e+000 -9.317779932222037e-004
1.558727272727273e+000 -4.155943871970366e-004
1.558909090909091e+000 -3.932466393089993e-003
1.559090909090909e+000 -7.437222020513825e-003
1.559272727272727e+000 -7.302507238208572e-003
1.559454545454545e+000 -3.750944424888802e-003
1.559636363636364e+000 -4.419927555036754e-004
1.559818181818182e+000 -5.311494944471185e-004
1.560000000000000e+000 -3.307614213570663e-003
1.560181818181818e+000 -5.158197464887626e-003
1.560363636363636e+000 -3.824410329235737e-003
1.560545454545455e+000 -9.906131595217361e-004
1.560727272727273e+000 -6.966874652732371e-005
1.560909090909091e+000 -1.868968899221683e-003
1.561090909090909e+000 -3.660216424628862e-003
1.561272727272727e+000 -2.917155270939329e-003
1.561454545454545e+000 -7.149319962272942e-004
1.561636363636364e+000 -1.014762956431974e-004
1.561818181818182e+000 -1.696616537894954e-003
1.562000000000000e+000 -2.878934229996430e-003
1.562181818181818e+000 -1.800260356239925e-003
1.562363636363636e+000 -1.648758136526422e-004
1.562545454545455e+000 -4.603117721491059e-004
1.562727272727273e+000 -1.980999180124526e-003
1.562909090909091e+000 -2.076755779539336e-003
1.563090909090909e+000 -5.973086571586545e-004
1.563272727272727e+000 -6.588160277054121e-005
1.563454545454545e+000 -1.256404201803725e-003
1.563636363636364e+000 -1.889007011357454e-003
1.563818181818182e+000 -7.934772684902315e-004
1.564000000000000e+000 -3.610549930821919e-006
1.564181818181818e+000 -8.989916072088139e-004
1.564363636363636e+000 -1.623320654991937e-003
1.564545454545455e+000 -7.343288212082063e-004
1.564727272727273e+000 -2.621312211732317e-006
1.564909090909091e+000 -8.145451519694633e-004
1.565090909090909e+000 -1.389906953929789e-003
1.565272727272727e+000 -5.105050306123895e-004
1.565454545454545e+000 -3.614462247058265e-005
1.565636363636364e+000 -8.981515894886170e-004
1.565818181818182e+000 -1.128455261251373e-003
1.566000000000000e+000 -2.142735739219192e-004
1.566181818181818e+000 -1.906518410435599e-004
1.566363636363636e+000 -1.021573485809514e-003
1.566545454545455e+000 -7.352954934450056e-004
1.566727272727273e+000 -8.552559141564691e-006
1.566909090909091e+000 -5.208300603408165e-004
1.567090909090909e+000 -9.618865079507555e-004
1.567272727272727e+000 -2.435674549045075e-004
1.567454545454545e+000 -1.304747687537517e-004
1.567636363636364e+000 -8.369106448082570e-004
1.567818181818182e+000 -5.345590924494192e-004
1.568000000000000e+000 -1.379525545185794e-006
1.568181818181818e+000 -5.749834320934949e-004
1.568363636363636e+000 -6.956352037735926e-004
1.568545454545455e+000 -4.192170076542974e-005
1.568727272727273e+000 -3.441934166373464e-004
1.568909090909091e+000 -7.252898904139420e-004
1.569090909090909e+000 -1.294211070519054e-004
1.569272727272727e+000 -1.974131338524230e-004
1.569454545454545e+000 -6.864715037656651e-004
1.569636363636364e+000 -1.948802381172244e-004
1.569818181818182e+000 -1.230760904933601e-004
1.570000000000000e+000 -6.320283216527621e-004
1.570181818181818e+000 -2.172779337627210e-004
1.570363636363636e+000 -9.674071042321388e-005
1.570545454545455e+000 -5.868652310401475e-004
1.570727272727273e+000 -1.980033512168745e-004
1.570909090909091e+000 -1.037864917287048e-004
1.571090909090909e+000 -5.530285616987080e-004
1.571272727272727e+000 -1.458723603942404e-004
1.571454545454545e+000 -1.420576371884096e-004
1.571636363636364e+000 -5.166332275692859e-004
1.571818181818182e+000 -7.577701460773541e-005
1.572000000000000e+000 -2.141660195313012e-004
1.572181818181818e+000 -4.534678099054196e-004
1.572363636363636e+000 -1.491986625626110e-005
1.572545454545455e+000 -3.124513129203110e-004
1.572727272727273e+000 -3.404542468774488e-004
1.572909090909091e+000 -5.479123413430451e-006
1.573090909090909e+000 -4.007793039835810e-004
1.573272727272727e+000 -1.810078932892288e-004
1.573454545454545e+000 -8.635553253982736e-005
1.573636363636364e+000 -4.115280181924227e-004
1.573818181818182e+000 -3.555990561873787e-005
1.574000000000000e+000 -2.435325500908490e-004
1.574181818181818e+000 -2.905032434394183e-004
1.574363636363636e+000 -1.153332521643014e-005
1.574545454545455e+000 -3.652373597600566e-004
1.574727272727273e+000 -9.066994505638427e-005
1.574909090909091e+000 -1.573100691298570e-004
1.575090909090909e+000 -3.047256564851073e-004
1.575272727272727e+000 -1.837060152171873e-006
1.575454545454545e+000 -3.248873382247840e-004
1.575636363636364e+000 -9.014324692833850e-005
1.575818181818182e+000 -1.485429646195549e-004
1.576000000000000e+000 -2.663100552587573e-004
1.576181818181818e+000 -8.508661189202463e-006
1.576363636363636e+000 -3.118556582889204e-004
1.576545454545455e+000 -4.152442423095340e-005
1.576727272727273e+000 -1.986910715759630e-004
1.576909090909091e+000 -1.788195490500189e-004
1.577090909090909e+000 -5.516231490143624e-005
1.577272727272727e+000 -2.775538106960272e-004
1.577454545454545e+000 -5.765024466647309e-008
1.577636363636364e+000 -2.662306678209836e-004
1.577818181818182e+000 -5.122313164208338e-005
1.578000000000000e+000 -1.730992773969049e-004
1.578181818181818e+000 -1.499280634046048e-004
1.578363636363636e+000 -6.932447081945106e-005
1.578545454545455e+000 -2.282591303362105e-004
1.578727272727273e+000 -8.579283944175012e-006
1.578909090909091e+000 -2.521374948157844e-004
1.579090909090909e+000 -4.780982968514292e-006
1.579272727272727e+000 -2.248324994189267e-004
1.579454545454545e+000 -4.223969664216052e-005
1.579636363636364e+000 -1.691330119081129e-004
1.579818181818182e+000 -9.577492682131458e-005
1.580000000000000e+000 -1.089060298431860e-004
1.580181818181818e+000 -1.451779737116962e-004
1.580363636363636e+000 -5.947102432792414e-005
1.580545454545455e+000 -1.802191931452982e-004
1.580727272727273e+000 -2.636430785992458e-005
1.580909090909091e+000 -1.992120906466859e-004
1.581090909090909e+000 -8.357650402773475e-006
1.581272727272727e+000 -2.053196008564069e-004
1.581454545454545e+000 -1.159172122334745e-006
1.581636363636364e+000 -2.032664617359324e-004
1.581818181818182e+000 -7.526687176843569e-008
1.582000000000000e+000 -1.973594743443039e-004
1.582181818181818e+000 -1.354802454562514e-006
1.582363636363636e+000 -1.906763022966424e-004
1.582545454545455e+000 -2.592112979063915e-006
1.582727272727273e+000 -1.849477673075177e-004
1.582909090909091e+000 -2.666984847676799e-006
1.583090909090909e+000 -1.807097181754313e-004
1.583272727272727e+000 -1.562989555395464e-006
1.583454545454545e+000 -1.774747001994409e-004
1.583636363636364e+000 -2.249631513976502e-007
1.583818181818182e+000 -1.738438768654532e-004
1.584000000000000e+000 -4.630211436634683e-007
1.584181818181818e+000 -1.676156262980260e-004
1.584363636363636e+000 -4.790207838407481e-006
1.584545454545455e+000 -1.560526408050202e-004
1.584727272727273e+000 -1.599299507773526e-005
1.584909090909091e+000 -1.365314847558289e-004
1.585090909090909e+000 -3.621259669401786e-005
1.585272727272727e+000 -1.077567550302673e-004
1.585454545454545e+000 -6.544791427385594e-005
1.585636363636364e+000 -7.146865718572094e-005
1.585818181818182e+000 -9.978897111118988e-005
1.586000000000000e+000 -3.402274978722521e-005
1.586181818181818e+000 -1.303681218408311e-004
1.586363636363636e+000 -6.484894039081208e-006
1.586545454545455e+000 -1.446753171410968e-004
1.586727272727273e+000 -1.503514828353251e-006
1.586909090909091e+000 -1.317248461163289e-004
1.587090909090909e+000 -2.620239956171391e-005
1.587272727272727e+000 -9.052311904800311e-005
1.587454545454546e+000 -7.351490318775722e-005
1.587636363636364e+000 -3.717488353722023e-005
1.587818181818182e+000 -1.188215351992190e-004
1.588000000000000e+000 -2.277427316169561e-006
1.588181818181818e+000 -1.301909975745584e-004
1.588363636363636e+000 -1.270726460792752e-005
1.588545454545455e+000 -9.284839116523321e-005
1.588727272727273e+000 -6.509930652891840e-005
1.588909090909091e+000 -3.124143051266498e-005
1.589090909090909e+000 -1.159268798138538e-004
1.589272727272727e+000 -8.703494155512811e-010
1.589454545454546e+000 -1.126981855759638e-004
1.589636363636364e+000 -3.369336837989118e-005
1.589818181818182e+000 -5.243986226683805e-005
1.590000000000000e+000 -9.757323149856189e-005
1.590181818181818e+000 -1.833024803088566e-006
1.590363636363636e+000 -1.116638684933232e-004
1.590545454545455e+000 -2.666066070311520e-005
1.590727272727273e+000 -5.162174617754776e-005
1.590909090909091e+000 -9.448174164068024e-005
1.591090909090909e+000 -4.966535133023135e-007
1.591272727272727e+000 -1.014113636548948e-004
1.591454545454546e+000 -3.849946613766822e-005
1.591636363636364e+000 -3.141348530864453e-005
1.591818181818182e+000 -1.024580313134693e-004
1.592000000000000e+000 -3.323657277074304e-006
1.592181818181818e+000 -7.470843772139257e-005
1.592363636363636e+000 -6.920979748548755e-005
1.592545454545455e+000 -4.599748890332757e-006
1.592727272727273e+000 -9.779662403100546e-005
1.592909090909091e+000 -3.301375072219434e-005
1.593090909090909e+000 -2.617845027666961e-005
1.593272727272727e+000 -9.758133580960156e-005
1.593454545454546e+000 -1.025765601560792e-005
1.593636363636364e+000 -4.945673079950230e-005
1.593818181818182e+000 -8.509941348932127e-005
1.594000000000000e+000 -1.286652398750166e-006
1.594181818181818e+000 -6.557204104690625e-005
1.594363636363636e+000 -7.093472116785431e-005
1.594545454545455e+000 -8.226401993855619e-008
1.594727272727273e+000 -7.359756598316545e-005
1.594909090909091e+000 -6.067306700368245e-005
1.595090909090909e+000 -1.074918983008081e-006
1.595272727272727e+000 -7.551008308776222e-005
1.595454545454546e+000 -5.608482987821238e-005
1.595636363636364e+000 -1.308476007590649e-006
1.595818181818182e+000 -7.292993557768590e-005
1.596000000000000e+000 -5.718315087029128e-005
1.596181818181818e+000 -4.047724309700257e-007
1.596363636363636e+000 -6.601477617963723e-005
1.596545454545455e+000 -6.313394704699345e-005
1.596727272727273e+000 -2.173655519342188e-007
1.596909090909091e+000 -5.381461601996601e-005
1.597090909090909e+000 -7.177392943308160e-005
1.597272727272727e+000 -4.490464833498143e-006
1.597454545454546e+000 -3.589968277452244e-005
1.597636363636364e+000 -7.836257494841027e-005
1.597818181818182e+000 -1.752523471467851e-005
1.598000000000000e+000 -1.526439186104416e-005
1.598181818181818e+000 -7.530977753881584e-005
1.598363636363636e+000 -4.036536706730559e-005
1.598545454545455e+000 -1.023563047912067e-006
1.598727272727273e+000 -5.593819196286437e-005
1.598909090909091e+000 -6.497025892363657e-005
1.599090909090909e+000 -6.148967455487039e-006
1.599272727272727e+000 -2.389034948358559e-005
1.599454545454546e+000 -7.280096356654407e-005
1.599636363636364e+000 -3.485603542727386e-005
1.599818181818182e+000 -8.574334093989848e-007
1.600000000000000e+000 -4.906471421412228e-005
1.600181818181818e+000 -6.600710365238188e-005
1.600363636363636e+000 -1.344686921029468e-005
1.600545454545455e+000 -1.021677079146762e-005
1.600727272727273e+000 -6.150978324439050e-005
1.600909090909091e+000 -5.343926642762646e-005
1.601090909090909e+000 -4.407342070796548e-006
1.601272727272727e+000 -1.899826841722984e-005
1.601454545454546e+000 -6.433320387956351e-005
1.601636363636364e+000 -4.546422690038581e-005
1.601818181818182e+000 -2.092153727916569e-006
1.602000000000000e+000 -2.136364404239285e-005
1.602181818181818e+000 -6.285248581003318e-005
1.602363636363636e+000 -4.465313618071350e-005
1.602545454545455e+000 -2.988364516047910e-006
1.602727272727273e+000 -1.678076843347946e-005
1.602909090909091e+000 -5.821837718381808e-005
1.603090909090909e+000 -5.016325773695478e-005
1.603272727272727e+000 -8.266174414001952e-006
1.603454545454546e+000 -7.443765356761136e-006
1.603636363636364e+000 -4.739016554412767e-005
1.603818181818182e+000 -5.788607861815378e-005
1.604000000000000e+000 -2.183570206271255e-005
1.604181818181818e+000 -1.703196284870765e-007
1.604363636363636e+000 -2.732003361755848e-005
1.604545454545455e+000 -5.781228627770974e-005
1.604727272727273e+000 -4.326803916827585e-005
1.604909090909091e+000 -7.390488993903594e-006
1.605090909090909e+000 -4.978091169651258e-006
1.605272727272727e+000 -3.809702650296220e-005
1.605454545454546e+000 -5.682143003412711e-005
1.605636363636364e+000 -3.458986113955920e-005
1.605818181818182e+000 -3.853148448472565e-006
1.606000000000000e+000 -6.950614762461588e-006
1.606181818181818e+000 -3.813933657604828e-005
1.606363636363636e+000 -5.485896710747260e-005
1.606545454545455e+000 -3.578750273044560e-005
1.606727272727273e+000 -6.271137245086869e-006
1.606909090909091e+000 -3.106089066542453e-006
1.607090909090909e+000 -2.883097350854767e-005
1.607272727272727e+000 -5.148829703326811e-005
1.607454545454546e+000 -4.468589098150718e-005
1.607636363636364e+000 -1.718268733090287e-005
1.607818181818182e+000 -1.664132655420173e-007
1.608000000000000e+000 -1.142175104514840e-005
1.608181818181818e+000 -3.761226150968108e-005
1.608363636363636e+000 -5.085021313787426e-005
1.608545454545455e+000 -3.820937146330096e-005
1.608727272727273e+000 -1.312349355927013e-005
1.608909090909091e+000 -3.436811609307893e-008
1.609090909090909e+000 -1.043881638219711e-005
1.609272727272727e+000 -3.360699843763210e-005
1.609454545454546e+000 -4.826765265325786e-005
1.609636363636364e+000 -4.206625567589312e-005
1.609818181818182e+000 -2.109909740609260e-005
1.610000000000000e+000 -3.061985062895532e-006
1.610181818181818e+000 -1.961186760016051e-006
1.610363636363636e+000 -1.764512881756274e-005
1.610545454545455e+000 -3.740577618423342e-005
1.610727272727273e+000 -4.659954333859092e-005
1.610909090909091e+000 -3.923327388370466e-005
1.611090909090909e+000 -2.112983146262219e-005
1.611272727272727e+000 -4.728527457397238e-006
1.611454545454546e+000 -3.083750783078638e-007
1.611636363636364e+000 -9.818009337859687e-006
1.611818181818182e+000 -2.667675760772229e-005
1.612000000000000e+000 -4.063875735291954e-005
1.612181818181818e+000 -4.402373128903930e-005
1.612363636363636e+000 -3.558810882976430e-005
1.612545454545455e+000 -2.037005515332750e-005
1.612727272727273e+000 -6.327940934680448e-006
1.612909090909091e+000 -6.583646596981784e-008
1.613090909090909e+000 -3.900612103399604e-006
1.613272727272727e+000 -1.539009749992377e-005
1.613454545454546e+000 -2.905367501983065e-005
1.613636363636364e+000 -3.909675219979486e-005
1.613818181818182e+000 -4.178934046686874e-005
1.614000000000000e+000 -3.660670760897638e-005
1.614181818181818e+000 -2.594740650993827e-005
1.614363636363636e+000 -1.383829672186922e-005
1.614545454545455e+000 -4.313576684168465e-006
1.614727272727273e+000 -1.015558927655122e-007
1.614909090909091e+000 -1.987037046857092e-006
1.615090909090909e+000 -8.898377904605980e-006
1.615272727272727e+000 -1.852355535804994e-005
1.615454545454546e+000 -2.814824627099983e-005
1.615636363636364e+000 -3.542546850162442e-005
1.615818181818182e+000 -3.888497148283364e-005
1.616000000000000e+000 -3.811502627857830e-005
1.616181818181818e+000 -3.365463483069906e-005
1.616363636363636e+000 -2.669685970672226e-005
1.616545454545455e+000 -1.872098700256036e-005
1.616727272727273e+000 -1.115343217865692e-005
1.616909090909091e+000 -5.121083273124040e-006
1.617090909090909e+000 -1.321451103156010e-006
1.617272727272727e+000 -2.072283312960627e-009
1.617454545454546e+000 -1.021901791915275e-006
1.617636363636364e+000 -3.960035511820278e-006
1.617818181818182e+000 -8.239233023029832e-006
1.618000000000000e+000 -1.323947506991853e-005
1.618181818181818e+000 -1.838656104280198e-005
1.618363636363636e+000 -2.320985736790165e-005
1.618545454545455e+000 -2.737025470127646e-005
1.618727272727273e+000 -3.066369113623852e-005
1.618909090909091e+000 -3.300747568140043e-005
1.619090909090909e+000 -3.441668606536525e-005
1.619272727272727e+000 -3.497681245731077e-005
1.619454545454545e+000 -3.481719242772149e-005
1.619636363636364e+000 -3.408809207183878e-005
1.619818181818182e+000 -3.294282245531934e-005
1.620000000000000e+000 -3.152517003663214e-005
1.620181818181818e+000 -2.996168720168316e-005
1.620363636363636e+000 -2.835799127511157e-005
1.620545454545455e+000 -2.679807604117629e-005
1.620727272727273e+000 -2.534567025966132e-005
1.620909090909091e+000 -2.404680753826905e-005
1.621090909090909e+000 -2.293294152125134e-005
1.621272727272727e+000 -2.202411826154195e-005
1.621454545454546e+000 -2.133187098520931e-005
1.621636363636364e+000 -2.086162847656632e-005
1.621818181818182e+000 -2.061452034087909e-005
1.622000000000000e+000 -2.058852605710765e-005
1.622181818181818e+000 -2.077895490463722e-005
1.622363636363636e+000 -2.117827087445017e-005
1.622545454545455e+000 -2.177529641710180e-005
1.622727272727273e+000 -2.255385066098914e-005
1.622909090909091e+000 -2.349091038431599e-005
1.623090909090909e+000 -2.455442742253956e-005
1.623272727272727e+000 -2.570100594110595e-005
1.623454545454545e+000 -2.687372847959652e-005
1.623636363636364e+000 -2.800052799059285e-005
1.623818181818182e+000 -2.899361580721421e-005
1.624000000000000e+000 -2.975057781113266e-005
1.624181818181818e+000 -3.015781333273792e-005
1.624363636363636e+000 -3.009697109300630e-005
1.624545454545455e+000 -2.945488854869185e-005
1.624727272727273e+000 -2.813720926140102e-005
1.624909090909091e+000 -2.608529891339945e-005
1.625090909090909e+000 -2.329528545137097e-005
1.625272727272727e+000 -1.983704723309819e-005
1.625454545454545e+000 -1.586987256084527e-005
1.625636363636364e+000 -1.165052231521988e-005
1.625818181818182e+000 -7.528850570017118e-006
1.626000000000000e+000 -3.926373438638060e-006
1.626181818181818e+000 -1.294633888837638e-006
1.626363636363636e+000 -5.321284693126385e-008
1.626545454545455e+000 -5.118428978421745e-007
1.626727272727273e+000 -2.786902504892653e-006
1.626909090909091e+000 -6.728599918822289e-006
1.627090909090909e+000 -1.187972625416901e-005
1.627272727272727e+000 -1.748777925460815e-005
1.627454545454545e+000 -2.258729964921176e-005
1.627636363636364e+000 -2.615691461041980e-005
1.627818181818182e+000 -2.733610043161717e-005
1.628000000000000e+000 -2.566301834259332e-005
1.628181818181818e+000 -2.127309579318515e-005
1.628363636363636e+000 -1.498704431036275e-005
1.628545454545455e+000 -8.225950856152982e-006
1.628727272727273e+000 -2.726045963341001e-006
1.628909090909091e+000 -8.530470264896426e-008
1.629090909090909e+000 -1.245652494901796e-006
1.629272727272727e+000 -6.074219185139959e-006
1.629454545454545e+000 -1.322432833321733e-005
1.629636363636364e+000 -2.040587894174558e-005
1.629818181818182e+000 -2.506932389292007e-005
1.630000000000000e+000 -2.533430189835166e-005
1.630181818181818e+000 -2.083552423431327e-005
1.630363636363636e+000 -1.309760208902352e-005
1.630545454545455e+000 -5.155696388014781e-006
1.630727272727273e+000 -4.197445492963330e-007
1.630909090909091e+000 -1.154059801108418e-006
1.631090909090909e+000 -7.242251787439563e-006
1.631272727272727e+000 -1.593571885670089e-005
1.631454545454545e+000 -2.293102907524367e-005
1.631636363636364e+000 -2.446423062157648e-005
1.631818181818182e+000 -1.944460295838127e-005
1.632000000000000e+000 -1.038880034588047e-005
1.632181818181818e+000 -2.357179419587614e-006
1.632363636363636e+000 -1.702895761847304e-007
1.632545454545455e+000 -5.365456143933177e-006
1.632727272727273e+000 -1.485304016223020e-005
1.632909090909091e+000 -2.248951044505324e-005
1.633090909090909e+000 -2.297952280438893e-005
1.633272727272727e+000 -1.570155787383276e-005
1.633454545454546e+000 -5.616377233668451e-006
1.633636363636364e+000 -8.831609198545395e-008
1.633818181818182e+000 -3.442783013291705e-006
1.634000000000000e+000 -1.326686743306134e-005
1.634181818181818e+000 -2.176764194460294e-005
1.634363636363636e+000 -2.180590413641931e-005
1.634545454545455e+000 -1.306953821597828e-005
1.634727272727273e+000 -2.920808216745338e-006
1.634909090909091e+000 -3.872855272489771e-007
1.635090909090909e+000 -7.948461337994984e-006
1.635272727272727e+000 -1.867006460454815e-005
1.635454545454545e+000 -2.220960853602387e-005
1.635636363636364e+000 -1.484135246807520e-005
1.635818181818182e+000 -3.738340316044841e-006
1.636000000000000e+000 -2.924755424701712e-007
1.636181818181818e+000 -8.277012411714899e-006
1.636363636363636e+000 -1.920456514923309e-005
1.636545454545455e+000 -2.094315623354080e-005
1.636727272727273e+000 -1.128090097927324e-005
1.636909090909091e+000 -1.148497828818596e-006
1.637090909090909e+000 -2.484087646947003e-006
1.637272727272727e+000 -1.382349003784942e-005
1.637454545454546e+000 -2.128423984791061e-005
1.637636363636364e+000 -1.534024861818326e-005
1.637818181818182e+000 -3.347371241256828e-006
1.638000000000000e+000 -8.661801192139029e-007
1.638181818181818e+000 -1.129970680817778e-005
1.638363636363636e+000 -2.057134663424671e-005
1.638545454545455e+000 -1.573376679200927e-005
1.638727272727273e+000 -3.360597208076547e-006
1.638909090909091e+000 -1.096296926733398e-006
1.639090909090909e+000 -1.232895000947068e-005
1.639272727272727e+000 -2.040801837833947e-005
1.639454545454545e+000 -1.296197578388023e-005
1.639636363636364e+000 -1.236974498942311e-006
1.639818181818182e+000 -3.533620324228269e-006
1.640000000000000e+000 -1.627055318250684e-005
1.640181818181818e+000 -1.880684939008071e-005
1.640363636363636e+000 -6.780663353115135e-006
1.640545454545455e+000 -1.452947468847499e-007
1.640727272727273e+000 -1.018520197070627e-005
1.640909090909091e+000 -1.960587666766728e-005
1.641090909090909e+000 -1.177437050588341e-005
1.641272727272727e+000 -4.446451822484499e-007
1.641454545454546e+000 -6.030666879540542e-006
1.641636363636364e+000 -1.832001035239137e-005
1.641818181818182e+000 -1.437144869626562e-005
1.642000000000000e+000 -1.466124799167114e-006
1.642181818181818e+000 -4.224845371560780e-006
1.642363636363636e+000 -1.729930662512208e-005
1.642545454545455e+000 -1.488797218220648e-005
1.642727272727273e+000 -1.648937782296771e-006
1.642909090909091e+000 -4.266482042353649e-006
1.643090909090909e+000 -1.736207187611073e-005
1.643272727272727e+000 -1.367118745584148e-005
1.643454545454545e+000 -8.197032895930765e-007
1.643636363636364e+000 -6.102285258421532e-006
1.643818181818182e+000 -1.808867966717882e-005
1.644000000000000e+000 -1.051268622948466e-005
1.644181818181818e+000 -4.172568767910654e-009
1.644363636363636e+000 -1.000411747947715e-005
1.644545454545455e+000 -1.781077887566992e-005
1.644727272727273e+000 -5.442522119763492e-006
1.644909090909091e+000 -1.464988455547937e-006
1.645090909090909e+000 -1.512689377369312e-005
1.645272727272727e+000 -1.396118464102312e-005
1.645454545454545e+000 -6.723165444598977e-007
1.645636363636364e+000 -7.374689564697250e-006
1.645818181818182e+000 -1.755915572028603e-005
1.646000000000000e+000 -5.930975828171992e-006
1.646181818181818e+000 -1.502539317725623e-006
1.646363636363636e+000 -1.536294008067876e-005
1.646545454545455e+000 -1.202504600964632e-005
1.646727272727273e+000 -3.704721791514084e-008
1.646909090909091e+000 -1.052729832360617e-005
1.647090909090909e+000 -1.578303555363017e-005
1.647272727272727e+000 -1.789310592728248e-006
1.647454545454545e+000 -5.986793282684805e-006
1.647636363636364e+000 -1.687660409132062e-005
1.647818181818182e+000 -4.648029371962588e-006
1.648000000000000e+000 -2.952420801843145e-006
1.648181818181818e+000 -1.635596432456050e-005
1.648363636363636e+000 -7.168057606573942e-006
1.648545454545455e+000 -1.358930511744457e-006
1.648727272727273e+000 -1.535837828694454e-005
1.648909090909091e+000 -8.764329628584561e-006
1.649090909090909e+000 -6.997534622416559e-007
1.649272727272727e+000 -1.461195939727280e-005
1.649454545454545e+000 -9.342510235908755e-006
1.649636363636364e+000 -5.552684489525427e-007
1.649818181818182e+000 -1.442628411499100e-005
1.650000000000000e+000 -8.945019128920454e-006
