1.500000000000000e+000 -5.784427783243445e+001
1.500090909090909e+000 -5.734863409301600e+001
1.500181818181818e+000 -5.687955925810789e+001
1.500272727272727e+000 -5.643831809762996e+001
1.500363636363636e+000 -5.602619086004928e+001
1.500454545454546e+000 -5.564451114189605e+001
1.500545454545455e+000 -5.529470179995628e+001
1.500636363636364e+000 -5.497831062056678e+001
1.500727272727273e+000 -5.469704752443789e+001
1.500818181818182e+000 -5.445282525751782e+001
1.500909090909091e+000 -5.424780584072905e+001
1.501000000000000e+000 -5.408445557976808e+001
1.501090909090909e+000 -5.396561226791995e+001
1.501181818181818e+000 -5.389456947142883e+001
1.501272727272727e+000 -5.387518472701877e+001
1.501363636363637e+000 -5.391202145492226e+001
1.501454545454545e+000 -5.401053908511897e+001
1.501545454545455e+000 -5.417735343459977e+001
1.501636363636364e+000 -5.442060187109551e+001
1.501727272727273e+000 -5.475046920052544e+001
1.501818181818182e+000 -5.517996836234366e+001
1.501909090909091e+000 -5.572614121703059e+001
1.502000000000000e+000 -5.641198517908224e+001
1.502090909090909e+000 -5.726970752866458e+001
1.502181818181818e+000 -5.834658663584844e+001
1.502272727272727e+000 -5.971643835834900e+001
1.502363636363636e+000 -6.150468721577435e+001
1.502454545454546e+000 -6.395265628788001e+001
1.502545454545455e+000 -6.762999065736040e+001
1.502636363636364e+000 -7.459658059854453e+001
1.502727272727273e+000 -8.595561477207200e+001
1.502818181818182e+000 -7.070815237644131e+001
1.502909090909091e+000 -6.545656346307831e+001
1.503000000000000e+000 -6.223860906741232e+001
1.503090909090909e+000 -5.995548136839869e+001
1.503181818181818e+000 -5.822877587448720e+001
1.503272727272727e+000 -5.688435036934482e+001
1.503363636363637e+000 -5.582925515182711e+001
1.503454545454545e+000 -5.500972352180561e+001
1.503545454545455e+000 -5.439368530010317e+001
1.503636363636364e+000 -5.396257268689898e+001
1.503727272727273e+000 -5.370727623981288e+001
1.503818181818182e+000 -5.362626773524181e+001
1.503909090909091e+000 -5.372511078530131e+001
1.504000000000000e+000 -5.401716908591161e+001
1.504090909090909e+000 -5.452577735040875e+001
1.504181818181818e+000 -5.528878286310955e+001
1.504272727272727e+000 -5.636774478214898e+001
1.504363636363636e+000 -5.786780850968497e+001
1.504454545454546e+000 -5.998658314000340e+001
1.504545454545455e+000 -6.316327488191885e+001
1.504636363636364e+000 -6.875910886329056e+001
1.504727272727273e+000 -9.409716029789617e+001
1.504818181818182e+000 -6.959597820898351e+001
1.504909090909091e+000 -6.337173655826327e+001
1.505000000000000e+000 -5.990724661565693e+001
1.505090909090909e+000 -5.760278960564094e+001
1.505181818181818e+000 -5.597818333805540e+001
1.505272727272727e+000 -5.482884883423379e+001
1.505363636363637e+000 -5.405395124565614e+001
1.505454545454545e+000 -5.360265644878042e+001
1.505545454545455e+000 -5.345386398506673e+001
1.505636363636364e+000 -5.360885414604472e+001
1.505727272727273e+000 -5.409112526331860e+001
1.505818181818182e+000 -5.495328548085724e+001
1.505909090909091e+000 -5.629625952555259e+001
1.506000000000000e+000 -5.831982454585386e+001
1.506090909090909e+000 -6.148137626867597e+001
1.506181818181818e+000 -6.724558428806213e+001
1.506272727272727e+000 -1.000000000000000e+002
1.506363636363636e+000 -6.721324122049956e+001
1.506454545454546e+000 -6.130252776522967e+001
1.506545454545455e+000 -5.803826740131711e+001
1.506636363636364e+000 -5.594499197496483e+001
1.506727272727273e+000 -5.457258621675531e+001
1.506818181818182e+000 -5.373419379211475e+001
1.506909090909091e+000 -5.334740282569663e+001
1.507000000000000e+000 -5.338661283896884e+001
1.507090909090909e+000 -5.387026999311168e+001
1.507181818181818e+000 -5.486817282179806e+001
1.507272727272727e+000 -5.653691217075120e+001
1.507363636363637e+000 -5.923407315977917e+001
1.507454545454545e+000 -6.399632540205670e+001
1.507545454545455e+000 -7.769587127587181e+001
1.507636363636364e+000 -6.832421448125790e+001
1.507727272727273e+000 -6.109520319597320e+001
1.507818181818182e+000 -5.749546281440634e+001
1.507909090909091e+000 -5.532288004062902e+001
1.508000000000000e+000 -5.400557825034534e+001
1.508090909090909e+000 -5.332765791160214e+001
1.508181818181818e+000 -5.320951510684711e+001
1.508272727272727e+000 -5.365204074120472e+001
1.508363636363636e+000 -5.473567769526964e+001
1.508454545454546e+000 -5.667275614307260e+001
1.508545454545455e+000 -6.001296931862098e+001
1.508636363636364e+000 -6.679255732041688e+001
1.508727272727273e+000 -7.835501681426122e+001
1.508818181818182e+000 -6.313832244442926e+001
1.508909090909091e+000 -5.820952815954176e+001
1.509000000000000e+000 -5.550740735546675e+001
1.509090909090909e+000 -5.395054596865052e+001
1.509181818181818e+000 -5.319590762582604e+001
1.509272727272727e+000 -5.312811688286802e+001
1.509363636363637e+000 -5.375470839102442e+001
1.509454545454545e+000 -5.520979514651443e+001
1.509545454545455e+000 -5.787369594445330e+001
1.509636363636364e+000 -6.296696435169225e+001
1.509727272727273e+000 -8.196466741136543e+001
1.509818181818182e+000 -6.497497088767683e+001
1.509909090909091e+000 -5.866620400425310e+001
1.510000000000000e+000 -5.552931960377968e+001
1.510090909090909e+000 -5.381347509018896e+001
1.510181818181818e+000 -5.304878833477859e+001
1.510272727272727e+000 -5.309393304295127e+001
1.510363636363636e+000 -5.397870783399249e+001
1.510454545454546e+000 -5.592955263997182e+001
1.510545454545455e+000 -5.965049305074162e+001
1.510636363636364e+000 -6.841338254823721e+001
1.510727272727273e+000 -6.976882597498347e+001
1.510818181818182e+000 -5.996873381881699e+001
1.510909090909091e+000 -5.598029110568748e+001
1.511000000000000e+000 -5.390174067787838e+001
1.511090909090909e+000 -5.297838035728180e+001
1.511181818181818e+000 -5.299783127365048e+001
1.511272727272727e+000 -5.398737006191920e+001
1.511363636363637e+000 -5.624157867014042e+001
1.511454545454545e+000 -6.078359574671954e+001
1.511545454545455e+000 -7.488109441978989e+001
1.511636363636364e+000 -6.473724511675576e+001
1.511727272727273e+000 -5.785049557187868e+001
1.511818181818182e+000 -5.469518024463012e+001
1.511909090909091e+000 -5.317275094672065e+001
1.512000000000000e+000 -5.279032281883185e+001
1.512090909090909e+000 -5.346937766123281e+001
1.512181818181818e+000 -5.543105436486204e+001
1.512272727272727e+000 -5.954400722680647e+001
1.512363636363636e+000 -7.104379510403105e+001
1.512454545454546e+000 -6.544128658762914e+001
1.512545454545455e+000 -5.779739896914938e+001
1.512636363636364e+000 -5.449731619020066e+001
1.512727272727273e+000 -5.299182676051171e+001
1.512818181818182e+000 -5.273995049686823e+001
1.512909090909091e+000 -5.369172283430821e+001
1.513000000000000e+000 -5.620140578269984e+001
1.513090909090909e+000 -6.177365433833767e+001
1.513181818181818e+000 -8.890093380067292e+001
1.513272727272727e+000 -6.102306951408544e+001
1.513363636363637e+000 -5.579026844370271e+001
1.513454545454545e+000 -5.341967207664192e+001
1.513545454545455e+000 -5.261734140471446e+001
1.513636363636364e+000 -5.312427317725291e+001
1.513727272727273e+000 -5.514818447478698e+001
1.513818181818182e+000 -5.978136658559287e+001
1.513909090909091e+000 -7.691204951739512e+001
1.514000000000000e+000 -6.228530927417786e+001
1.514090909090909e+000 -5.608970320776480e+001
1.514181818181818e+000 -5.343092618156925e+001
1.514272727272727e+000 -5.253836196826170e+001
1.514363636363636e+000 -5.308323527565097e+001
1.514454545454546e+000 -5.531032015289785e+001
1.514545454545455e+000 -6.061690884681509e+001
1.514636363636364e+000 -9.838438970997962e+001
1.514727272727273e+000 -6.034935245789763e+001
1.514818181818182e+000 -5.511536966555485e+001
1.514909090909091e+000 -5.292917709633270e+001
1.515000000000000e+000 -5.248378265716265e+001
1.515090909090909e+000 -5.362370080341390e+001
1.515181818181818e+000 -5.692790051326568e+001
1.515272727272727e+000 -6.588022796352536e+001
1.515363636363637e+000 -6.592489587707969e+001
1.515454545454545e+000 -5.686138030652509e+001
1.515545454545455e+000 -5.351512180679503e+001
1.515636363636364e+000 -5.239450538849786e+001
1.515727272727273e+000 -5.297143507125696e+001
1.515818181818182e+000 -5.555407367743673e+001
1.515909090909091e+000 -6.227347016340291e+001
1.516000000000000e+000 -7.096504789534225e+001
1.516090909090909e+000 -5.779971869632526e+001
1.516181818181818e+000 -5.377038633291019e+001
1.516272727272727e+000 -5.236020311299944e+001
1.516363636363636e+000 -5.279210867131157e+001
1.516454545454546e+000 -5.532198625361334e+001
1.516545454545455e+000 -6.213784950290557e+001
1.516636363636364e+000 -6.998359179084085e+001
1.516727272727273e+000 -5.734571640590535e+001
1.516818181818182e+000 -5.346798902492772e+001
1.516909090909091e+000 -5.224295353045710e+001
1.517000000000000e+000 -5.297317285364439e+001
1.517090909090909e+000 -5.611304101545925e+001
1.517181818181818e+000 -6.536878528630935e+001
1.517272727272727e+000 -6.427237379728146e+001
1.517363636363637e+000 -5.573224913492692e+001
1.517454545454545e+000 -5.276622954367801e+001
1.517545454545455e+000 -5.221017759520524e+001
1.517636363636364e+000 -5.377349099677746e+001
1.517727272727273e+000 -5.862098480367778e+001
1.517818181818182e+000 -9.428993651443734e+001
1.517909090909091e+000 -5.881927728047580e+001
1.518000000000000e+000 -5.377096825272333e+001
1.518090909090909e+000 -5.214227629681044e+001
1.518181818181818e+000 -5.274854030162136e+001
1.518272727272727e+000 -5.602685449788005e+001
1.518363636363636e+000 -6.663748670324264e+001
1.518454545454546e+000 -6.226681143880433e+001
1.518545454545455e+000 -5.478257779111489e+001
1.518636363636364e+000 -5.229762536364292e+001
1.518727272727273e+000 -5.231311047185343e+001
1.518818181818182e+000 -5.488315671572123e+001
1.518909090909091e+000 -6.290762171171397e+001
1.519000000000000e+000 -6.498441277666446e+001
1.519090909090909e+000 -5.537338329181966e+001
1.519181818181818e+000 -5.238547338808787e+001
1.519272727272727e+000 -5.214762949271673e+001
1.519363636363637e+000 -5.453319349040692e+001
1.519454545454545e+000 -6.222692390855465e+001
1.519545454545455e+000 -6.525598554261296e+001
1.519636363636364e+000 -5.526638274570919e+001
1.519727272727273e+000 -5.227278675486590e+001
1.519818181818182e+000 -5.214389365360099e+001
1.519909090909091e+000 -5.482781642963430e+001
1.520000000000000e+000 -6.387714841079340e+001
1.520090909090909e+000 -6.280827781076950e+001
1.520181818181818e+000 -5.448057071598817e+001
1.520272727272727e+000 -5.199848531167002e+001
1.520363636363636e+000 -5.236980449655061e+001
1.520454545454546e+000 -5.595479783285050e+001
1.520545454545455e+000 -7.040676231143431e+001
1.520636363636364e+000 -5.926980461986818e+001
1.520727272727273e+000 -5.331855321170210e+001
1.520818181818182e+000 -5.176699309784607e+001
1.520909090909091e+000 -5.308886919728220e+001
1.521000000000000e+000 -5.866010694294309e+001
1.521090909090909e+000 -7.201096011155273e+001
1.521181818181818e+000 -5.592513485728057e+001
1.521272727272727e+000 -5.221418495338945e+001
1.521363636363637e+000 -5.193802949448259e+001
1.521454545454545e+000 -5.489280625197426e+001
1.521545454545455e+000 -6.626031453240195e+001
1.521636363636364e+000 -6.005848592434904e+001
1.521727272727273e+000 -5.332315883864046e+001
1.521818181818182e+000 -5.164374701135060e+001
1.521909090909091e+000 -5.310603897327000e+001
1.522000000000000e+000 -5.945665228303947e+001
1.522090909090909e+000 -6.698289629784533e+001
1.522181818181818e+000 -5.481378009165378e+001
1.522272727272727e+000 -5.178893696064960e+001
1.522363636363636e+000 -5.221741045918293e+001
1.522454545454546e+000 -5.661455990991453e+001
1.522545454545455e+000 -9.523270974315115e+001
1.522636363636364e+000 -5.639828375450239e+001
1.522727272727273e+000 -5.209865477372328e+001
1.522818181818182e+000 -5.178775463205705e+001
1.522909090909091e+000 -5.518084180629268e+001
1.523000000000000e+000 -7.120379345193959e+001
1.523090909090909e+000 -5.772372445737209e+001
1.523181818181818e+000 -5.236836834848772e+001
1.523272727272727e+000 -5.158744422106839e+001
1.523363636363637e+000 -5.449905031385919e+001
1.523454545454545e+000 -6.742969179057380e+001
1.523545454545455e+000 -5.840246906632942e+001
1.523636363636364e+000 -5.245823756286323e+001
1.523727272727273e+000 -5.149764474455321e+001
1.523818181818182e+000 -5.433565704570178e+001
1.523909090909091e+000 -6.730020750149824e+001
1.524000000000000e+000 -5.818115914168811e+001
1.524090909090909e+000 -5.231018118950446e+001
1.524181818181818e+000 -5.148434175393077e+001
1.524272727272727e+000 -5.465362295488794e+001
1.524363636363636e+000 -7.069903344475345e+001
1.524454545454546e+000 -5.712014918742809e+001
1.524545454545455e+000 -5.195972011435845e+001
1.524636363636364e+000 -5.159348761608786e+001
1.524727272727273e+000 -5.558594548551414e+001
1.524818181818182e+000 -1.000000000000000e+002
1.524909090909091e+000 -5.554597208974943e+001
1.525000000000000e+000 -5.152803769750108e+001
1.525090909090909e+000 -5.195727709654705e+001
1.525181818181818e+000 -5.754108804435681e+001
1.525272727272727e+000 -6.709655859134519e+001
1.525363636363637e+000 -5.384538585424686e+001
1.525454545454545e+000 -5.120348483832514e+001
1.525545454545455e+000 -5.282520553873174e+001
1.525636363636364e+000 -6.177450939616767e+001
1.525727272727273e+000 -5.982763326095904e+001
1.525818181818182e+000 -5.234413201621120e+001
1.525909090909091e+000 -5.123816505113337e+001
1.526000000000000e+000 -5.468271115711895e+001
1.526090909090909e+000 -7.907307534730917e+001
1.526181818181818e+000 -5.548493850571448e+001
1.526272727272727e+000 -5.131549232878894e+001
1.526363636363636e+000 -5.199520523480730e+001
1.526454545454546e+000 -5.879999897835815e+001
1.526545454545455e+000 -6.241602604398152e+001
1.526636363636364e+000 -5.269305330566556e+001
1.526727272727273e+000 -5.105541088743614e+001
1.526818181818182e+000 -5.414955787386696e+001
1.526909090909091e+000 -7.463764547435963e+001
1.527000000000000e+000 -5.544987127665166e+001
1.527090909090909e+000 -5.118018805590047e+001
1.527181818181818e+000 -5.203054432642593e+001
1.527272727272727e+000 -5.977250477072263e+001
1.527363636363637e+000 -6.035319709590524e+001
1.527454545454545e+000 -5.209402184275523e+001
1.527545454545455e+000 -5.109527772396623e+001
1.527636363636364e+000 -5.536939764863495e+001
1.527727272727273e+000 -7.246106455464506e+001
1.527818181818182e+000 -5.367661189652625e+001
1.527909090909091e+000 -5.085880138049424e+001
1.528000000000000e+000 -5.313790403107536e+001
1.528090909090909e+000 -6.773810223561371e+001
1.528181818181818e+000 -5.589796106513947e+001
1.528272727272727e+000 -5.106465817117269e+001
1.528363636363636e+000 -5.190160898494214e+001
1.528454545454546e+000 -6.043138604541453e+001
1.528545454545455e+000 -5.880965643403798e+001
1.528636363636364e+000 -5.153880733358869e+001
1.528727272727273e+000 -5.121935240628922e+001
1.528818181818182e+000 -5.722529008575214e+001
1.528909090909091e+000 -6.257405448001342e+001
1.529000000000000e+000 -5.213926760333566e+001
1.529090909090909e+000 -5.086096190199866e+001
1.529181818181818e+000 -5.543920529086504e+001
1.529272727272727e+000 -6.755720802578705e+001
1.529363636363637e+000 -5.273673937630429e+001
1.529454545454545e+000 -5.068441677186839e+001
1.529545454545455e+000 -5.439416346368594e+001
1.529636363636364e+000 -7.459843042439493e+001
1.529727272727273e+000 -5.321197261887382e+001
1.529818181818182e+000 -5.059667915028177e+001
1.529909090909091e+000 -5.381701941809310e+001
1.530000000000000e+000 -8.576645634553073e+001
1.530090909090909e+000 -5.346631567588161e+001
1.530181818181818e+000 -5.054032656718871e+001
1.530272727272727e+000 -5.358568472878146e+001
1.530363636363636e+000 -9.518252951412329e+001
1.530454545454546e+000 -5.344026294795867e+001
1.530545454545455e+000 -5.048957482330552e+001
1.530636363636364e+000 -5.366100584913446e+001
1.530727272727273e+000 -8.132478912561763e+001
1.530818181818182e+000 -5.312899711827813e+001
1.530909090909091e+000 -5.044945595867933e+001
1.531000000000000e+000 -5.406992167113711e+001
1.531090909090909e+000 -7.175782163859729e+001
1.531181818181818e+000 -5.258372679579794e+001
1.531272727272727e+000 -5.045584300811836e+001
1.531363636363637e+000 -5.491666944112886e+001
1.531454545454545e+000 -6.543881483483614e+001
1.531545454545455e+000 -5.189775670003448e+001
1.531636363636364e+000 -5.057674878501521e+001
1.531727272727273e+000 -5.643710970561440e+001
1.531818181818182e+000 -6.081759985909566e+001
1.531909090909091e+000 -5.118746304693210e+001
1.532000000000000e+000 -5.091820324270897e+001
1.532090909090909e+000 -5.919465736407472e+001
1.532181818181818e+000 -5.726124278259823e+001
1.532272727272727e+000 -5.057982043964837e+001
1.532363636363636e+000 -5.164292434861589e+001
1.532454545454546e+000 -6.513829964516239e+001
1.532545454545455e+000 -5.448703469847057e+001
1.532636363636364e+000 -5.021246515972270e+001
1.532727272727273e+000 -5.302502509319015e+001
1.532818181818182e+000 -7.826332728278993e+001
1.532909090909091e+000 -5.237407972911753e+001
1.533000000000000e+000 -5.024931181991679e+001
1.533090909090909e+000 -5.563280303776764e+001
1.533181818181818e+000 -6.088786357966737e+001
1.533272727272727e+000 -5.089725023886376e+001
1.533363636363637e+000 -5.092215898446565e+001
1.533454545454545e+000 -6.125903040356445e+001
1.533545454545455e+000 -5.526091194921308e+001
1.533636363636364e+000 -5.011055116011269e+001
1.533727272727273e+000 -5.264544821092567e+001
1.533818181818182e+000 -7.930388350254282e+001
1.533909090909091e+000 -5.209727807171276e+001
1.534000000000000e+000 -5.016816134860358e+001
1.534090909090909e+000 -5.646279172832887e+001
1.534181818181818e+000 -5.852883951330752e+001
1.534272727272727e+000 -5.037259171368918e+001
1.534363636363636e+000 -5.141919686946704e+001
1.534454545454546e+000 -6.834204197173777e+001
1.534545454545455e+000 -5.310564346166845e+001
1.534636363636364e+000 -4.991775386569391e+001
1.534727272727273e+000 -5.479993440544975e+001
1.534818181818182e+000 -6.081986479610302e+001
1.534909090909091e+000 -5.053091984503833e+001
1.535000000000000e+000 -5.098662835514757e+001
1.535090909090909e+000 -6.523479100308069e+001
1.535181818181818e+000 -5.334072785950662e+001
1.535272727272727e+000 -4.980858572032149e+001
1.535363636363637e+000 -5.463342019051321e+001
1.535454545454545e+000 -6.045258668320660e+001
1.535545454545455e+000 -5.034977921847517e+001
1.535636363636364e+000 -5.108498687479668e+001
1.535727272727273e+000 -6.842302277224766e+001
1.535818181818182e+000 -5.261700048495541e+001
1.535909090909091e+000 -4.978407175898663e+001
1.536000000000000e+000 -5.590633655671464e+001
1.536090909090909e+000 -5.765751053314764e+001
1.536181818181818e+000 -4.990276092167041e+001
1.536272727272727e+000 -5.186559070133512e+001
1.536363636363636e+000 -7.724681677062691e+001
1.536454545454546e+000 -5.128129813914373e+001
1.536545454545455e+000 -5.007891452565860e+001
1.536636363636364e+000 -5.995791725968388e+001
1.536727272727273e+000 -5.419515557079765e+001
1.536818181818182e+000 -4.955379394670699e+001
1.536909090909091e+000 -5.404198003902170e+001
1.537000000000000e+000 -6.001510660073923e+001
1.537090909090909e+000 -4.997408419548293e+001
1.537181818181818e+000 -5.129625970269687e+001
1.537272727272727e+000 -1.000000000000000e+002
1.537363636363637e+000 -5.126986212604476e+001
1.537454545454545e+000 -4.993389728765931e+001
1.537545454545455e+000 -6.040101791506061e+001
1.537636363636364e+000 -5.357079910446281e+001
1.537727272727273e+000 -4.942330446831461e+001
1.537818181818182e+000 -5.497837340430921e+001
1.537909090909091e+000 -5.739151864511193e+001
1.538000000000000e+000 -4.953566316568756e+001
1.538090909090909e+000 -5.222528384831983e+001
1.538181818181818e+000 -6.489245370590652e+001
1.538272727272727e+000 -5.015951519433541e+001
1.538363636363636e+000 -5.064462380748544e+001
1.538454545454546e+000 -7.453575165462651e+001
1.538545454545455e+000 -5.124615348388014e+001
1.538636363636364e+000 -4.974813479170557e+001
1.538727272727273e+000 -6.111243316431532e+001
1.538818181818182e+000 -5.279424154253979e+001
1.538909090909091e+000 -4.930427699874596e+001
1.539000000000000e+000 -5.657452596527013e+001
1.539090909090909e+000 -5.485570703299356e+001
1.539181818181818e+000 -4.917750716884746e+001
1.539272727272727e+000 -5.402768073010267e+001
1.539363636363637e+000 -5.756963385061067e+001
1.539454545454545e+000 -4.927561471888973e+001
1.539545454545455e+000 -5.240623003939910e+001
1.539636363636364e+000 -6.127215583738224e+001
1.539727272727273e+000 -4.952789661799456e+001
1.539818181818182e+000 -5.132110421191504e+001
1.539909090909091e+000 -6.695013571260466e+001
1.540000000000000e+000 -4.987472523445451e+001
1.540090909090909e+000 -5.058030655539432e+001
1.540181818181818e+000 -8.082249445964101e+001
1.540272727272727e+000 -5.026235089822787e+001
1.540363636363636e+000 -5.007216281294458e+001
1.540454545454546e+000 -7.377731601041947e+001
1.540545454545455e+000 -5.064080055129590e+001
1.540636363636364e+000 -4.972526149723969e+001
1.540727272727273e+000 -6.723316629865893e+001
1.540818181818182e+000 -5.096412387676473e+001
1.540909090909091e+000 -4.949194792606640e+001
1.541000000000000e+000 -6.445794091389880e+001
1.541090909090909e+000 -5.119258237269833e+001
1.541181818181818e+000 -4.934080922433205e+001
1.541272727272727e+000 -6.315164106948606e+001
1.541363636363637e+000 -5.129613749333751e+001
1.541454545454545e+000 -4.925311625559347e+001
1.541545454545455e+000 -6.278021493813738e+001
1.541636363636364e+000 -5.125810265117751e+001
1.541727272727273e+000 -4.922119303384240e+001
1.541818181818182e+000 -6.323596645742006e+001
1.541909090909091e+000 -5.107755136764963e+001
1.542000000000000e+000 -4.924784212861479e+001
1.542090909090909e+000 -6.468899699213270e+001
1.542181818181818e+000 -5.076944349318818e+001
1.542272727272727e+000 -4.934652491769184e+001
1.542363636363636e+000 -6.783689259690195e+001
1.542454545454546e+000 -5.036240896386427e+001
1.542545454545455e+000 -4.954240051108558e+001
1.542636363636364e+000 -7.617000806600612e+001
1.542727272727273e+000 -4.989514342502068e+001
1.542818181818182e+000 -4.987478494681359e+001
1.542909090909091e+000 -7.545119300792743e+001
1.543000000000000e+000 -4.941281632749762e+001
1.543090909090909e+000 -5.040238552464588e+001
1.543181818181818e+000 -6.494968405374623e+001
1.543272727272727e+000 -4.896467064540158e+001
1.543363636363637e+000 -5.121451738686523e+001
1.543454545454545e+000 -5.974956686724195e+001
1.543545454545455e+000 -4.860349621360779e+001
1.543636363636364e+000 -5.245684668577988e+001
1.543727272727273e+000 -5.620570947213779e+001
1.543818181818182e+000 -4.838736445613206e+001
1.543909090909091e+000 -5.439921791230933e+001
1.544000000000000e+000 -5.355217131376416e+001
1.544090909090909e+000 -4.838425378167061e+001
1.544181818181818e+000 -5.766501731727490e+001
1.544272727272727e+000 -5.151043460251736e+001
1.544363636363636e+000 -4.868136293878633e+001
1.544454545454546e+000 -6.454435584622178e+001
1.544545454545455e+000 -4.996388769295569e+001
1.544636363636364e+000 -4.940426879477332e+001
1.544727272727273e+000 -7.289466776575863e+001
1.544818181818182e+000 -4.887218100051575e+001
1.544909090909091e+000 -5.076180962251546e+001
1.545000000000000e+000 -5.904957499694665e+001
1.545090909090909e+000 -4.824470895370621e+001
1.545181818181818e+000 -5.317671540659662e+001
1.545272727272727e+000 -5.389716349754103e+001
1.545363636363637e+000 -4.813839930769127e+001
1.545454545454545e+000 -5.784099902439856e+001
1.545545454545455e+000 -5.087684398164983e+001
1.545636363636364e+000 -4.867724647249378e+001
1.545727272727273e+000 -7.409309143867699e+001
1.545818181818182e+000 -4.902817521562167e+001
1.545909090909091e+000 -5.011712820308384e+001
1.546000000000000e+000 -6.010031937828864e+001
1.546090909090909e+000 -4.808070646722534e+001
1.546181818181818e+000 -5.307335680916849e+001
1.546272727272727e+000 -5.329645529384336e+001
1.546363636363636e+000 -4.800919565469377e+001
1.546454545454546e+000 -5.982723964772315e+001
1.546545454545455e+000 -4.994889656577742e+001
1.546636363636364e+000 -4.898134530300216e+001
1.546727272727273e+000 -6.837473585869194e+001
1.546818181818182e+000 -4.823754796826353e+001
1.546909090909091e+000 -5.152151833272735e+001
1.547000000000000e+000 -5.478974798193404e+001
1.547090909090909e+000 -4.778315948552923e+001
1.547181818181818e+000 -5.757120093296845e+001
1.547272727272727e+000 -5.021462174946507e+001
1.547363636363637e+000 -4.866202648562015e+001
1.547454545454545e+000 -7.066573782466557e+001
1.547545454545455e+000 -4.811454763212168e+001
1.547636363636364e+000 -5.148446239992414e+001
1.547727272727273e+000 -5.419654787685484e+001
1.547818181818182e+000 -4.767447720393886e+001
1.547909090909091e+000 -5.912841661922619e+001
1.548000000000000e+000 -4.953076510745720e+001
1.548090909090909e+000 -4.896825714032936e+001
1.548181818181818e+000 -6.245100770137556e+001
1.548272727272727e+000 -4.768828922826450e+001
1.548363636363636e+000 -5.306011051729566e+001
1.548454545454546e+000 -5.187080469687086e+001
1.548545454545455e+000 -4.783712339419544e+001
1.548636363636364e+000 -6.986708897147959e+001
1.548727272727273e+000 -4.829154551219724e+001
1.548818181818182e+000 -5.037354202069187e+001
1.548909090909091e+000 -5.513396678806050e+001
1.549000000000000e+000 -4.740829136571121e+001
1.549090909090909e+000 -5.851368034708531e+001
1.549181818181818e+000 -4.920019178276309e+001
1.549272727272727e+000 -4.896430849373952e+001
1.549363636363637e+000 -5.946817109001817e+001
1.549454545454545e+000 -4.733253572836161e+001
1.549545454545455e+000 -5.479858570340181e+001
1.549636363636364e+000 -5.015884890627565e+001
1.549727272727273e+000 -4.819865356607848e+001
1.549818181818182e+000 -6.516320172494312e+001
1.549909090909091e+000 -4.738570848939994e+001
1.550000000000000e+000 -5.302345129945164e+001
1.550090909090909e+000 -5.091320165944758e+001
1.550181818181818e+000 -4.778966722451741e+001
1.550272727272727e+000 -7.209895791718648e+001
1.550363636363636e+000 -4.741710374934488e+001
1.550454545454546e+000 -5.223706506543270e+001
1.550545454545455e+000 -5.123856934461873e+001
1.550636363636364e+000 -4.759705831844916e+001
1.550727272727273e+000 -7.557324864019829e+001
1.550818181818182e+000 -4.734270367556679e+001
1.550909090909091e+000 -5.216240879010175e+001
1.551000000000000e+000 -5.101311823310336e+001
1.551090909090909e+000 -4.757420634054115e+001
1.551181818181818e+000 -7.004896803688996e+001
1.551272727272727e+000 -4.715013511205013e+001
1.551363636363637e+000 -5.280640871863537e+001
1.551454545454545e+000 -5.027587136259487e+001
1.551545454545455e+000 -4.775583460544286e+001
1.551636363636364e+000 -6.312451615408465e+001
1.551727272727273e+000 -4.689973981860481e+001
1.551818181818182e+000 -5.446715230299530e+001
1.551909090909091e+000 -4.920649490763798e+001
1.552000000000000e+000 -4.826657996023877e+001
1.552090909090909e+000 -5.763018744899276e+001
1.552181818181818e+000 -4.671939614429326e+001
1.552272727272727e+000 -5.816741739915204e+001
1.552363636363636e+000 -4.804982215970409e+001
1.552454545454546e+000 -4.936438098316756e+001
1.552545454545455e+000 -5.341290296712957e+001
1.552636363636364e+000 -4.680435090147676e+001
1.552727272727273e+000 -7.063186429241765e+001
1.552818181818182e+000 -4.705915938787948e+001
1.552909090909091e+000 -5.160176451974769e+001
1.553000000000000e+000 -5.021044661746063e+001
1.553090909090909e+000 -4.744685895384070e+001
1.553181818181818e+000 -6.071431258488504e+001
1.553272727272727e+000 -4.649360795604613e+001
1.553363636363637e+000 -5.664650187782762e+001
1.553454545454545e+000 -4.791344706880792e+001
1.553545454545455e+000 -4.916214131205154e+001
1.553636363636364e+000 -5.268758567252614e+001
1.553727272727273e+000 -4.667201756864926e+001
1.553818181818182e+000 -8.227343706886943e+001
1.553909090909091e+000 -4.655736325128816e+001
1.554000000000000e+000 -5.326639324561726e+001
1.554090909090909e+000 -4.864679313072543e+001
1.554181818181818e+000 -4.813241486281937e+001
1.554272727272727e+000 -5.448733108338229e+001
1.554363636363636e+000 -4.634999930249613e+001
1.554454545454546e+000 -7.016484150120301e+001
1.554545454545455e+000 -4.656059571660708e+001
1.554636363636364e+000 -5.229412636140096e+001
1.554727272727273e+000 -4.877850413969288e+001
1.554818181818182e+000 -4.784764229158582e+001
1.554909090909091e+000 -5.450265247356488e+001
1.555000000000000e+000 -4.621154827300904e+001
1.555090909090909e+000 -7.347070985930552e+001
1.555181818181818e+000 -4.632608754775522e+001
1.555272727272727e+000 -5.294773869620878e+001
1.555363636363637e+000 -4.815428032145989e+001
1.555454545454545e+000 -4.821203580828312e+001
1.555545454545455e+000 -5.262372867123060e+001
1.555636363636364e+000 -4.627416890366816e+001
1.555727272727273e+000 -6.803298726997090e+001
1.555818181818182e+000 -4.595044416520337e+001
1.555909090909091e+000 -5.597782144744677e+001
1.556000000000000e+000 -4.703694921848425e+001
1.556090909090909e+000 -4.958796984022138e+001
1.556181818181818e+000 -4.988455970035709e+001
1.556272727272727e+000 -4.684683755351629e+001
1.556363636363636e+000 -5.635937323080465e+001
1.556454545454546e+000 -4.579035596988652e+001
1.556545454545455e+000 -6.908561783970569e+001
1.556636363636364e+000 -4.595933512860717e+001
1.556727272727273e+000 -5.332325754593928e+001
1.556818181818182e+000 -4.733191657657040e+001
1.556909090909091e+000 -4.869646122116979e+001
1.557000000000000e+000 -5.030982018118753e+001
1.557090909090909e+000 -4.648687369987231e+001
1.557181818181818e+000 -5.667494407407524e+001
1.557272727272727e+000 -4.558859911050801e+001
1.557363636363637e+000 -7.170899672680436e+001
1.557454545454545e+000 -4.568039525123827e+001
1.557545454545455e+000 -5.426435715961680e+001
1.557636363636364e+000 -4.671924559560476e+001
1.557727272727273e+000 -4.938400425571344e+001
1.557818181818182e+000 -4.890393281504181e+001
1.557909090909091e+000 -4.691416180838253e+001
1.558000000000000e+000 -5.297095235656907e+001
1.558090909090909e+000 -4.567039880629706e+001
1.558181818181818e+000 -6.273827895252645e+001
1.558272727272727e+000 -4.527728791199597e+001
1.558363636363636e+000 -6.169707138640363e+001
1.558454545454546e+000 -4.560319812725192e+001
1.558545454545455e+000 -5.282652001580405e+001
1.558636363636364e+000 -4.664851563608716e+001
1.558727272727273e+000 -4.899308350015946e+001
1.558818181818182e+000 -4.855400604439095e+001
1.558909090909091e+000 -4.684314171714433e+001
1.559000000000000e+000 -5.174907058804928e+001
1.559090909090909e+000 -4.563021794003487e+001
1.559181818181818e+000 -5.774764604047613e+001
1.559272727272727e+000 -4.507005421361488e+001
1.559363636363637e+000 -8.737745670458311e+001
1.559454545454545e+000 -4.503528709253988e+001
1.559545454545455e+000 -5.739616019616165e+001
1.559636363636364e+000 -4.547519285603804e+001
1.559727272727273e+000 -5.184707253744561e+001
1.559818181818182e+000 -4.639345813080005e+001
1.559909090909091e+000 -4.884597895554561e+001
1.560000000000000e+000 -4.785399151931239e+001
1.560090909090909e+000 -4.697570966942959e+001
1.560181818181818e+000 -5.002226400503102e+001
1.560272727272727e+000 -4.578096974746894e+001
1.560363636363636e+000 -5.330827623575387e+001
1.560454545454546e+000 -4.505596473933477e+001
1.560545454545455e+000 -5.902906444729710e+001
1.560636363636364e+000 -4.469046268186646e+001
1.560727272727273e+000 -8.292754477522290e+001
1.560818181818182e+000 -4.461972909539937e+001
1.560909090909091e+000 -6.051032994611280e+001
1.561000000000000e+000 -4.480437895104725e+001
1.561090909090909e+000 -5.444506406224949e+001
1.561181818181818e+000 -4.522130487236016e+001
1.561272727272727e+000 -5.116479212386039e+001
1.561363636363637e+000 -4.585959676191322e+001
1.561454545454545e+000 -4.902328000946418e+001
1.561545454545455e+000 -4.671928462921212e+001
1.561636363636364e+000 -4.751820342042213e+001
1.561727272727273e+000 -4.781232606877259e+001
1.561818181818182e+000 -4.642525768255244e+001
1.561909090909091e+000 -4.916632625263122e+001
1.562000000000000e+000 -4.562255735974662e+001
1.562090909090909e+000 -5.083298755680348e+001
1.562181818181818e+000 -4.503497589622615e+001
1.562272727272727e+000 -5.290690768905265e+001
1.562363636363636e+000 -4.461181120860585e+001
1.562454545454546e+000 -5.557192535171297e+001
1.562545454545455e+000 -4.431636325324455e+001
1.562636363636364e+000 -5.924103531067878e+001
1.562727272727273e+000 -4.412053032823430e+001
1.562818181818182e+000 -6.517721137673819e+001
1.562909090909091e+000 -4.400178795189019e+001
1.563000000000000e+000 -8.591176053080530e+001
1.563090909090909e+000 -4.394141059777714e+001
1.563181818181818e+000 -6.784733851050537e+001
1.563272727272727e+000 -4.392339599388681e+001
1.563363636363637e+000 -6.179299215218574e+001
1.563454545454545e+000 -4.393381641720409e+001
1.563545454545455e+000 -5.861631091052836e+001
1.563636363636364e+000 -4.396044683705206e+001
1.563727272727273e+000 -5.658264513382213e+001
1.563818181818182e+000 -4.399258170878198e+001
1.563909090909091e+000 -5.518164545618350e+001
1.564000000000000e+000 -4.402098297602506e+001
1.564090909090909e+000 -5.419442166152093e+001
1.564181818181818e+000 -4.403791653395243e+001
1.564272727272727e+000 -5.350957349347183e+001
1.564363636363636e+000 -4.403724107256392e+001
1.564454545454546e+000 -5.306604131460288e+001
1.564545454545455e+000 -4.401451671327232e+001
1.564636363636364e+000 -5.283096548534169e+001
1.564727272727273e+000 -4.396710442813996e+001
1.564818181818182e+000 -5.279029062020990e+001
1.564909090909091e+000 -4.389423285073931e+001
1.565000000000000e+000 -5.294526586333826e+001
1.565090909090909e+000 -4.379701744225418e+001
1.565181818181818e+000 -5.331274248079988e+001
1.565272727272727e+000 -4.367842751544283e+001
1.565363636363637e+000 -5.392943741939228e+001
1.565454545454545e+000 -4.354320783765850e+001
1.565545454545455e+000 -5.486278173190164e+001
1.565636363636364e+000 -4.339777167665373e+001
1.565727272727273e+000 -5.623662853159919e+001
1.565818181818182e+000 -4.325008984584428e+001
1.565909090909091e+000 -5.829946557546830e+001
1.566000000000000e+000 -4.310960526203857e+001
1.566090909090909e+000 -6.165609651527929e+001
1.566181818181818e+000 -4.298720565923026e+001
1.566272727272727e+000 -6.860461451480531e+001
1.566363636363636e+000 -4.289529060783445e+001
1.566454545454546e+000 -7.652036418077469e+001
1.566545454545455e+000 -4.284797625115616e+001
1.566636363636364e+000 -6.268409181786686e+001
1.566727272727273e+000 -4.286149732548468e+001
1.566818181818182e+000 -5.720264066014475e+001
1.566909090909091e+000 -4.295489960325548e+001
1.567000000000000e+000 -5.363638483585506e+001
1.567090909090909e+000 -4.315118332553140e+001
1.567181818181818e+000 -5.097492991439862e+001
1.567272727272727e+000 -4.347919500415325e+001
1.567363636363637e+000 -4.886307400137800e+001
1.567454545454545e+000 -4.397685559034126e+001
1.567545454545455e+000 -4.713744897848421e+001
1.567636363636364e+000 -4.469697766199310e+001
1.567727272727273e+000 -4.571257757798772e+001
1.567818181818182e+000 -4.571860615168095e+001
1.567909090909091e+000 -4.454147192231371e+001
1.568000000000000e+000 -4.717169070400271e+001
1.568090909090909e+000 -4.359925479652609e+001
1.568181818181818e+000 -4.929996840482910e+001
1.568272727272727e+000 -4.287571988395213e+001
1.568363636363636e+000 -5.266696421114630e+001
1.568454545454546e+000 -4.237210460554132e+001
1.568545454545455e+000 -5.926236960943118e+001
1.568636363636364e+000 -4.210039491400288e+001
1.568727272727273e+000 -7.167674601061925e+001
1.568818181818182e+000 -4.208481937135146e+001
1.568909090909091e+000 -5.546586945015945e+001
1.569000000000000e+000 -4.236622246388966e+001
1.569090909090909e+000 -5.007148241822649e+001
1.569181818181818e+000 -4.301166396203601e+001
1.569272727272727e+000 -4.683613614151285e+001
1.569363636363637e+000 -4.413580357653709e+001
1.569454545454545e+000 -4.464326609605647e+001
1.569545454545455e+000 -4.595461401526215e+001
1.569636363636364e+000 -4.312688690869118e+001
1.569727272727273e+000 -4.895387457916171e+001
1.569818181818182e+000 -4.213682897967269e+001
1.569909090909091e+000 -5.470372694238706e+001
1.570000000000000e+000 -4.161598995478366e+001
1.570090909090909e+000 -8.249297409101324e+001
1.570181818181818e+000 -4.156436494436321e+001
1.570272727272727e+000 -5.362565892014275e+001
1.570363636363636e+000 -4.203525785806042e+001
1.570454545454546e+000 -4.782037293818112e+001
1.570545454545455e+000 -4.315883073958412e+001
1.570636363636364e+000 -4.461478812517714e+001
1.570727272727273e+000 -4.522467716180540e+001
1.570818181818182e+000 -4.264565660998849e+001
1.570909090909091e+000 -4.899713063663039e+001
1.571000000000000e+000 -4.151316160394275e+001
1.571090909090909e+000 -5.798310151712634e+001
1.571181818181818e+000 -4.108554356754016e+001
1.571272727272727e+000 -5.818607596859949e+001
1.571363636363637e+000 -4.136482665832049e+001
1.571454545454545e+000 -4.855395188959218e+001
1.571545454545455e+000 -4.248083316313868e+001
1.571636363636364e+000 -4.441073150188923e+001
1.571727272727273e+000 -4.479955525955811e+001
1.571818181818182e+000 -4.211465197202588e+001
1.571909090909091e+000 -4.946058197151639e+001
1.572000000000000e+000 -4.094568887152705e+001
1.572090909090909e+000 -6.547380129164064e+001
1.572181818181818e+000 -4.070557882952578e+001
1.572272727272727e+000 -5.212030919221115e+001
1.572363636363636e+000 -4.142948446438240e+001
1.572454545454546e+000 -4.545017853346676e+001
1.572545454545455e+000 -4.341306572677415e+001
1.572636363636364e+000 -4.226974360087949e+001
1.572727272727273e+000 -4.765202611919759e+001
1.572818181818182e+000 -4.070293842668032e+001
1.572909090909091e+000 -6.078149926867430e+001
1.573000000000000e+000 -4.032305541994278e+001
1.573090909090909e+000 -5.181239369702186e+001
1.573181818181818e+000 -4.112505150327646e+001
1.573272727272727e+000 -4.467105178935878e+001
1.573363636363637e+000 -4.349862141701075e+001
1.573454545454545e+000 -4.149365541500745e+001
1.573545454545455e+000 -4.903262971087614e+001
1.573636363636364e+000 -4.012013625379675e+001
1.573727272727273e+000 -7.132021738333584e+001
1.573818181818182e+000 -4.013076291486362e+001
1.573909090909091e+000 -4.756341322329509e+001
1.574000000000000e+000 -4.165239018071228e+001
1.574090909090909e+000 -4.241304399172480e+001
1.574181818181818e+000 -4.559235178666096e+001
1.574272727272727e+000 -4.016121318768687e+001
1.574363636363636e+000 -5.829979108362136e+001
1.574454545454546e+000 -3.963859363835812e+001
1.574545454545455e+000 -4.991241751287092e+001
1.574636363636364e+000 -4.075991542654203e+001
1.574727272727273e+000 -4.287244708511894e+001
1.574818181818182e+000 -4.425852214554351e+001
1.574909090909091e+000 -4.004360892072464e+001
1.575000000000000e+000 -5.501946321608282e+001
1.575090909090909e+000 -3.929455063990966e+001
1.575181818181818e+000 -5.016860526712471e+001
1.575272727272727e+000 -4.040187711147058e+001
1.575363636363637e+000 -4.248083246176662e+001
1.575454545454545e+000 -4.419314892110000e+001
1.575545454545455e+000 -3.959779805542428e+001
1.575636363636364e+000 -5.766017144721582e+001
1.575727272727273e+000 -3.901041389538845e+001
1.575818181818182e+000 -4.788342882660866e+001
1.575909090909091e+000 -4.055245090260142e+001
1.576000000000000e+000 -4.127298415893523e+001
1.576090909090909e+000 -4.558305862857161e+001
1.576181818181818e+000 -3.891863105841993e+001
1.576272727272727e+000 -7.003176198384320e+001
1.576363636363636e+000 -3.894308824776110e+001
1.576454545454546e+000 -4.440738951248564e+001
1.576545454545455e+000 -4.155679645266956e+001
1.576636363636364e+000 -3.968272920577197e+001
1.576727272727273e+000 -5.017397029209544e+001
1.576818181818182e+000 -3.834250105602029e+001
1.576909090909091e+000 -4.988268646999943e+001
1.577000000000000e+000 -3.953350695915385e+001
1.577090909090909e+000 -4.106063865490055e+001
1.577181818181818e+000 -4.452637323504158e+001
1.577272727272727e+000 -3.830444216309550e+001
1.577363636363637e+000 -6.458619726094224e+001
1.577454545454545e+000 -3.843190186110627e+001
1.577545454545455e+000 -4.286522440801890e+001
1.577636363636364e+000 -4.178817976005593e+001
1.577727272727273e+000 -3.854864905006873e+001
1.577818181818182e+000 -5.591728608036650e+001
1.577909090909091e+000 -3.780909470887200e+001
1.578000000000000e+000 -4.487260450808094e+001
1.578090909090909e+000 -4.021068139676004e+001
1.578181818181818e+000 -3.885610706311262e+001
1.578272727272727e+000 -4.973238058765448e+001
1.578363636363636e+000 -3.742032292928501e+001
1.578454545454546e+000 -4.672260766049490e+001
1.578545454545455e+000 -3.924893569581229e+001
1.578636363636364e+000 -3.904281770531950e+001
1.578727272727273e+000 -4.722042312382399e+001
1.578818181818182e+000 -3.711611176420511e+001
1.578909090909091e+000 -4.786106746326549e+001
1.579000000000000e+000 -3.866974949511441e+001
1.579090909090909e+000 -3.897027836338224e+001
1.579181818181818e+000 -4.627489268503614e+001
1.579272727272727e+000 -3.681435988182010e+001
1.579363636363637e+000 -4.773674724265327e+001
1.579454545454545e+000 -3.838071889793703e+001
1.579545454545455e+000 -3.857248127341855e+001
1.579636363636364e+000 -4.652806448584787e+001
1.579727272727273e+000 -3.649428845240853e+001
1.579818181818182e+000 -4.626830575526535e+001
1.579909090909091e+000 -3.838681809038483e+001
1.580000000000000e+000 -3.787422700378360e+001
1.580090909090909e+000 -4.829194378048999e+001
1.580181818181818e+000 -3.619555067570266e+001
1.580272727272727e+000 -4.393040198031627e+001
1.580363636363636e+000 -3.879223099525994e+001
1.580454545454546e+000 -3.698290585157331e+001
1.580545454545455e+000 -5.341766909969142e+001
1.580636363636364e+000 -3.601897801819264e+001
1.580727272727273e+000 -4.130790279143001e+001
1.580818181818182e+000 -3.985079105397993e+001
1.580909090909091e+000 -3.606141269576916e+001
1.581000000000000e+000 -6.511834994042511e+001
1.581090909090909e+000 -3.613597218281603e+001
1.581181818181818e+000 -3.880607242768719e+001
1.581272727272727e+000 -4.216560433378432e+001
1.581363636363637e+000 -3.530676076371741e+001
1.581454545454545e+000 -4.739274135381496e+001
1.581545454545455e+000 -3.682936894664921e+001
1.581636363636364e+000 -3.666821486516937e+001
1.581727272727273e+000 -4.781034527781246e+001
1.581818181818182e+000 -3.495550012752411e+001
1.581909090909091e+000 -4.103178465233341e+001
1.582000000000000e+000 -3.864483867808409e+001
1.582090909090909e+000 -3.507412089296557e+001
1.582181818181818e+000 -5.888333692482669e+001
1.582272727272727e+000 -3.533817871218755e+001
1.582363636363636e+000 -3.712495045013765e+001
1.582454545454546e+000 -4.312780512497518e+001
1.582545454545455e+000 -3.422811875301981e+001
1.582636363636364e+000 -4.237082255456266e+001
1.582727272727273e+000 -3.706883915213223e+001
1.582818181818182e+000 -3.467299003013759e+001
1.582909090909091e+000 -7.969350411981148e+001
1.583000000000000e+000 -3.446911532844490e+001
1.583090909090909e+000 -3.674519564106924e+001
1.583181818181818e+000 -4.198645498084544e+001
1.583272727272727e+000 -3.353206030028450e+001
1.583363636363637e+000 -4.148325947631250e+001
1.583454545454545e+000 -3.657242175075361e+001
1.583545454545455e+000 -3.382217051603011e+001
1.583636363636364e+000 -5.941554494758329e+001
1.583727272727273e+000 -3.400478505397793e+001
1.583818181818182e+000 -3.533330354197676e+001
1.583909090909091e+000 -4.365195727560383e+001
1.584000000000000e+000 -3.283842551315019e+001
1.584090909090909e+000 -3.852316239435742e+001
1.584181818181818e+000 -3.730690264356520e+001
1.584272727272727e+000 -3.264879195786065e+001
1.584363636363636e+000 -4.556054371547633e+001
1.584454545454546e+000 -3.420278108481007e+001
1.584545454545455e+000 -3.331148750901639e+001
1.584636363636364e+000 -5.430163826747611e+001
1.584727272727273e+000 -3.249223646838331e+001
1.584818181818182e+000 -3.489177215471384e+001
1.584909090909091e+000 -4.080864692081391e+001
1.585000000000000e+000 -3.163914134705019e+001
1.585090909090909e+000 -3.774012968142605e+001
1.585181818181818e+000 -3.604241357408569e+001
1.585272727272727e+000 -3.142122235643510e+001
1.585363636363637e+000 -4.314145127030697e+001
1.585454545454545e+000 -3.333124255056081e+001
1.585545454545455e+000 -3.174160179307996e+001
1.585636363636364e+000 -6.736515417214400e+001
1.585727272727273e+000 -3.162359049829373e+001
1.585818181818182e+000 -3.257863432718919e+001
1.585909090909091e+000 -4.406659989304654e+001
1.586000000000000e+000 -3.053538012848035e+001
1.586090909090909e+000 -3.398384175383379e+001
1.586181818181818e+000 -3.784835877778632e+001
1.586272727272727e+000 -2.987810545212034e+001
1.586363636363636e+000 -3.612571723061920e+001
1.586454545454546e+000 -3.441692231136206e+001
1.586545454545455e+000 -2.954287144614872e+001
1.586636363636364e+000 -3.945755587485861e+001
1.586727272727273e+000 -3.212385038375982e+001
1.586818181818182e+000 -2.946009169288526e+001
1.586909090909091e+000 -4.556730730571284e+001
1.587000000000000e+000 -3.045628368460564e+001
1.587090909090909e+000 -2.958257445263708e+001
1.587181818181818e+000 -6.908400748947391e+001
1.587272727272727e+000 -2.917898261452634e+001
1.587363636363637e+000 -2.987778809283329e+001
1.587454545454546e+000 -4.427703514433285e+001
1.587545454545455e+000 -2.815972988750803e+001
1.587636363636364e+000 -3.032465925415371e+001
1.587727272727273e+000 -3.844060893527220e+001
1.587818181818182e+000 -2.731400291790516e+001
1.587909090909091e+000 -3.091351718719698e+001
1.588000000000000e+000 -3.493004963137958e+001
1.588090909090909e+000 -2.658297311769807e+001
1.588181818181818e+000 -3.164957138863710e+001
1.588272727272727e+000 -3.237445001637464e+001
1.588363636363636e+000 -2.592360042561856e+001
1.588454545454546e+000 -3.256245990457133e+001
1.588545454545455e+000 -3.031558025243587e+001
1.588636363636364e+000 -2.530409286109337e+001
1.588727272727273e+000 -3.372945764882014e+001
1.588818181818182e+000 -2.853326771254113e+001
1.588909090909091e+000 -2.470240462641121e+001
1.589000000000000e+000 -3.533685202948765e+001
1.589090909090909e+000 -2.689645429867563e+001
1.589181818181818e+000 -2.410735216731027e+001
1.589272727272727e+000 -3.788238933178261e+001
1.589363636363637e+000 -2.531412213653434e+001
1.589454545454546e+000 -2.352361079104984e+001
1.589545454545455e+000 -4.325376157238938e+001
1.589636363636364e+000 -2.371640550538648e+001
1.589727272727273e+000 -2.298521748977598e+001
1.589818181818182e+000 -5.481515923192590e+001
1.589909090909091e+000 -2.205047498207054e+001
1.590000000000000e+000 -2.259251251229327e+001
1.590090909090909e+000 -3.606539848450839e+001
1.590181818181818e+000 -2.029340745974138e+001
1.590272727272727e+000 -2.262933972574399e+001
1.590363636363636e+000 -2.806713719562381e+001
1.590454545454546e+000 -1.850718688969757e+001
1.590545454545455e+000 -2.407212847591953e+001
1.590636363636364e+000 -2.176589461906763e+001
1.590727272727273e+000 -1.705342859884932e+001
1.590818181818182e+000 -3.444390076501188e+001
1.590909090909091e+000 -1.636922577751379e+001
1.591000000000000e+000 -1.785006846758569e+001
1.591090909090909e+000 -1.913882568349959e+001
1.591181818181818e+000 -1.358495469332178e+001
1.591272727272727e+000 -2.167278219199712e+001
1.591363636363637e+000 -1.139382826854350e+001
1.591454545454546e+000 -1.276983477186796e+001
1.591545454545455e+000 -2.401922577368489e+001
1.591636363636364e+000 -1.799849210499477e+001
1.591727272727273e+000 -3.340842945821701e+000
1.591818181818182e+000 7.042526877264564e-009
1.591909090909091e+000 8.685893981439090e-006
1.592000000000000e+000 8.685893981439090e-006
1.592090909090909e+000 8.685893981439090e-006
1.592181818181818e+000 -1.389747776005236e-001
1.592272727272727e+000 -1.156787053038101e+001
1.592363636363636e+000 -6.450537590275939e+000
1.592454545454546e+000 -8.046729526612195e+000
1.592545454545455e+000 -1.206955342196636e+001
1.592636363636364e+000 -1.701385233149205e+001
1.592727272727273e+000 -1.290734226873032e+001
1.592818181818182e+000 -1.813221924475709e+001
1.592909090909091e+000 -1.692624053544154e+001
1.593000000000000e+000 -1.578568451412254e+001
1.593090909090909e+000 -3.264657290248845e+001
1.593181818181818e+000 -1.647325685929043e+001
1.593272727272727e+000 -2.084819815108035e+001
1.593363636363637e+000 -2.474666140347336e+001
1.593454545454546e+000 -1.800158531752292e+001
1.593545454545455e+000 -2.447504142604372e+001
1.593636363636364e+000 -2.480401644827584e+001
1.593727272727273e+000 -1.948686727105046e+001
1.593818181818182e+000 -2.595804545058911e+001
1.593909090909091e+000 -2.663598788706464e+001
1.594000000000000e+000 -2.076743174923596e+001
1.594090909090909e+000 -2.592081347633194e+001
1.594181818181818e+000 -2.994332981107490e+001
1.594272727272727e+000 -2.202184151541446e+001
1.594363636363636e+000 -2.530352438378106e+001
1.594454545454546e+000 -3.623082178337596e+001
1.594545454545455e+000 -2.351289330566854e+001
1.594636363636364e+000 -2.471711473599684e+001
1.594727272727273e+000 -5.699851171456224e+001
1.594818181818182e+000 -2.557505354551269e+001
1.594909090909091e+000 -2.447874046623927e+001
1.595000000000000e+000 -3.514650450804877e+001
1.595090909090909e+000 -2.876723700521947e+001
1.595181818181818e+000 -2.478850989901932e+001
1.595272727272727e+000 -3.008077313417828e+001
1.595363636363637e+000 -3.462108297729710e+001
1.595454545454546e+000 -2.585980311727090e+001
1.595545454545455e+000 -2.766779091467122e+001
1.595636363636364e+000 -7.289135312213226e+001
1.595727272727273e+000 -2.806306259903243e+001
1.595818181818182e+000 -2.672099771683438e+001
1.595909090909091e+000 -3.551418575622773e+001
1.596000000000000e+000 -3.234351779259431e+001
1.596090909090909e+000 -2.700783054713090e+001
1.596181818181818e+000 -3.039762234856597e+001
1.596272727272727e+000 -4.373825639080854e+001
1.596363636363636e+000 -2.870817104146530e+001
1.596454545454546e+000 -2.839605751361212e+001
1.596545454545455e+000 -3.925461017359052e+001
1.596636363636364e+000 -3.266923685390748e+001
1.596727272727273e+000 -2.822680826477520e+001
1.596818181818182e+000 -3.199830697654740e+001
1.596909090909091e+000 -4.378958013343765e+001
1.597000000000000e+000 -2.986605621358485e+001
1.597090909090909e+000 -2.951358616221445e+001
1.597181818181818e+000 -3.956458622345534e+001
1.597272727272727e+000 -3.434411517994937e+001
1.597363636363637e+000 -2.936248396891399e+001
1.597454545454546e+000 -3.237374216151105e+001
1.597545454545455e+000 -5.140020324535225e+001
1.597636363636364e+000 -3.149434569554170e+001
1.597727272727273e+000 -3.017887337910643e+001
1.597818181818182e+000 -3.742699676756680e+001
1.597909090909091e+000 -3.777193869159210e+001
1.598000000000000e+000 -3.061954568986532e+001
1.598090909090909e+000 -3.202421098683356e+001
1.598181818181818e+000 -4.910509221018720e+001
1.598272727272727e+000 -3.407222970407835e+001
1.598363636363636e+000 -3.080192358713434e+001
1.598454545454546e+000 -3.490216747590362e+001
1.598545454545455e+000 -4.647351895728913e+001
1.598636363636364e+000 -3.253952325419802e+001
1.598727272727273e+000 -3.168147212172024e+001
1.598818181818182e+000 -3.916753573317293e+001
1.598909090909091e+000 -3.920149035330875e+001
1.599000000000000e+000 -3.202613461235826e+001
1.599090909090909e+000 -3.307247106873182e+001
1.599181818181818e+000 -4.631105390387687e+001
1.599272727272727e+000 -3.634326564260093e+001
1.599363636363637e+000 -3.209791857688121e+001
1.599454545454546e+000 -3.485920925656339e+001
1.599545454545455e+000 -7.405392222524873e+001
1.599636363636364e+000 -3.495515486118239e+001
1.599727272727273e+000 -3.252296126941404e+001
1.599818181818182e+000 -3.695193533740977e+001
1.599909090909091e+000 -4.788797374310111e+001
1.600000000000000e+000 -3.430210670690843e+001
