1.500000000000000e+000 -4.530353293948506e-005
1.500090909090909e+000 -4.750395772537682e-005
1.500181818181818e+000 -4.960913862447112e-005
1.500272727272727e+000 -5.156810317207919e-005
1.500363636363636e+000 -5.332513324272353e-005
1.500454545454546e+000 -5.482067088124287e-005
1.500545454545455e+000 -5.599260057463029e-005
1.500636363636364e+000 -5.677794196733827e-005
1.500727272727273e+000 -5.711497293399041e-005
1.500818181818182e+000 -5.694578483921310e-005
1.500909090909091e+000 -5.621924612716998e-005
1.501000000000000e+000 -5.489432118437758e-005
1.501090909090909e+000 -5.294365281591177e-005
1.501181818181818e+000 -5.035727816758405e-005
1.501272727272727e+000 -4.714630196077503e-005
1.501363636363637e+000 -4.334630744194525e-005
1.501454545454545e+000 -3.902024158775945e-005
1.501545454545455e+000 -3.426047787578170e-005
1.501636363636364e+000 -2.918973351352480e-005
1.501727272727273e+000 -2.396051396532340e-005
1.501818181818182e+000 -1.875277193085164e-005
1.501909090909091e+000 -1.376951559983131e-005
1.502000000000000e+000 -9.230179143938251e-006
1.502090909090909e+000 -5.361685886965695e-006
1.502181818181818e+000 -2.387289582867511e-006
1.502272727272727e+000 -5.134704619668500e-007
1.502363636363636e+000 8.461700531899080e-008
1.502454545454546e+000 -7.215899153877373e-007
1.502545454545455e+000 -2.999055412101986e-006
1.502636363636364e+000 -6.739584940077832e-006
1.502727272727273e+000 -1.184906607292596e-005
1.502818181818182e+000 -1.814094686878844e-005
1.502909090909091e+000 -2.533536287449534e-005
1.503000000000000e+000 -3.306515073392991e-005
1.503090909090909e+000 -4.088965539486992e-005
1.503181818181818e+000 -4.831672580826147e-005
1.503272727272727e+000 -5.483261787337759e-005
1.503363636363637e+000 -5.993870176448141e-005
1.503454545454545e+000 -6.319296181758403e-005
1.503545454545455e+000 -6.425335431909985e-005
1.503636363636364e+000 -6.291925986424205e-005
1.503727272727273e+000 -5.916664504286227e-005
1.503818181818182e+000 -5.317227397078258e-005
1.503909090909091e+000 -4.532249475555294e-005
1.504000000000000e+000 -3.620287826061382e-005
1.504090909090909e+000 -2.656635168876308e-005
1.504181818181818e+000 -1.727943570054711e-005
1.504272727272727e+000 -9.248659465140831e-006
1.504363636363636e+000 -3.331996461452358e-006
1.504454545454546e+000 -2.429387457583134e-007
1.504545454545455e+000 -4.572379039230059e-007
1.504636363636364e+000 -4.133960613746261e-006
1.504727272727273e+000 -1.106291786108692e-005
1.504818181818182e+000 -2.064938070235890e-005
1.504909090909091e+000 -3.194408319462729e-005
1.505000000000000e+000 -4.372185225753085e-005
1.505090909090909e+000 -5.460608368184818e-005
1.505181818181818e+000 -6.322929900868889e-005
1.505272727272727e+000 -6.841305859179783e-005
1.505363636363637e+000 -6.934467627595031e-005
1.505454545454545e+000 -6.572466894722194e-005
1.505545454545455e+000 -5.785877732216441e-005
1.505636363636364e+000 -4.667247748195022e-005
1.505727272727273e+000 -3.363439938742152e-005
1.505818181818182e+000 -2.058747503354808e-005
1.505909090909091e+000 -9.501625856110920e-006
1.506000000000000e+000 -2.177255852857016e-006
1.506090909090909e+000 5.796372939850669e-008
1.506181818181818e+000 -3.391552181907299e-006
1.506272727272727e+000 -1.222474483794965e-005
1.506363636363636e+000 -2.521607259005822e-005
1.506454545454546e+000 -4.034776549833929e-005
1.506545454545455e+000 -5.509919765102537e-005
1.506636363636364e+000 -6.685996435482198e-005
1.506727272727273e+000 -7.340411778192922e-005
1.506818181818182e+000 -7.334145251421157e-005
1.506909090909091e+000 -6.645374581665274e-005
1.507000000000000e+000 -5.383374618128200e-005
1.507090909090909e+000 -3.777373754154897e-005
1.507181818181818e+000 -2.139588958257556e-005
1.507272727272727e+000 -8.071236264931332e-006
1.507363636363637e+000 -7.272713774493741e-007
1.507454545454545e+000 -1.183220027659210e-006
1.507545454545455e+000 -9.665275335674136e-006
1.507636363636364e+000 -2.463362604101043e-005
1.507727272727273e+000 -4.299790136562353e-005
1.507818181818182e+000 -6.071519372814295e-005
1.507909090909091e+000 -7.367099955938403e-005
1.508000000000000e+000 -7.866015719393052e-005
1.508090909090909e+000 -7.423549430598424e-005
1.508181818181818e+000 -6.119515208459657e-005
1.508272727272727e+000 -4.254346518448541e-005
1.508363636363636e+000 -2.287775094716111e-005
1.508454545454546e+000 -7.301084208142472e-006
1.508545454545455e+000 -1.029210531011143e-007
1.508636363636364e+000 -3.544150673506640e-006
1.508727272727273e+000 -1.709586819397982e-005
1.508818181818182e+000 -3.739491203963548e-005
1.508909090909091e+000 -5.900372329058348e-005
1.509000000000000e+000 -7.583602313868537e-005
1.509090909090909e+000 -8.289419952921960e-005
1.509181818181818e+000 -7.782746143146944e-005
1.509272727272727e+000 -6.181678266597079e-005
1.509363636363637e+000 -3.944481993534036e-005
1.509454545454545e+000 -1.749083924143576e-005
1.509545454545455e+000 -2.929598305712444e-006
1.509636363636364e+000 -7.051721035313267e-007
1.509727272727273e+000 -1.199051267641627e-005
1.509818181818182e+000 -3.356078029341649e-005
1.509909090909091e+000 -5.859922724195428e-005
1.510000000000000e+000 -7.879446814273767e-005
1.510090909090909e+000 -8.711951576021094e-005
1.510181818181818e+000 -8.037380470047663e-005
1.510272727272727e+000 -6.055498420614555e-005
1.510363636363636e+000 -3.445412975466701e-005
1.510454545454546e+000 -1.146112990554310e-005
1.510545454545455e+000 -2.378287346927802e-007
1.510636363636364e+000 -5.417267892834930e-006
1.510727272727273e+000 -2.559909417009897e-005
1.510818181818182e+000 -5.353663849682842e-005
1.510909090909091e+000 -7.863506038232242e-005
1.511000000000000e+000 -9.096414781493531e-005
1.511090909090909e+000 -8.529223603100488e-005
1.511181818181818e+000 -6.348810887512623e-005
1.511272727272727e+000 -3.415273162092957e-005
1.511363636363637e+000 -9.399772041016894e-006
1.511454545454545e+000 8.362448961548725e-008
1.511545454545455e+000 -1.029303861641423e-005
1.511636363636364e+000 -3.668823565429274e-005
1.511727272727273e+000 -6.805615740490870e-005
1.511818181818182e+000 -9.068031180080644e-005
1.511909090909091e+000 -9.422466858806477e-005
1.512000000000000e+000 -7.664428425955945e-005
1.512090909090909e+000 -4.557869287122240e-005
1.512181818181818e+000 -1.528943469495931e-005
1.512272727272727e+000 -2.454907720034583e-007
1.512363636363636e+000 -8.184983882284362e-006
1.512454545454546e+000 -3.599943800807396e-005
1.512545454545455e+000 -7.069527285045494e-005
1.512636363636364e+000 -9.534697898354850e-005
1.512727272727273e+000 -9.741734639521521e-005
1.512818181818182e+000 -7.537082690360586e-005
1.512909090909091e+000 -4.002825098245336e-005
1.513000000000000e+000 -9.554362906899819e-006
1.513090909090909e+000 -2.497625327004696e-007
1.513181818181818e+000 -1.776137567337205e-005
1.513272727272727e+000 -5.350188155520290e-005
1.513363636363637e+000 -8.862531826870300e-005
1.513454545454545e+000 -1.039152048625420e-004
1.513545454545455e+000 -9.048475736416036e-005
1.513636363636364e+000 -5.529539647225953e-005
1.513727272727273e+000 -1.796221776630365e-005
1.513818181818182e+000 -6.399327501304774e-008
1.513909090909091e+000 -1.266576920436825e-005
1.514000000000000e+000 -4.929642313888535e-005
1.514090909090909e+000 -8.896080824743226e-005
1.514181818181818e+000 -1.080769316130565e-004
1.514272727272727e+000 -9.468743350165365e-005
1.514363636363636e+000 -5.635234354941402e-005
1.514454545454546e+000 -1.637423158205543e-005
1.514545454545455e+000 7.772426851455018e-008
1.514636363636364e+000 -1.817301627255623e-005
1.514727272727273e+000 -6.050846276091136e-005
1.514818181818182e+000 -1.003767848645511e-004
1.514909090909091e+000 -1.119017759418946e-004
1.515000000000000e+000 -8.698175245524979e-005
1.515090909090909e+000 -4.149501250936448e-005
1.515181818181818e+000 -5.703031195088127e-006
1.515272727272727e+000 -4.337323872459868e-006
1.515363636363637e+000 -3.938115273109959e-005
1.515454545454545e+000 -8.767895424407929e-005
1.515545454545455e+000 -1.160171635823954e-004
1.515636363636364e+000 -1.041363733043269e-004
1.515727272727273e+000 -5.974741747336126e-005
1.515818181818182e+000 -1.421004211144694e-005
1.515909090909091e+000 -7.811312672439192e-007
1.516000000000000e+000 -3.030348940316854e-005
1.516090909090909e+000 -8.220568661492460e-005
1.516181818181818e+000 -1.185174681941688e-004
1.516272727272727e+000 -1.117555673737168e-004
1.516363636363636e+000 -6.628787941949381e-005
1.516454545454546e+000 -1.633864023599090e-005
1.516545454545455e+000 -7.357428380024006e-007
1.516636363636364e+000 -3.274203571673439e-005
1.516727272727273e+000 -8.851184754457610e-005
1.516818181818182e+000 -1.245158238741017e-004
1.516909090909091e+000 -1.116764930322716e-004
1.517000000000000e+000 -5.952794746081704e-005
1.517090909090909e+000 -1.002781855088694e-005
1.517181818181818e+000 -4.307900446003913e-006
1.517272727272727e+000 -4.843287092286357e-005
1.517363636363637e+000 -1.068728034757010e-004
1.517454545454545e+000 -1.308611709968872e-004
1.517545454545455e+000 -9.946273182342775e-005
1.517636363636364e+000 -3.871652762111467e-005
1.517727272727273e+000 -9.443303346551898e-007
1.517818181818182e+000 -2.002892855960358e-005
1.517909090909091e+000 -8.077575475336569e-005
1.518000000000000e+000 -1.304664940456059e-004
1.518090909090909e+000 -1.246507229793209e-004
1.518181818181818e+000 -6.767168674845480e-005
1.518272727272727e+000 -1.064075467256641e-005
1.518363636363636e+000 -6.307362409744745e-006
1.518454545454546e+000 -6.024444708522580e-005
1.518545454545455e+000 -1.237917721811012e-004
1.518636363636364e+000 -1.377515219895972e-004
1.518727272727273e+000 -8.815425015478691e-005
1.518818181818182e+000 -2.137683980188794e-005
1.518909090909091e+000 -1.773596542343602e-006
1.519000000000000e+000 -4.984370265487573e-005
1.519090909090909e+000 -1.204705286306576e-004
1.519181818181818e+000 -1.449255021712447e-004
1.519272727272727e+000 -9.830286457987432e-005
1.519363636363637e+000 -2.614261274517399e-005
1.519454545454545e+000 -1.134219277065318e-006
1.519545454545455e+000 -5.020101046523230e-005
1.519636363636364e+000 -1.251749233516881e-004
1.519727272727273e+000 -1.497111043334960e-004
1.519818181818182e+000 -9.765234341463887e-005
1.519909090909091e+000 -2.232023818458621e-005
1.520000000000000e+000 -3.188788365426119e-006
1.520090909090909e+000 -6.233013963987933e-005
1.520181818181818e+000 -1.386352333300293e-004
1.520272727272727e+000 -1.506847446452463e-004
1.520363636363636e+000 -8.449659460671262e-005
1.520454545454546e+000 -1.131438983238155e-005
1.520545454545455e+000 -1.218361070745946e-005
1.520636363636364e+000 -8.830561157275624e-005
1.520727272727273e+000 -1.567794157329674e-004
1.520818181818182e+000 -1.409131278712703e-004
1.520909090909091e+000 -5.742834285585034e-005
1.521000000000000e+000 -7.469988650055899e-007
1.521090909090909e+000 -3.720935104505023e-005
1.521181818181818e+000 -1.272339472945758e-004
1.521272727272727e+000 -1.676667130271570e-004
1.521363636363637e+000 -1.106036447009151e-004
1.521454545454545e+000 -2.198427763704349e-005
1.521545454545455e+000 -7.189203505342357e-006
1.521636363636364e+000 -8.619065206633992e-005
1.521727272727273e+000 -1.664309047478396e-004
1.521818181818182e+000 -1.512217954481936e-004
1.521909090909091e+000 -5.776825803687328e-005
1.522000000000000e+000 -1.689476073576917e-008
1.522090909090909e+000 -5.094683756564029e-005
1.522181818181818e+000 -1.501555560448693e-004
1.522272727272727e+000 -1.749810311501954e-004
1.522363636363636e+000 -9.322467715841497e-005
1.522454545454546e+000 -7.224027649274514e-006
1.522545454545455e+000 -2.763300755617831e-005
1.522636363636364e+000 -1.312570435543067e-004
1.522727272727273e+000 -1.864710622141502e-004
1.522818181818182e+000 -1.210793113620926e-004
1.522909090909091e+000 -1.907481763119584e-005
1.523000000000000e+000 -1.513409655253587e-005
1.523090909090909e+000 -1.174451546996420e-004
1.523181818181818e+000 -1.924283389914072e-004
1.523272727272727e+000 -1.395523979082527e-004
1.523363636363637e+000 -2.849653684390483e-005
1.523454545454545e+000 -1.008519913091313e-005
1.523545454545455e+000 -1.124407597134170e-004
1.523636363636364e+000 -1.980607877940099e-004
1.523727272727273e+000 -1.488583503721423e-004
1.523818181818182e+000 -3.151750986412603e-005
1.523909090909091e+000 -1.016791907639870e-005
1.524000000000000e+000 -1.179951950741839e-004
1.524090909090909e+000 -2.057153572911564e-004
1.524181818181818e+000 -1.486727980528790e-004
1.524272727272727e+000 -2.674089182982296e-005
1.524363636363636e+000 -1.575266836836613e-005
1.524454545454546e+000 -1.351387855647721e-004
1.524545454545455e+000 -2.143061049419636e-004
1.524636363636364e+000 -1.371396664131931e-004
1.524727272727273e+000 -1.550466135905264e-005
1.524818181818182e+000 -3.046067323805388e-005
1.524909090909091e+000 -1.637512200362492e-004
1.525000000000000e+000 -2.186714439093675e-004
1.525090909090909e+000 -1.117023708939960e-004
1.525181818181818e+000 -3.270926614920287e-006
1.525272727272727e+000 -6.042188033336725e-005
1.525363636363637e+000 -2.001074542210594e-004
1.525454545454545e+000 -2.094160093083695e-004
1.525545454545455e+000 -7.239044123765618e-005
1.525636363636364e+000 -1.429010316359504e-006
1.525727272727273e+000 -1.108594264252083e-004
1.525818181818182e+000 -2.330165200067587e-004
1.525909090909091e+000 -1.754964813499284e-004
1.526000000000000e+000 -2.773936785846379e-005
1.526090909090909e+000 -2.655314412307812e-005
1.526181818181818e+000 -1.785021910160795e-004
1.526272727272727e+000 -2.417717963277312e-004
1.526363636363636e+000 -1.127439198995434e-004
1.526454545454546e+000 -4.540941680867018e-007
1.526545454545455e+000 -9.200570352567399e-005
1.526636363636364e+000 -2.416831191681441e-004
1.526727272727273e+000 -2.030188344878994e-004
1.526818181818182e+000 -3.833952112756793e-005
1.526909090909091e+000 -2.380503686966896e-005
1.527000000000000e+000 -1.889977464563297e-004
1.527090909090909e+000 -2.586696964844754e-004
1.527181818181818e+000 -1.134478488188287e-004
1.527272727272727e+000 8.536279302316912e-008
1.527363636363637e+000 -1.166176633961690e-004
1.527454545454545e+000 -2.679762468504944e-004
1.527545454545455e+000 -1.927392295275123e-004
1.527636363636364e+000 -1.972388717255860e-005
1.527727272727273e+000 -5.344538447987208e-005
1.527818181818182e+000 -2.407754647935425e-004
1.527909090909091e+000 -2.540034004627585e-004
1.528000000000000e+000 -6.774070374697603e-005
1.528090909090909e+000 -1.416954428824416e-005
1.528181818181818e+000 -1.950332707387414e-004
1.528272727272727e+000 -2.897923982811696e-004
1.528363636363636e+000 -1.261551383077908e-004
1.528454545454546e+000 -1.747493170256979e-007
1.528545454545455e+000 -1.466823606928427e-004
1.528636363636364e+000 -3.033679708801855e-004
1.528727272727273e+000 -1.819796799317865e-004
1.528818181818182e+000 -5.148873643518102e-006
1.528909090909091e+000 -1.054623103656382e-004
1.529000000000000e+000 -3.027882057482924e-004
1.529090909090909e+000 -2.286853638498415e-004
1.529181818181818e+000 -2.045784282276900e-005
1.529272727272727e+000 -7.516993159182175e-005
1.529363636363637e+000 -2.965372427034883e-004
1.529454545454545e+000 -2.647180159526310e-004
1.529545454545455e+000 -3.835284609457223e-005
1.529636363636364e+000 -5.580745569702440e-005
1.529727272727273e+000 -2.914327011869547e-004
1.529818181818182e+000 -2.911206705615100e-004
1.529909090909091e+000 -5.312478750884466e-005
1.530000000000000e+000 -4.589380185290508e-005
1.530090909090909e+000 -2.921801057673063e-004
1.530181818181818e+000 -3.094614070546851e-004
1.530272727272727e+000 -6.108063743158753e-005
1.530363636363636e+000 -4.422052670780210e-005
1.530454545454546e+000 -3.016478134846006e-004
1.530545454545455e+000 -3.204094107049550e-004
1.530636363636364e+000 -6.020334514333469e-005
1.530727272727273e+000 -5.096357626745186e-005
1.530818181818182e+000 -3.211240338426915e-004
1.530909090909091e+000 -3.229093220668064e-004
1.531000000000000e+000 -5.009255139192970e-005
1.531090909090909e+000 -6.824006234860111e-005
1.531181818181818e+000 -3.500977845131352e-004
1.531272727272727e+000 -3.139044625055409e-004
1.531363636363637e+000 -3.251232395166010e-005
1.531454545454545e+000 -1.000602394991913e-004
1.531545454545455e+000 -3.853709608159572e-004
1.531636363636364e+000 -2.887971650955392e-004
1.531727272727273e+000 -1.258691358497950e-005
1.531818181818182e+000 -1.513305782593674e-004
1.531909090909091e+000 -4.196536037536857e-004
1.532000000000000e+000 -2.431358753870877e-004
1.532090909090909e+000 -2.353496521143150e-007
1.532181818181818e+000 -2.253204607856443e-004
1.532272727272727e+000 -4.403896574351649e-004
1.532363636363636e+000 -1.761159192937992e-004
1.532454545454546e+000 -1.067604990869281e-005
1.532545454545455e+000 -3.191709318643420e-004
1.532636363636364e+000 -4.304606004105023e-004
1.532727272727273e+000 -9.591148642300715e-005
1.532818181818182e+000 -6.188262677701046e-005
1.532909090909091e+000 -4.181477743067720e-004
1.533000000000000e+000 -3.732246531359008e-004
1.533090909090909e+000 -2.505608483859971e-005
1.533181818181818e+000 -1.665097017055622e-004
1.533272727272727e+000 -4.918525407549575e-004
1.533363636363637e+000 -2.638320454376687e-004
1.533454545454545e+000 -1.002813292674014e-006
1.533545454545455e+000 -3.177319132645628e-004
1.533636363636364e+000 -4.988430851555889e-004
1.533727272727273e+000 -1.249142593127331e-004
1.533818181818182e+000 -6.438961936519371e-005
1.533909090909091e+000 -4.745429287850472e-004
1.534000000000000e+000 -4.068675993036317e-004
1.534090909090909e+000 -1.650527241986234e-005
1.534181818181818e+000 -2.301999979166633e-004
1.534272727272727e+000 -5.615277133219785e-004
1.534363636363636e+000 -2.281927445400606e-004
1.534454545454546e+000 -2.135286507688719e-005
1.534545454545455e+000 -4.510274141696873e-004
1.534636363636364e+000 -5.027363149964030e-004
1.534727272727273e+000 -4.928659456611453e-005
1.534818181818182e+000 -1.905384551851984e-004
1.534909090909091e+000 -6.058079478229570e-004
1.535000000000000e+000 -2.925945390455802e-004
1.535090909090909e+000 -1.144157370713490e-005
1.535181818181818e+000 -4.671180124608817e-004
1.535272727272727e+000 -5.596486042938045e-004
1.535363636363637e+000 -5.869389195410321e-005
1.535454545454545e+000 -2.082096470935769e-004
1.535545454545455e+000 -6.618888504537395e-004
1.535636363636364e+000 -2.986025954240788e-004
1.535727272727273e+000 -2.214644450066341e-005
1.535818181818182e+000 -5.451873642992866e-004
1.535909090909091e+000 -5.738000852114784e-004
1.536000000000000e+000 -3.254225259031553e-005
1.536090909090909e+000 -2.997724013742226e-004
1.536181818181818e+000 -7.254473762034791e-004
1.536272727272727e+000 -2.315865702732783e-004
1.536363636363636e+000 -7.839270305423566e-005
1.536454545454546e+000 -6.850511030013179e-004
1.536545454545455e+000 -5.113044008256728e-004
1.536636363636364e+000 -3.467403417398965e-007
1.536727272727273e+000 -4.914307808812670e-004
1.536818181818182e+000 -7.405626932542516e-004
1.536909090909091e+000 -9.962045703947469e-005
1.537000000000000e+000 -2.479397581459494e-004
1.537090909090909e+000 -8.316863955351084e-004
1.537181818181818e+000 -3.294345149259178e-004
1.537272727272727e+000 -6.177903851820006e-005
1.537363636363637e+000 -7.672495467250132e-004
1.537454545454545e+000 -6.015492172660117e-004
1.537545454545455e+000 -2.332835244747569e-007
1.537636363636364e+000 -5.888103243183831e-004
1.537727272727273e+000 -8.302596063770447e-004
1.537818181818182e+000 -7.689300179507491e-005
1.537909090909091e+000 -3.663015417621014e-004
1.538000000000000e+000 -9.609735938258754e-004
1.538090909090909e+000 -2.623273940368299e-004
1.538181818181818e+000 -1.675191960482961e-004
1.538272727272727e+000 -9.781278320711733e-004
1.538363636363636e+000 -5.057948694648924e-004
1.538454545454546e+000 -3.896515279934640e-005
1.538545454545455e+000 -8.976510152302171e-004
1.538636363636364e+000 -7.559681158598216e-004
1.538727272727273e+000 -1.505955992179772e-007
1.538818181818182e+000 -7.527095256088130e-004
1.538909090909091e+000 -9.742356109242532e-004
1.539000000000000e+000 -4.772163170205925e-005
1.539090909090909e+000 -5.799786753975956e-004
1.539181818181818e+000 -1.139555872287839e-003
1.539272727272727e+000 -1.640739941994270e-004
1.539363636363637e+000 -4.102597429295321e-004
1.539454545454545e+000 -1.247045663801239e-003
1.539545454545455e+000 -3.261098512033715e-004
1.539636363636364e+000 -2.641706027397488e-004
1.539727272727273e+000 -1.303401594826063e-003
1.539818181818182e+000 -5.117418117027554e-004
1.539909090909091e+000 -1.518151035950581e-004
1.540000000000000e+000 -1.321730430956599e-003
1.540090909090909e+000 -7.034949454934865e-004
1.540181818181818e+000 -7.475241186791542e-005
1.540272727272727e+000 -1.317317603223819e-003
1.540363636363636e+000 -8.896258940098720e-004
1.540454545454546e+000 -2.879115457408438e-005
1.540545454545455e+000 -1.304900377241329e-003
1.540636363636364e+000 -1.063585486586984e-003
1.540727272727273e+000 -6.652939036641718e-006
1.540818181818182e+000 -1.297378163871414e-003
1.540909090909091e+000 -1.222622968002038e-003
1.541000000000000e+000 -7.087503945309216e-008
1.541090909090909e+000 -1.305591709682205e-003
1.541181818181818e+000 -1.366105840074302e-003
1.541272727272727e+000 -1.270065851027654e-006
1.541363636363637e+000 -1.338732445720368e-003
1.541454545454545e+000 -1.493878735343014e-003
1.541545454545455e+000 -3.997252885020693e-006
1.541636363636364e+000 -1.404985504342394e-003
1.541727272727273e+000 -1.604796589570172e-003
1.541818181818182e+000 -4.359917606907221e-006
1.541909090909091e+000 -1.512076143345486e-003
1.542000000000000e+000 -1.695473848144086e-003
1.542090909090909e+000 -1.743710115577361e-006
1.542181818181818e+000 -1.667430411331520e-003
1.542272727272727e+000 -1.759296161203042e-003
1.542363636363636e+000 -2.650759452419954e-008
1.542454545454546e+000 -1.877664028839173e-003
1.542545454545455e+000 -1.785837925217438e-003
1.542636363636364e+000 -9.196403544235513e-006
1.542727272727273e+000 -2.147098157159910e-003
1.542818181818182e+000 -1.761007149592353e-003
1.542909090909091e+000 -4.728263762861435e-005
1.543000000000000e+000 -2.475019459852955e-003
1.543090909090909e+000 -1.668472614087723e-003
1.543181818181818e+000 -1.421818950381482e-004
1.543272727272727e+000 -2.851543843673092e-003
1.543363636363637e+000 -1.493152878012182e-003
1.543454545454545e+000 -3.324787170258938e-004
1.543545454545455e+000 -3.252331926357549e-003
1.543636363636364e+000 -1.227627095264177e-003
1.543727272727273e+000 -6.657504278186801e-004
1.543818181818182e+000 -3.633171072733686e-003
1.543909090909091e+000 -8.820300416432815e-004
1.544000000000000e+000 -1.192282715228027e-003
1.544090909090909e+000 -3.926649473338957e-003
1.544181818181818e+000 -4.969954156878490e-004
1.544272727272727e+000 -1.951992129626825e-003
1.544363636363636e+000 -4.044660929371907e-003
1.544454545454546e+000 -1.571999286138153e-004
1.544545454545455e+000 -2.953308833615655e-003
1.544636363636364e+000 -3.891746908050396e-003
1.544727272727273e+000 1.231973563732621e-008
1.544818181818182e+000 -4.145617469476213e-003
1.544909090909091e+000 -3.394172621104297e-003
1.545000000000000e+000 -2.100698486101024e-004
1.545090909090909e+000 -5.392119044154571e-003
1.545181818181818e+000 -2.546467869555385e-003
1.545272727272727e+000 -9.892491283308655e-004
1.545363636363637e+000 -6.457122595780771e-003
1.545454545454545e+000 -1.469284269275747e-003
1.545545454545455e+000 -2.492743111266405e-003
1.545636363636364e+000 -7.028160958865910e-003
1.545727272727273e+000 -4.596015915627371e-004
1.545818181818182e+000 -4.734733694050077e-003
1.545909090909091e+000 -6.793601302554971e-003
1.546000000000000e+000 2.433597520815995e-008
1.546090909090909e+000 -7.486907712962751e-003
1.546181818181818e+000 -5.583524313004514e-003
1.546272727272727e+000 -6.867380731319725e-004
1.546363636363636e+000 -1.022029682932484e-002
1.546454545454546e+000 -3.550677591715583e-003
1.546545454545455e+000 -3.051807685860653e-003
1.546636363636364e+000 -1.215812337795296e-002
1.546727272727273e+000 -1.323624495426258e-003
1.546818181818182e+000 -7.300735497572970e-003
1.546909090909091e+000 -1.249304569102647e-002
1.547000000000000e+000 -2.728741482956534e-005
1.547090909090909e+000 -1.306542344678961e-002
1.547181818181818e+000 -1.075723251014016e-002
1.547272727272727e+000 -1.076902585830485e-003
1.547363636363637e+000 -1.933691079045003e-002
1.547454545454545e+000 -7.223296741750936e-003
1.547545454545455e+000 -5.751500357456790e-003
1.547636363636364e+000 -2.473931291819488e-002
1.547727272727273e+000 -3.106322947367511e-003
1.547818181818182e+000 -1.474438124029812e-002
1.547909090909091e+000 -2.818721155621191e-002
1.548000000000000e+000 -3.159079116558739e-004
1.548090909090909e+000 -2.809314489625204e-002
1.548181818181818e+000 -2.979769751776957e-002
1.548272727272727e+000 -6.158448571500603e-004
1.548363636363636e+000 -4.597532030745163e-002
1.548454545454546e+000 -3.204203181849969e-002
1.548545454545455e+000 -4.073764826760160e-003
1.548636363636364e+000 -7.059345860636247e-002
1.548727272727273e+000 -4.294649943145901e-002
1.548818181818182e+000 -5.970497982000582e-003
1.548909090909091e+000 -1.058389655349175e-001
1.549000000000000e+000 -9.389051477868618e-002
1.549090909090909e+000 -4.030071728761269e-004
1.549181818181818e+000 -1.070324523069366e-001
1.549272727272727e+000 -2.700363716854309e-001
1.549363636363637e+000 -2.697974467576069e-001
1.549454545454545e+000 -2.062504783686475e-001
1.549545454545455e+000 -3.320652368550313e-001
1.549636363636364e+000 -1.196270785473906e+000
1.549727272727273e+000 -1.765358633930114e+000
1.549818181818182e+000 -4.693864871598502e-001
1.549909090909091e+000 -1.000000000000000e+002
1.550000000000000e+000 -1.000000000000000e+002
1.550090909090909e+000 -1.000000000000000e+002
1.550181818181818e+000 -4.482273327033554e-001
1.550272727272727e+000 -1.794031684900869e+000
1.550363636363636e+000 -1.200109692065434e+000
1.550454545454546e+000 -3.667679785183398e-001
1.550545454545455e+000 -2.408600470779413e-001
1.550636363636364e+000 -2.974376287847429e-001
1.550727272727273e+000 -2.619562168286836e-001
1.550818181818182e+000 -7.283270135950212e-002
1.550909090909091e+000 -1.073429783086094e-002
1.551000000000000e+000 -1.224895300209317e-001
1.551090909090909e+000 -7.803396184611962e-002
1.551181818181818e+000 -1.020907713032303e-003
1.551272727272727e+000 -7.412496143460577e-002
1.551363636363637e+000 -4.306461112030582e-002
1.551454545454545e+000 -4.908873073788094e-003
1.551545454545455e+000 -5.730632693550559e-002
1.551636363636364e+000 -1.442971530956547e-002
1.551727272727273e+000 -1.616942565387088e-002
1.551818181818182e+000 -3.969862174749620e-002
1.551909090909091e+000 -5.593663772653304e-004
1.552000000000000e+000 -2.745596748915880e-002
1.552090909090909e+000 -1.740933779137506e-002
1.552181818181818e+000 -4.401304072425422e-003
1.552272727272727e+000 -2.687357890748805e-002
1.552363636363636e+000 -1.745823421377922e-003
1.552454545454546e+000 -1.595953851306912e-002
1.552545454545455e+000 -1.337642369874143e-002
1.552636363636364e+000 -2.357330293480731e-003
1.552727272727273e+000 -1.868258935822375e-002
1.552818181818182e+000 -1.168814596980071e-003
1.552909090909091e+000 -1.181578370029756e-002
1.553000000000000e+000 -8.799004653368353e-003
1.553090909090909e+000 -2.489453520270656e-003
1.553181818181818e+000 -1.347862793906909e-002
1.553272727272727e+000 -2.680151155499231e-004
1.553363636363637e+000 -1.021896767538770e-002
1.553454545454545e+000 -4.840335638682799e-003
1.553545454545455e+000 -3.509056496578183e-003
1.553636363636364e+000 -9.426160668698586e-003
1.553727272727273e+000 -3.784209738451931e-005
1.553818181818182e+000 -9.155093863507454e-003
1.553909090909091e+000 -1.813879717817625e-003
1.554000000000000e+000 -4.911417200471108e-003
1.554090909090909e+000 -5.694535662410892e-003
1.554181818181818e+000 -9.030478067397110e-004
1.554272727272727e+000 -7.547925818823295e-003
1.554363636363636e+000 -1.679729092365964e-004
1.554454545454546e+000 -5.963496914794960e-003
1.554545454545455e+000 -2.384224774408092e-003
1.554636363636364e+000 -2.651028749495034e-003
1.554727272727273e+000 -5.002250529647674e-003
1.554818181818182e+000 -2.980244509616297e-004
1.554909090909091e+000 -5.767571648932512e-003
1.555000000000000e+000 -3.009068400702179e-004
1.555090909090909e+000 -4.302574475350297e-003
1.555181818181818e+000 -2.070719313901657e-003
1.555272727272727e+000 -1.903481555768239e-003
1.555363636363637e+000 -3.932723680013197e-003
1.555454545454545e+000 -2.416238597990871e-004
1.555545454545455e+000 -4.518270096744826e-003
1.555636363636364e+000 -1.668981976232383e-004
1.555727272727273e+000 -3.575938520389948e-003
1.555818181818182e+000 -1.360299630404200e-003
1.555909090909091e+000 -1.860096627936626e-003
1.556000000000000e+000 -2.805749948720696e-003
1.556090909090909e+000 -4.398730061938651e-004
1.556181818181818e+000 -3.553378342187912e-003
1.556272727272727e+000 -6.782576476684473e-006
1.556363636363636e+000 -3.241370159855939e-003
1.556454545454546e+000 -5.770711683053293e-004
1.556545454545455e+000 -2.154771899137272e-003
1.556636363636364e+000 -1.639176026966587e-003
1.556727272727273e+000 -9.259866862619447e-004
1.556818181818182e+000 -2.538259125582447e-003
1.556909090909091e+000 -1.369322562516889e-004
1.557000000000000e+000 -2.831036643070974e-003
1.557090909090909e+000 -5.015177788424836e-005
1.557181818181818e+000 -2.445017035141265e-003
1.557272727272727e+000 -5.610321939533134e-004
1.557363636363637e+000 -1.624881412954317e-003
1.557454545454545e+000 -1.328869101832496e-003
1.557545454545455e+000 -7.531513128430308e-004
1.557636363636364e+000 -1.975643968819599e-003
1.557727272727273e+000 -1.600903680712011e-004
1.557818181818182e+000 -2.247216733034199e-003
1.557909090909091e+000 -5.357143927923048e-006
1.558000000000000e+000 -2.082022935795757e-003
1.558090909090909e+000 -2.576541575679353e-004
1.558181818181818e+000 -1.588149227250920e-003
1.558272727272727e+000 -7.509682620187176e-004
1.558363636363636e+000 -9.651136464258868e-004
1.558454545454546e+000 -1.273477831226551e-003
1.558545454545455e+000 -4.153016571357949e-004
1.558636363636364e+000 -1.647615370550940e-003
1.558727272727273e+000 -7.878934093851652e-005
1.558818181818182e+000 -1.776819013716106e-003
1.558909090909091e+000 -5.964092080277148e-006
1.559000000000000e+000 -1.654148196914181e-003
1.559090909090909e+000 -1.649454458907129e-004
1.559181818181818e+000 -1.342042968963226e-003
1.559272727272727e+000 -4.706672861155066e-004
1.559363636363637e+000 -9.383482092725220e-004
1.559454545454545e+000 -8.202873074246289e-004
1.559545454545455e+000 -5.426224264361247e-004
1.559636363636364e+000 -1.123009006497345e-003
1.559727272727273e+000 -2.318016304758401e-004
1.559818181818182e+000 -1.318152879977835e-003
1.559909090909091e+000 -4.853185475045781e-005
1.560000000000000e+000 -1.380697228670996e-003
1.560090909090909e+000 -9.461608624345344e-007
1.560181818181818e+000 -1.317068041045536e-003
1.560272727272727e+000 -7.016481650930525e-005
1.560363636363636e+000 -1.155408482530799e-003
1.560454545454546e+000 -2.212256164562922e-004
1.560545454545455e+000 -9.343587105867880e-004
1.560636363636364e+000 -4.138890143352126e-004
1.560727272727273e+000 -6.932534731209880e-004
1.560818181818182e+000 -6.110880488571823e-004
1.560909090909091e+000 -4.652636539326057e-004
1.561000000000000e+000 -7.841303344903455e-004
1.561090909090909e+000 -2.738150061632480e-004
1.561181818181818e+000 -9.147754915139840e-004
1.561272727272727e+000 -1.318190673775885e-004
1.561363636363637e+000 -9.948983827996816e-004
1.561454545454545e+000 -4.286820060961050e-005
1.561545454545455e+000 -1.024651042634754e-003
1.561636363636364e+000 -3.491708397786481e-006
1.561727272727273e+000 -1.009970901610294e-003
1.561818181818182e+000 -5.717886587150178e-006
1.561909090909091e+000 -9.600768481688535e-004
1.562000000000000e+000 -3.942149950819166e-005
1.562090909090909e+000 -8.853500759614548e-004
1.562181818181818e+000 -9.417322278559074e-005
1.562272727272727e+000 -7.957787693015751e-004
1.562363636363636e+000 -1.604994073845475e-004
1.562454545454546e+000 -6.999851466534901e-004
1.562545454545455e+000 -2.305898095268718e-004
1.562636363636364e+000 -6.047556191112598e-004
1.562727272727273e+000 -2.985606308332300e-004
1.562818181818182e+000 -5.149505270232070e-004
1.562909090909091e+000 -3.604035212190503e-004
1.563000000000000e+000 -4.336637847104692e-004
1.563090909090909e+000 -4.137441493622285e-004
1.563181818181818e+000 -3.625193082260087e-004
1.563272727272727e+000 -4.575109151421531e-004
1.563363636363637e+000 -3.020177445806281e-004
1.563454545454545e+000 -4.915860914179640e-004
1.563545454545455e+000 -2.518750819588138e-004
1.563636363636364e+000 -5.164849216474489e-004
1.563727272727273e+000 -2.113192132327934e-004
1.563818181818182e+000 -5.330864153103515e-004
1.563909090909091e+000 -1.793292945865767e-004
1.564000000000000e+000 -5.424238535959239e-004
1.564090909090909e+000 -1.548155215456669e-004
1.564181818181818e+000 -5.455329834594527e-004
1.564272727272727e+000 -1.367445223350176e-004
1.564363636363636e+000 -5.433504746194221e-004
1.564454545454546e+000 -1.242191396632705e-004
1.564545454545455e+000 -5.366531791179545e-004
1.564636363636364e+000 -1.165221805538755e-004
1.564727272727273e+000 -5.260289018754348e-004
1.564818181818182e+000 -1.131328195011462e-004
1.564909090909091e+000 -5.118708146087786e-004
1.565000000000000e+000 -1.137225644135876e-004
1.565090909090909e+000 -4.943896337661261e-004
1.565181818181818e+000 -1.181356165479326e-004
1.565272727272727e+000 -4.736397566148153e-004
1.565363636363637e+000 -1.263564662122533e-004
1.565454545454545e+000 -4.495573946226523e-004
1.565545454545455e+000 -1.384659167526602e-004
1.565636363636364e+000 -4.220101461863250e-004
1.565727272727273e+000 -1.545856153709916e-004
1.565818181818182e+000 -3.908582425222679e-004
1.565909090909091e+000 -1.748107350179060e-004
1.566000000000000e+000 -3.560277394724892e-004
1.566090909090909e+000 -1.991308521170708e-004
1.566181818181818e+000 -3.175950523236057e-004
1.566272727272727e+000 -2.273404428454109e-004
1.566363636363636e+000 -2.758803243458030e-004
1.566454545454546e+000 -2.589428853242673e-004
1.566545454545455e+000 -2.315440908246250e-004
1.566636363636364e+000 -2.930554276610109e-004
1.566727272727273e+000 -1.856776200564090e-004
1.566818181818182e+000 -3.283270995548343e-004
1.566909090909091e+000 -1.398724627269284e-004
1.567000000000000e+000 -3.628865544726366e-004
1.567090909090909e+000 -9.624977299712855e-005
1.567181818181818e+000 -3.943414682776461e-004
1.567272727272727e+000 -5.742598168184509e-005
1.567363636363637e+000 -4.198540255518874e-004
1.567454545454545e+000 -2.639001851190382e-005
1.567545454545455e+000 -4.363163519273321e-004
1.567636363636364e+000 -6.270561184920718e-006
1.567727272727273e+000 -4.406433088102646e-004
1.567818181818182e+000 1.805556020996383e-008
1.567909090909091e+000 -4.301857522198217e-004
1.568000000000000e+000 -9.756242169064485e-006
1.568090909090909e+000 -4.032438211459332e-004
1.568181818181818e+000 -3.659722380766567e-005
1.568272727272727e+000 -3.596274821460059e-004
1.568363636363636e+000 -7.972764341289351e-005
1.568454545454546e+000 -3.011737434177925e-004
1.568545454545455e+000 -1.361394188041169e-004
1.568636363636364e+000 -2.320939119594254e-004
1.568727272727273e+000 -2.003872557841077e-004
1.568818181818182e+000 -1.590015369092477e-004
1.568909090909091e+000 -2.647767415635543e-004
1.569000000000000e+000 -9.047711758872415e-005
1.569090909090909e+000 -3.200723992734505e-004
1.569181818181818e+000 -3.607444277633078e-005
1.569272727272727e+000 -3.567762675542594e-004
1.569363636363637e+000 -4.775779776758251e-006
1.569454545454545e+000 -3.668983335527923e-004
1.569545454545455e+000 -3.056956406467842e-006
1.569636363636364e+000 -3.459677419058613e-004
1.569727272727273e+000 -3.290676448086434e-005
1.569818181818182e+000 -2.948518048147240e-004
1.569909090909091e+000 -9.031172555032284e-005
1.570000000000000e+000 -2.208162137549832e-004
1.570090909090909e+000 -1.647990443385745e-004
1.570181818181818e+000 -1.372486270666609e-004
1.570272727272727e+000 -2.405520018986030e-004
1.570363636363636e+000 -6.164901248833886e-005
1.570454545454546e+000 -2.993174144497599e-004
1.570545454545455e+000 -1.189690898646312e-005
1.570636363636364e+000 -3.248148429016704e-004
1.570727272727273e+000 -1.396410608222054e-006
1.570818181818182e+000 -3.077234572889678e-004
1.570909090909091e+000 -3.433003596503827e-005
1.571000000000000e+000 -2.497602714710501e-004
1.571090909090909e+000 -1.026811500876571e-004
1.571181818181818e+000 -1.651430867930538e-004
1.571272727272727e+000 -1.866300878760911e-004
1.571363636363637e+000 -7.811254188092356e-005
1.571454545454545e+000 -2.591859504616629e-004
1.571545454545455e+000 -1.628500097060942e-005
1.571636363636364e+000 -2.945005732219055e-004
1.571727272727273e+000 -1.250057534391434e-006
1.571818181818182e+000 -2.775767916326159e-004
1.571909090909091e+000 -3.948274642628385e-005
1.572000000000000e+000 -2.117183149422138e-004
1.572090909090909e+000 -1.175085619047362e-004
1.572181818181818e+000 -1.199060875235670e-004
1.572272727272727e+000 -2.045617866358866e-004
1.572363636363636e+000 -3.791999159094599e-005
1.572454545454546e+000 -2.634180197566988e-004
1.572545454545455e+000 -3.480455036214472e-007
1.572636363636364e+000 -2.662635089063242e-004
1.572727272727273e+000 -2.452974446956625e-005
1.572818181818182e+000 -2.089800433751220e-004
1.572909090909091e+000 -1.000167169901908e-004
1.573000000000000e+000 -1.161721179645882e-004
1.573090909090909e+000 -1.903080740574954e-004
1.573181818181818e+000 -3.218216952337433e-005
1.573272727272727e+000 -2.486468809429663e-004
1.573363636363637e+000 3.552779191486343e-008
1.573454545454545e+000 -2.420601383119044e-004
1.573545454545455e+000 -3.727714807109923e-005
1.573636363636364e+000 -1.714227325514715e-004
1.573727272727273e+000 -1.237029030184505e-004
1.573818181818182e+000 -7.468278498297195e-005
1.573909090909091e+000 -2.086172020462153e-004
1.574000000000000e+000 -7.898890878906349e-006
1.574090909090909e+000 -2.391593399973928e-004
1.574181818181818e+000 -1.199659990283695e-005
1.574272727272727e+000 -1.937132951419564e-004
1.574363636363636e+000 -8.467346715979613e-005
1.574454545454546e+000 -9.928533239260568e-005
1.574545454545455e+000 -1.777152809101374e-004
1.574636363636364e+000 -1.773543117099997e-005
1.574727272727273e+000 -2.261553815865383e-004
1.574818181818182e+000 -5.310231871385229e-006
1.574909090909091e+000 -1.934232192149294e-004
1.575000000000000e+000 -7.102763362139858e-005
1.575090909090909e+000 -1.010477897876630e-004
1.575181818181818e+000 -1.656913116571589e-004
1.575272727272727e+000 -1.721622509266902e-005
1.575363636363637e+000 -2.152181901677942e-004
1.575454545454545e+000 -6.768771866863723e-006
1.575545454545455e+000 -1.781009226905053e-004
1.575636363636364e+000 -7.799509686418508e-005
1.575727272727273e+000 -8.244832269983858e-005
1.575818181818182e+000 -1.711251938281420e-004
1.575909090909091e+000 -7.488719901732352e-006
1.576000000000000e+000 -2.048279156674644e-004
1.576090909090909e+000 -1.782397982983089e-005
1.576181818181818e+000 -1.471466558384157e-004
1.576272727272727e+000 -1.038470671051827e-004
1.576363636363636e+000 -4.848385158704515e-005
1.576454545454546e+000 -1.852870541523950e-004
1.576545454545455e+000 8.189080822856965e-008
1.576636363636364e+000 -1.830766613923340e-004
1.576727272727273e+000 -4.761818497167855e-005
1.576818181818182e+000 -9.724796354232392e-005
1.576909090909091e+000 -1.437250275790355e-004
1.577000000000000e+000 -1.220846971890287e-005
1.577090909090909e+000 -1.891619816266540e-004
1.577181818181818e+000 -1.463736039817627e-005
1.577272727272727e+000 -1.345285368046151e-004
1.577363636363637e+000 -1.012813069963659e-004
1.577454545454545e+000 -3.651779377012382e-005
1.577545454545455e+000 -1.769417926348834e-004
1.577636363636364e+000 -1.662318274586776e-006
1.577727272727273e+000 -1.556107565143588e-004
1.577818181818182e+000 -6.843788029693209e-005
1.577909090909091e+000 -5.977927439100679e-005
1.578000000000000e+000 -1.585912653542801e-004
1.578090909090909e+000 -1.753277573078938e-007
1.578181818181818e+000 -1.637417257519054e-004
1.578272727272727e+000 -4.726050160121036e-005
1.578363636363636e+000 -7.584823141262841e-005
1.578454545454546e+000 -1.421398257688069e-004
1.578545454545455e+000 -2.600141941080695e-006
1.578636363636364e+000 -1.640753423242249e-004
1.578727272727273e+000 -3.598378796655392e-005
1.578818181818182e+000 -8.316405088773784e-005
1.578909090909091e+000 -1.314102936481420e-004
1.579000000000000e+000 -4.336345508230051e-006
1.579090909090909e+000 -1.604903990045553e-004
1.579181818181818e+000 -3.236524573157359e-005
1.579272727272727e+000 -8.208675137908374e-005
1.579363636363637e+000 -1.274490585694977e-004
1.579454545454545e+000 -3.681286864580646e-006
1.579545454545455e+000 -1.545908155048723e-004
1.579636363636364e+000 -3.523840163794431e-005
1.579727272727273e+000 -7.335796616664418e-005
1.579818181818182e+000 -1.296344690794182e-004
1.579909090909091e+000 -1.305782827245507e-006
1.580000000000000e+000 -1.457439128538187e-004
1.580090909090909e+000 -4.472685837297974e-005
1.580181818181818e+000 -5.784228860768163e-005
1.580272727272727e+000 -1.359160342086438e-004
1.580363636363636e+000 5.628530010715335e-008
1.580454545454546e+000 -1.316006473765915e-004
1.580545454545455e+000 -6.148726405562120e-005
1.580636363636364e+000 -3.732492230414488e-005
1.580727272727273e+000 -1.423632942851791e-004
1.580818181818182e+000 -4.108929820151253e-006
1.580909090909091e+000 -1.092340530717915e-004
1.581000000000000e+000 -8.504494856200956e-005
1.581090909090909e+000 -1.596619428891878e-005
1.581181818181818e+000 -1.427458990365588e-004
1.581272727272727e+000 -1.903310485464968e-005
1.581363636363637e+000 -7.738753906184181e-005
1.581454545454545e+000 -1.114058906790429e-004
1.581545454545455e+000 -1.480238144820226e-006
1.581636363636364e+000 -1.294722484138487e-004
1.581727272727273e+000 -4.779059117659424e-005
1.581818181818182e+000 -3.989220706796803e-005
1.581909090909091e+000 -1.311003461524552e-004
1.582000000000000e+000 -4.139404029059667e-006
1.582090909090909e+000 -9.746954010813984e-005
1.582181818181818e+000 -8.644438227331695e-005
1.582272727272727e+000 -8.574242024240868e-006
1.582363636363636e+000 -1.304832122445418e-004
1.582454545454546e+000 -3.127146141167299e-005
1.582545454545455e+000 -5.114083020383266e-005
1.582636363636364e+000 -1.199000379480928e-004
1.582727272727273e+000 -1.301610902362317e-006
1.582818181818182e+000 -9.971196553730310e-005
1.582909090909091e+000 -7.735121977057297e-005
1.583000000000000e+000 -9.989904785470091e-006
1.583090909090909e+000 -1.251570437996677e-004
1.583181818181818e+000 -3.032458010712483e-005
1.583272727272727e+000 -4.656676716569277e-005
1.583363636363637e+000 -1.169586686591015e-004
1.583454545454545e+000 -2.834092393260437e-006
1.583545454545455e+000 -8.834841412799614e-005
1.583636363636364e+000 -8.360855620750783e-005
1.583727272727273e+000 -4.177809607778269e-006
1.583818181818182e+000 -1.152975075391885e-004
1.583909090909091e+000 -4.313415728129988e-005
1.584000000000000e+000 -2.878585197510074e-005
1.584090909090909e+000 -1.184134626683578e-004
1.584181818181818e+000 -1.228388332451297e-005
1.584272727272727e+000 -6.304031103852165e-005
1.584363636363636e+000 -1.002147389499997e-004
1.584454545454546e+000 -4.511250721028525e-008
1.584545454545455e+000 -9.318171789048987e-005
1.584636363636364e+000 -7.018278852034997e-005
1.584727272727273e+000 -6.685139628715025e-006
1.584818181818182e+000 -1.104142729454051e-004
1.584909090909091e+000 -3.913062706164544e-005
1.585000000000000e+000 -2.649243971249096e-005
1.585090909090909e+000 -1.122551603177976e-004
1.585181818181818e+000 -1.519272031312783e-005
1.585272727272727e+000 -5.161988962549176e-005
1.585363636363637e+000 -1.011664535377457e-004
1.585454545454545e+000 -2.267192104948637e-006
1.585545454545455e+000 -7.515247884644740e-005
1.585636363636364e+000 -8.211158915122055e-005
1.585727272727273e+000 -4.165722529978528e-007
1.585818181818182e+000 -9.267156685101419e-005
1.585909090909091e+000 -6.032655003358132e-005
1.586000000000000e+000 -7.245398350780832e-006
1.586090909090909e+000 -1.024633664846135e-004
1.586181818181818e+000 -3.992053080914997e-005
1.586272727272727e+000 -1.939442321657003e-005
1.586363636363636e+000 -1.049092716143343e-004
1.586454545454546e+000 -2.335527883119818e-005
1.586545454545455e+000 -3.366043953252572e-005
1.586636363636364e+000 -1.016021009777020e-004
1.586727272727273e+000 -1.155245254634565e-005
1.586818181818182e+000 -4.760175871189089e-005
1.586909090909091e+000 -9.455354163777952e-005
1.587000000000000e+000 -4.312471315479720e-006
1.587090909090909e+000 -5.970765644520077e-005
1.587181818181818e+000 -8.565404806203438e-005
1.587272727272727e+000 -7.951728646943479e-007
1.587363636363637e+000 -6.929245836429097e-005
1.587454545454546e+000 -7.639834174835678e-005
1.587545454545455e+000 8.049257103697873e-008
1.587636363636364e+000 -7.626759121630567e-005
1.587727272727273e+000 -6.781438045931330e-005
1.587818181818182e+000 -6.315952097983235e-007
1.587909090909091e+000 -8.089850143603625e-005
1.588000000000000e+000 -6.051460733766875e-005
1.588090909090909e+000 -2.048342308282675e-006
1.588181818181818e+000 -8.360273666224682e-005
1.588272727272727e+000 -5.480029361131263e-005
1.588363636363636e+000 -3.509628251584291e-006
1.588454545454546e+000 -8.480730827074041e-005
1.588545454545455e+000 -5.077239468508654e-005
1.588636363636364e+000 -4.576369166653694e-006
1.588727272727273e+000 -8.486133514027848e-005
1.588818181818182e+000 -4.842353457679321e-005
1.588909090909091e+000 -5.005204863498993e-006
1.589000000000000e+000 -8.399104629522886e-005
1.589090909090909e+000 -4.770071519891668e-005
1.589181818181818e+000 -4.720600435434566e-006
1.589272727272727e+000 -8.228380212290178e-005
1.589363636363637e+000 -4.853678484968711e-005
1.589454545454546e+000 -3.795665197265612e-006
1.589545454545455e+000 -7.969178680691772e-005
1.589636363636364e+000 -5.085232994534526e-005
1.589727272727273e+000 -2.445165446403881e-006
1.589818181818182e+000 -7.605159130895514e-005
1.589909090909091e+000 -5.453081911724430e-005
1.590000000000000e+000 -1.027757370485361e-006
1.590090909090909e+000 -7.112128076280660e-005
1.590181818181818e+000 -5.937077262136402e-005
1.590272727272727e+000 -4.863760244500861e-008
1.590363636363636e+000 -6.464040276557253e-005
1.590454545454546e+000 -6.502138233289546e-005
1.590545454545455e+000 -1.481590927127353e-007
1.590636363636364e+000 -5.641931698126652e-005
1.590727272727273e+000 -7.091375137517037e-005
1.590818181818182e+000 -2.057059608494428e-006
1.590909090909091e+000 -4.646035135695143e-005
1.591000000000000e+000 -7.620920533255492e-005
1.591090909090909e+000 -6.496926740398621e-006
1.591181818181818e+000 -3.510252797742056e-005
1.591272727272727e+000 -7.979756686616217e-005
1.591363636363637e+000 -1.400933640999906e-005
1.591454545454546e+000 -2.316266482946119e-005
1.591545454545455e+000 -8.038755180890837e-005
1.591636363636364e+000 -2.471400570842438e-005
1.591727272727273e+000 -1.202008673025094e-005
1.591818181818182e+000 -7.673034440233797e-005
1.591909090909091e+000 -3.802975514049508e-005
1.592000000000000e+000 -3.567214825813840e-006
1.592090909090909e+000 -6.799448052131713e-005
1.592181818181818e+000 -5.244146589093603e-005
1.592272727272727e+000 6.065119814910437e-008
1.592363636363636e+000 -5.425454616782742e-005
1.592454545454546e+000 -6.544965758624921e-005
1.592545454545455e+000 -2.967023820308263e-006
1.592636363636364e+000 -3.696627754414463e-005
1.592727272727273e+000 -7.386808288263122e-005
1.592818181818182e+000 -1.338649712771816e-005
1.592909090909091e+000 -1.919695598653413e-005
1.593000000000000e+000 -7.459407704327271e-005
1.593090909090909e+000 -3.000363215213218e-005
1.593181818181818e+000 -5.316649241302006e-006
1.593272727272727e+000 -6.582107470046231e-005
1.593363636363637e+000 -4.919542344667986e-005
1.593454545454546e+000 8.205165129666263e-008
1.593545454545455e+000 -4.838330045829706e-005
1.593636363636364e+000 -6.524842368860561e-005
1.593727272727273e+000 -6.001730763242191e-006
1.593818181818182e+000 -2.659630491985674e-005
1.593909090909091e+000 -7.191706862843541e-005
1.594000000000000e+000 -2.294952137679036e-005
1.594090909090909e+000 -7.781787946365805e-006
1.594181818181818e+000 -6.510132141142910e-005
1.594272727272727e+000 -4.533395401412017e-005
1.594363636363636e+000 7.919499130838958e-008
1.594454545454546e+000 -4.572503423036078e-005
1.594545454545455e+000 -6.382059746333327e-005
1.594636363636364e+000 -7.759729523625970e-006
1.594727272727273e+000 -2.110280428538391e-005
1.594818181818182e+000 -6.882165683185542e-005
1.594909090909091e+000 -2.902595305627169e-005
1.595000000000000e+000 -3.005897422426086e-006
1.595090909090909e+000 -5.598107615979777e-005
1.595181818181818e+000 -5.343595891103002e-005
1.595272727272727e+000 -1.964202961203016e-006
1.595363636363637e+000 -3.055950227382991e-005
1.595454545454546e+000 -6.671537782282698e-005
1.595545454545455e+000 -2.003929740592430e-005
1.595636363636364e+000 -6.842846421201109e-006
1.595727272727273e+000 -5.911308577481071e-005
1.595818181818182e+000 -4.693412679485582e-005
1.595909090909091e+000 -5.767950648446396e-007
1.596000000000000e+000 -3.373314284704607e-005
1.596090909090909e+000 -6.423296264055881e-005
1.596181818181818e+000 -1.744748886708519e-005
1.596272727272727e+000 -7.527343028007343e-006
1.596363636363636e+000 -5.782737795034711e-005
1.596454545454546e+000 -4.594678277144071e-005
1.596545454545455e+000 -8.127209744870225e-007
1.596636363636364e+000 -3.080542253363239e-005
1.596727272727273e+000 -6.309239963155215e-005
1.596818181818182e+000 -2.032381276781107e-005
1.596909090909091e+000 -4.683999828011853e-006
1.597000000000000e+000 -5.269116687608926e-005
1.597090909090909e+000 -4.994272677286718e-005
1.597181818181818e+000 -3.141843838308833e-006
1.597272727272727e+000 -2.237877221799002e-005
1.597363636363637e+000 -6.166186985515135e-005
1.597454545454546e+000 -2.882230982700645e-005
1.597545454545455e+000 -7.210750198839067e-007
1.597636363636364e+000 -4.220890303260930e-005
1.597727272727273e+000 -5.639663689996066e-005
1.597818181818182e+000 -1.060070874108185e-005
1.597909090909091e+000 -1.035600365724230e-005
1.598000000000000e+000 -5.549399537774224e-005
1.598090909090909e+000 -4.228250251925414e-005
1.598181818181818e+000 -1.110624566017744e-006
1.598272727272727e+000 -2.535193230849704e-005
1.598363636363636e+000 -5.930207784369871e-005
1.598454545454546e+000 -2.614408552364515e-005
1.598545454545455e+000 -7.522143017887644e-007
1.598636363636364e+000 -3.961039540371956e-005
1.598727272727273e+000 -5.515962092008022e-005
1.598818181818182e+000 -1.283949149513203e-005
1.598909090909091e+000 -6.746851701255481e-006
1.599000000000000e+000 -4.971790925575780e-005
1.599090909090909e+000 -4.646680043386504e-005
1.599181818181818e+000 -4.366710735638180e-006
1.599272727272727e+000 -1.558479116860383e-005
1.599363636363637e+000 -5.490630918622321e-005
1.599454545454546e+000 -3.647284262434022e-005
1.599545454545455e+000 -5.273932095166653e-007
1.599636363636364e+000 -2.450221182668385e-005
1.599727272727273e+000 -5.605444417644126e-005
1.599818181818182e+000 -2.735096184327549e-005
1.599909090909091e+000 -2.614803538284076e-008
1.600000000000000e+000 -3.192626550805836e-005
