1.500000000000000e+000 -6.094908294241415e+001
1.500090909090909e+000 -8.271295467173522e+001
1.500181818181818e+000 -5.964207210604889e+001
1.500272727272727e+000 -5.449194435209525e+001
1.500363636363636e+000 -5.207409619629401e+001
1.500454545454546e+000 -5.114210323489960e+001
1.500545454545455e+000 -5.141385883197654e+001
1.500636363636364e+000 -5.300195393775895e+001
1.500727272727273e+000 -5.659795453852612e+001
1.500818181818182e+000 -6.585521983660803e+001
1.500909090909091e+000 -6.535540147624501e+001
1.501000000000000e+000 -5.635364322159714e+001
1.501090909090909e+000 -5.278877575341969e+001
1.501181818181818e+000 -5.124475802023167e+001
1.501272727272727e+000 -5.109297479878124e+001
1.501363636363637e+000 -5.231069570321245e+001
1.501454545454545e+000 -5.543014419977929e+001
1.501545454545455e+000 -6.311855106932492e+001
1.501636363636364e+000 -6.772365870745163e+001
1.501727272727273e+000 -5.667934502395863e+001
1.501818181818182e+000 -5.276891932328506e+001
1.501909090909091e+000 -5.113571364745276e+001
1.502000000000000e+000 -5.102809121948020e+001
1.502090909090909e+000 -5.243642152707536e+001
1.502181818181818e+000 -5.606270668121739e+001
1.502272727272727e+000 -6.617811874700594e+001
1.502363636363636e+000 -6.332007313984814e+001
1.502454545454546e+000 -5.514134731686836e+001
1.502545454545455e+000 -5.195101188559767e+001
1.502636363636364e+000 -5.083573645200610e+001
1.502727272727273e+000 -5.131050345536725e+001
1.502818181818182e+000 -5.361566534415927e+001
1.502909090909091e+000 -5.937335697989997e+001
1.503000000000000e+000 -7.723763277989481e+001
1.503090909090909e+000 -5.749611491673500e+001
1.503181818181818e+000 -5.278521291217455e+001
1.503272727272727e+000 -5.094399607611477e+001
1.503363636363637e+000 -5.090182662882151e+001
1.503454545454545e+000 -5.267475835090791e+001
1.503545454545455e+000 -5.740003737846489e+001
1.503636363636364e+000 -7.953134638861501e+001
1.503727272727273e+000 -5.865155658784055e+001
1.503818181818182e+000 -5.306970118591811e+001
1.503909090909091e+000 -5.093505525369408e+001
1.504000000000000e+000 -5.077578977539994e+001
1.504090909090909e+000 -5.254914943593217e+001
1.504181818181818e+000 -5.747960975136027e+001
1.504272727272727e+000 -9.014043590834366e+001
1.504363636363636e+000 -5.778376735811929e+001
1.504454545454546e+000 -5.257825159151979e+001
1.504545454545455e+000 -5.070075278256694e+001
1.504636363636364e+000 -5.086761305435593e+001
1.504727272727273e+000 -5.321032109404725e+001
1.504818181818182e+000 -5.978222172228014e+001
1.504909090909091e+000 -6.864988124110811e+001
1.505000000000000e+000 -5.543176401573014e+001
1.505090909090909e+000 -5.155596480049226e+001
1.505181818181818e+000 -5.045193285242617e+001
1.505272727272727e+000 -5.145308895347971e+001
1.505363636363637e+000 -5.525131720422753e+001
1.505454545454545e+000 -6.863086329432500e+001
1.505545454545455e+000 -5.929926427611676e+001
1.505636363636364e+000 -5.279827292041652e+001
1.505727272727273e+000 -5.057869943056964e+001
1.505818181818182e+000 -5.070569935733709e+001
1.505909090909091e+000 -5.330437819631485e+001
1.506000000000000e+000 -6.120060287840663e+001
1.506090909090909e+000 -6.380930934775250e+001
1.506181818181818e+000 -5.393518635471454e+001
1.506272727272727e+000 -5.081847387579669e+001
1.506363636363636e+000 -5.040156328327102e+001
1.506454545454546e+000 -5.244273366891223e+001
1.506545454545455e+000 -5.891913743284311e+001
1.506636363636364e+000 -6.740426967728160e+001
1.506727272727273e+000 -5.449881345983478e+001
1.506818181818182e+000 -5.089812084057733e+001
1.506909090909091e+000 -5.027695175480498e+001
1.507000000000000e+000 -5.221840224027024e+001
1.507090909090909e+000 -5.867026406095274e+001
1.507181818181818e+000 -6.699135247547011e+001
1.507272727272727e+000 -5.421202275490546e+001
1.507363636363637e+000 -5.070810734693031e+001
1.507454545454545e+000 -5.025760053150479e+001
1.507545454545455e+000 -5.255454478316895e+001
1.507636363636364e+000 -6.030535297883247e+001
1.507727272727273e+000 -6.293872868230692e+001
1.507818181818182e+000 -5.316761958076729e+001
1.507909090909091e+000 -5.032292398043654e+001
1.508000000000000e+000 -5.044122169997390e+001
1.508090909090909e+000 -5.367450584722430e+001
1.508181818181818e+000 -6.583324914385226e+001
1.508272727272727e+000 -5.831378398757080e+001
1.508363636363636e+000 -5.176135997011985e+001
1.508454545454546e+000 -4.998514418126214e+001
1.508545454545455e+000 -5.112028936428910e+001
1.508636363636364e+000 -5.633818435597545e+001
1.508727272727273e+000 -7.327082121398415e+001
1.508818181818182e+000 -5.441846931078884e+001
1.508909090909091e+000 -5.048071457154133e+001
1.509000000000000e+000 -5.008709594963692e+001
1.509090909090909e+000 -5.292064437872238e+001
1.509181818181818e+000 -6.378225785889696e+001
1.509272727272727e+000 -5.850365797230025e+001
1.509363636363637e+000 -5.155885587828593e+001
1.509454545454545e+000 -4.982130735218505e+001
1.509545454545455e+000 -5.125919324996137e+001
1.509636363636364e+000 -5.761115001298156e+001
1.509727272727273e+000 -6.504810416521430e+001
1.509818181818182e+000 -5.293412317074643e+001
1.509909090909091e+000 -4.993684745369110e+001
1.510000000000000e+000 -5.041558567160858e+001
1.510090909090909e+000 -5.495254393834532e+001
1.510181818181818e+000 -8.233705072454706e+001
1.510272727272727e+000 -5.430787397006780e+001
1.510363636363636e+000 -5.017573774314737e+001
1.510454545454546e+000 -4.999377101623652e+001
1.510545454545455e+000 -5.362253116109095e+001
1.510636363636364e+000 -7.254563965361913e+001
1.510727272727273e+000 -5.533693003159728e+001
1.510818181818182e+000 -5.035188258934087e+001
1.510909090909091e+000 -4.978880525499430e+001
1.511000000000000e+000 -5.303567261421866e+001
1.511090909090909e+000 -6.862213715318512e+001
1.511181818181818e+000 -5.569728672227027e+001
1.511272727272727e+000 -5.034997927784174e+001
1.511363636363637e+000 -4.970360657780594e+001
1.511454545454545e+000 -5.299975713078414e+001
1.511545454545455e+000 -6.977314878578427e+001
1.511636363636364e+000 -5.524251039883532e+001
1.511727272727273e+000 -5.013989187454693e+001
1.511818181818182e+000 -4.972717129804055e+001
1.511909090909091e+000 -5.352698901704017e+001
1.512000000000000e+000 -8.063984135715693e+001
1.512090909090909e+000 -5.410392969814314e+001
1.512181818181818e+000 -4.978209659796828e+001
1.512272727272727e+000 -4.993253169446686e+001
1.512363636363636e+000 -5.484349488908377e+001
1.512454545454546e+000 -6.964878164527963e+001
1.512545454545455e+000 -5.259959026974088e+001
1.512636363636364e+000 -4.941683583162070e+001
1.512727272727273e+000 -5.049085406589240e+001
1.512818181818182e+000 -5.762494198855383e+001
1.512909090909091e+000 -6.057660245088667e+001
1.513000000000000e+000 -5.107345102085790e+001
1.513090909090909e+000 -4.925128406074362e+001
1.513181818181818e+000 -5.172897333498597e+001
1.513272727272727e+000 -6.462660936070368e+001
1.513363636363637e+000 -5.543973262351889e+001
1.513454545454545e+000 -4.982477575155532e+001
1.513545454545455e+000 -4.957264521790981e+001
1.513636363636364e+000 -5.435746434895494e+001
1.513727272727273e+000 -6.858329085516903e+001
1.513818181818182e+000 -5.203107614048759e+001
1.513909090909091e+000 -4.913448444446136e+001
1.514000000000000e+000 -5.083860612549614e+001
1.514090909090909e+000 -6.085466228392063e+001
1.514181818181818e+000 -5.650246654808635e+001
1.514272727272727e+000 -4.987871803580870e+001
1.514363636363636e+000 -4.935537563202441e+001
1.514454545454546e+000 -5.406723497093233e+001
1.514545454545455e+000 -6.783173387721817e+001
1.514636363636364e+000 -5.166695443056606e+001
1.514727272727273e+000 -4.897329933482379e+001
1.514818181818182e+000 -5.113837645687613e+001
1.514909090909091e+000 -6.415487840932170e+001
1.515000000000000e+000 -5.463838349640368e+001
1.515090909090909e+000 -4.931879034083899e+001
1.515181818181818e+000 -4.966986917201062e+001
1.515272727272727e+000 -5.650480850545370e+001
1.515363636363637e+000 -5.947996468604968e+001
1.515454545454545e+000 -5.019013082538850e+001
1.515545454545455e+000 -4.898484036065098e+001
1.515636363636364e+000 -5.320034620608173e+001
1.515727272727273e+000 -6.989788502075518e+001
1.515818181818182e+000 -5.144990123478888e+001
1.515909090909091e+000 -4.876568713851157e+001
1.516000000000000e+000 -5.137074223698649e+001
1.516090909090909e+000 -6.988672244547168e+001
1.516181818181818e+000 -5.297659180462080e+001
1.516272727272727e+000 -4.881764901035753e+001
1.516363636363636e+000 -5.028679157549171e+001
1.516454545454546e+000 -6.155547054569725e+001
1.516545454545455e+000 -5.462883455627936e+001
1.516636363636364e+000 -4.899977992891625e+001
1.516727272727273e+000 -4.963473520836659e+001
1.516818181818182e+000 -5.826100906792373e+001
1.516909090909091e+000 -5.621121369218751e+001
1.517000000000000e+000 -4.920169924451965e+001
1.517090909090909e+000 -4.924697556705234e+001
1.517181818181818e+000 -5.658955952391360e+001
1.517272727272727e+000 -5.745573265584106e+001
1.517363636363637e+000 -4.933851603042987e+001
1.517454545454545e+000 -4.902781277004274e+001
1.517545454545455e+000 -5.581291013998142e+001
1.517636363636364e+000 -5.806501485183225e+001
1.517727272727273e+000 -4.935426509444665e+001
1.517818181818182e+000 -4.892805870327729e+001
1.517909090909091e+000 -5.570214456709287e+001
1.518000000000000e+000 -5.784830751071453e+001
1.518090909090909e+000 -4.922761374837859e+001
1.518181818181818e+000 -4.893613494930385e+001
1.518272727272727e+000 -5.624369620985998e+001
1.518363636363636e+000 -5.685152310427831e+001
1.518454545454546e+000 -4.897471906504980e+001
1.518545454545455e+000 -4.907630322746334e+001
1.518636363636364e+000 -5.762634891276559e+001
1.518727272727273e+000 -5.532304161649666e+001
1.518818181818182e+000 -4.864689616743942e+001
1.518909090909091e+000 -4.941230040930549e+001
1.519000000000000e+000 -6.045934220557460e+001
1.519090909090909e+000 -5.356055735808571e+001
1.519181818181818e+000 -4.832490884678813e+001
1.519272727272727e+000 -5.006011900650871e+001
1.519363636363637e+000 -6.726749172656700e+001
1.519454545454545e+000 -5.180594237271529e+001
1.519545454545455e+000 -4.811472474211372e+001
1.519636363636364e+000 -5.122405107773616e+001
1.519727272727273e+000 -7.260128529304781e+001
1.519818181818182e+000 -5.023082250343594e+001
1.519909090909091e+000 -4.815071934201681e+001
1.520000000000000e+000 -5.330766010712449e+001
1.520090909090909e+000 -5.967077756533303e+001
1.520181818181818e+000 -4.896429202269018e+001
1.520272727272727e+000 -4.861480551742915e+001
1.520363636363636e+000 -5.737269935361225e+001
1.520454545454546e+000 -5.427044050743594e+001
1.520545454545455e+000 -4.812746029175880e+001
1.520636363636364e+000 -4.979367958329813e+001
1.520727272727273e+000 -6.983822293114410e+001
1.520818181818182e+000 -5.095261758308594e+001
1.520909090909091e+000 -4.787057163371220e+001
1.521000000000000e+000 -5.226565388072323e+001
1.521090909090909e+000 -6.105812105507004e+001
1.521181818181818e+000 -4.886658563896549e+001
1.521272727272727e+000 -4.843178741712793e+001
1.521363636363637e+000 -5.784267986055798e+001
1.521454545454545e+000 -5.333414555628484e+001
1.521545454545455e+000 -4.781784378115140e+001
1.521636363636364e+000 -5.029005251986090e+001
1.521727272727273e+000 -7.546503734285312e+001
1.521818181818182e+000 -4.965080616171938e+001
1.521909090909091e+000 -4.789619699991710e+001
1.522000000000000e+000 -5.482940108474782e+001
1.522090909090909e+000 -5.512994425910791e+001
1.522181818181818e+000 -4.787021209337479e+001
1.522272727272727e+000 -4.953109695020040e+001
1.522363636363636e+000 -7.731504139911675e+001
1.522454545454546e+000 -4.993401537582835e+001
1.522545454545455e+000 -4.768876103507469e+001
1.522636363636364e+000 -5.421269012993378e+001
1.522727272727273e+000 -5.525810522495532e+001
1.522818181818182e+000 -4.773960139732895e+001
1.522909090909091e+000 -4.951406256997699e+001
1.523000000000000e+000 -1.000000000000000e+002
1.523090909090909e+000 -4.947575261147986e+001
1.523181818181818e+000 -4.768078709367999e+001
1.523272727272727e+000 -5.549227596898212e+001
1.523363636363637e+000 -5.354733566590926e+001
1.523454545454545e+000 -4.743068919610425e+001
1.523545454545455e+000 -5.031657306778201e+001
1.523636363636364e+000 -6.469368416186643e+001
1.523727272727273e+000 -4.847138211645359e+001
1.523818181818182e+000 -4.805530596170191e+001
1.523909090909091e+000 -6.037315005237009e+001
1.524000000000000e+000 -5.095802512705505e+001
1.524090909090909e+000 -4.723918087748315e+001
1.524181818181818e+000 -5.266980708890485e+001
1.524272727272727e+000 -5.586137497363588e+001
1.524363636363636e+000 -4.744113291776572e+001
1.524454545454546e+000 -4.939236653301867e+001
1.524545454545455e+000 -7.107041718655584e+001
1.524636363636364e+000 -4.854345243292923e+001
1.524727272727273e+000 -4.775720607292050e+001
1.524818181818182e+000 -5.988288988880477e+001
1.524909090909091e+000 -5.063440947653865e+001
1.525000000000000e+000 -4.707590259879922e+001
1.525090909090909e+000 -5.330393822407081e+001
1.525181818181818e+000 -5.414169702980546e+001
1.525272727272727e+000 -4.707178777019752e+001
1.525363636363637e+000 -5.017277816094544e+001
1.525454545454545e+000 -6.075855793531590e+001
1.525545454545455e+000 -4.761446328262073e+001
1.525636363636364e+000 -4.840071322511146e+001
1.525727272727273e+000 -7.881699789904091e+001
1.525818181818182e+000 -4.864752833355574e+001
1.525909090909091e+000 -4.739162729208881e+001
1.526000000000000e+000 -5.942308970656127e+001
1.526090909090909e+000 -5.016857503969651e+001
1.526181818181818e+000 -4.687930780385118e+001
1.526272727272727e+000 -5.438667475150140e+001
1.526363636363636e+000 -5.223562396726927e+001
1.526454545454546e+000 -4.671378417116475e+001
1.526545454545455e+000 -5.164528084187115e+001
1.526636363636364e+000 -5.500809752252437e+001
1.526727272727273e+000 -4.679587687345572e+001
1.526818181818182e+000 -4.991909911575332e+001
1.526909090909091e+000 -5.888668897050606e+001
1.527000000000000e+000 -4.705107310903233e+001
1.527090909090909e+000 -4.876926334510706e+001
1.527181818181818e+000 -6.515273952506067e+001
1.527272727272727e+000 -4.741720795600901e+001
1.527363636363637e+000 -4.798528061126088e+001
1.527454545454545e+000 -8.764583018269256e+001
1.527545454545455e+000 -4.783817431881902e+001
1.527636363636364e+000 -4.744635296314234e+001
1.527727272727273e+000 -6.825394723825538e+001
1.527818181818182e+000 -4.826103160704672e+001
1.527909090909091e+000 -4.707544112327279e+001
1.528000000000000e+000 -6.276681910034883e+001
1.528090909090909e+000 -4.863568302007730e+001
1.528181818181818e+000 -4.682071613749977e+001
1.528272727272727e+000 -6.018624007260917e+001
1.528363636363636e+000 -4.891684213874066e+001
1.528454545454546e+000 -4.664721669210208e+001
1.528545454545455e+000 -5.885257559352973e+001
1.528636363636364e+000 -4.906783174188964e+001
1.528727272727273e+000 -4.653292211142870e+001
1.528818181818182e+000 -5.831305978929241e+001
1.528909090909091e+000 -4.906512720164135e+001
1.529000000000000e+000 -4.646693098007919e+001
1.529090909090909e+000 -5.843713769775767e+001
1.529181818181818e+000 -4.890197335152830e+001
1.529272727272727e+000 -4.644873128541840e+001
1.529363636363637e+000 -5.927365173673830e+001
1.529454545454545e+000 -4.858951372364829e+001
1.529545454545455e+000 -4.648815283987078e+001
1.529636363636364e+000 -6.109949997659870e+001
1.529727272727273e+000 -4.815490559583582e+001
1.529818181818182e+000 -4.660598260559769e+001
1.529909090909091e+000 -6.481120799352446e+001
1.530000000000000e+000 -4.763727923653718e+001
1.530090909090909e+000 -4.683560301776214e+001
1.530181818181818e+000 -7.567381378393601e+001
1.530272727272727e+000 -4.708322048622038e+001
1.530363636363636e+000 -4.722657551826004e+001
1.530454545454546e+000 -6.910862381725065e+001
1.530545454545455e+000 -4.654333691264324e+001
1.530636363636364e+000 -4.785225896741419e+001
1.530727272727273e+000 -6.029605863733387e+001
1.530818181818182e+000 -4.607080614286600e+001
1.530909090909091e+000 -4.882661784158731e+001
1.531000000000000e+000 -5.553344784362866e+001
1.531090909090909e+000 -4.572224753428734e+001
1.531181818181818e+000 -5.034516885813670e+001
1.531272727272727e+000 -5.223180237159709e+001
1.531363636363637e+000 -4.556122559177162e+001
1.531454545454545e+000 -5.280495685691997e+001
1.531545454545455e+000 -4.976152513240653e+001
1.531636363636364e+000 -4.566544090882181e+001
1.531727272727273e+000 -5.730270612649451e+001
1.531818181818182e+000 -4.788723027387898e+001
1.531909090909091e+000 -4.614086543146338e+001
1.532000000000000e+000 -7.126462859786992e+001
1.532090909090909e+000 -4.651448939255666e+001
1.532181818181818e+000 -4.715251213881053e+001
1.532272727272727e+000 -6.046403395355706e+001
1.532363636363636e+000 -4.562060613973407e+001
1.532454545454546e+000 -4.900485726831548e+001
1.532545454545455e+000 -5.301500871884278e+001
1.532636363636364e+000 -4.523574354540035e+001
1.532727272727273e+000 -5.242375279250370e+001
1.532818181818182e+000 -4.914721835648868e+001
1.532909090909091e+000 -4.544972304517501e+001
1.533000000000000e+000 -6.038812068384878e+001
1.533090909090909e+000 -4.678661765634271e+001
1.533181818181818e+000 -4.645235699236900e+001
1.533272727272727e+000 -6.332381855859012e+001
1.533363636363637e+000 -4.543502449852011e+001
1.533454545454545e+000 -4.866885527578722e+001
1.533545454545455e+000 -5.245153365381135e+001
1.533636363636364e+000 -4.497259295291355e+001
1.533727272727273e+000 -5.336617993939333e+001
1.533818181818182e+000 -4.805321912331911e+001
1.533909090909091e+000 -4.548360182909877e+001
1.534000000000000e+000 -7.230587077019595e+001
1.534090909090909e+000 -4.574312680939764e+001
1.534181818181818e+000 -4.732011598314172e+001
1.534272727272727e+000 -5.476835335599456e+001
1.534363636363636e+000 -4.479702962429080e+001
1.534454545454546e+000 -5.162317398077110e+001
1.534545454545455e+000 -4.846933687728531e+001
1.534636363636364e+000 -4.513786024408757e+001
1.534727272727273e+000 -6.735384104659083e+001
1.534818181818182e+000 -4.560313873394230e+001
1.534909090909091e+000 -4.713822442869928e+001
1.535000000000000e+000 -5.408335005981129e+001
1.535090909090909e+000 -4.457718553157331e+001
1.535181818181818e+000 -5.238370244975526e+001
1.535272727272727e+000 -4.760766593372838e+001
1.535363636363637e+000 -4.521472727141592e+001
1.535454545454545e+000 -7.511977093349169e+001
1.535545454545455e+000 -4.495730893038408e+001
1.535636363636364e+000 -4.813857724276019e+001
1.535727272727273e+000 -5.085416114329983e+001
1.535818181818182e+000 -4.443834901561566e+001
1.535909090909091e+000 -5.713498186424557e+001
1.536000000000000e+000 -4.592683319860829e+001
1.536090909090909e+000 -4.608393547064469e+001
1.536181818181818e+000 -5.586883118243581e+001
1.536272727272727e+000 -4.426548231883354e+001
1.536363636363636e+000 -5.162569221550320e+001
1.536454545454546e+000 -4.722169103654125e+001
1.536545454545455e+000 -4.499730921368612e+001
1.536636363636364e+000 -6.517680493626618e+001
1.536727272727273e+000 -4.438261509105426e+001
1.536818181818182e+000 -4.908798932993461e+001
1.536909090909091e+000 -4.857109146017663e+001
1.537000000000000e+000 -4.440992153605754e+001
1.537090909090909e+000 -7.278571465969851e+001
1.537181818181818e+000 -4.456805825136545e+001
1.537272727272727e+000 -4.775279142647322e+001
1.537363636363637e+000 -4.965719270414416e+001
1.537454545454545e+000 -4.408214017309397e+001
1.537545454545455e+000 -6.309320767401816e+001
1.537636363636364e+000 -4.466025576873372e+001
1.537727272727273e+000 -4.710328901784694e+001
1.537818181818182e+000 -5.015132954456285e+001
1.537909090909091e+000 -4.388744936147543e+001
1.538000000000000e+000 -6.143269603936745e+001
1.538090909090909e+000 -4.456304174106461e+001
1.538181818181818e+000 -4.696011946979887e+001
1.538272727272727e+000 -4.985081571932153e+001
1.538363636363636e+000 -4.378071818066086e+001
1.538454545454546e+000 -6.363024072524576e+001
1.538545454545455e+000 -4.425938183650088e+001
1.538636363636364e+000 -4.732193689519523e+001
1.538727272727273e+000 -4.880973603851400e+001
1.538818181818182e+000 -4.379096244280699e+001
1.538909090909091e+000 -7.898244038364244e+001
1.539000000000000e+000 -4.381443794653674e+001
1.539090909090909e+000 -4.836425452392212e+001
1.539181818181818e+000 -4.730049236202708e+001
1.539272727272727e+000 -4.402539904395021e+001
1.539363636363637e+000 -6.186428013000167e+001
1.539454545454545e+000 -4.336408043025346e+001
1.539545454545455e+000 -5.059387565680450e+001
1.539636363636364e+000 -4.565779188613749e+001
1.539727272727273e+000 -4.469280312493072e+001
1.539818181818182e+000 -5.359510532896690e+001
1.539909090909091e+000 -4.310290212612814e+001
1.540000000000000e+000 -5.572908838206138e+001
1.540090909090909e+000 -4.417828695590048e+001
1.540181818181818e+000 -4.618942703711684e+001
1.540272727272727e+000 -4.871832459788578e+001
1.540363636363636e+000 -4.329566941145671e+001
1.540454545454546e+000 -7.534684608362807e+001
1.540545454545455e+000 -4.311985332413666e+001
1.540636363636364e+000 -4.945712995580864e+001
1.540727272727273e+000 -4.544232288137533e+001
1.540818181818182e+000 -4.435398358563679e+001
1.540909090909091e+000 -5.243564113835340e+001
1.541000000000000e+000 -4.276085904263585e+001
1.541090909090909e+000 -5.890733849285233e+001
1.541181818181818e+000 -4.336665591546863e+001
1.541272727272727e+000 -4.714763648784299e+001
1.541363636363637e+000 -4.645501229309374e+001
1.541454545454545e+000 -4.352463775194190e+001
1.541545454545455e+000 -5.547216048220939e+001
1.541636363636364e+000 -4.250276938824922e+001
1.541727272727273e+000 -5.518913905214582e+001
1.541818181818182e+000 -4.339365500185392e+001
1.541909090909091e+000 -4.637171124233510e+001
1.542000000000000e+000 -4.660169175415178e+001
1.542090909090909e+000 -4.321086300473252e+001
1.542181818181818e+000 -5.546777033892877e+001
1.542272727272727e+000 -4.227276970838200e+001
1.542363636363636e+000 -5.584193208771831e+001
1.542454545454546e+000 -4.300836831990115e+001
1.542545454545455e+000 -4.671862953580751e+001
1.542636363636364e+000 -4.567795473854848e+001
1.542727272727273e+000 -4.334179172077504e+001
1.542818181818182e+000 -5.220780467892858e+001
1.542909090909091e+000 -4.209287965764412e+001
1.543000000000000e+000 -6.325923258538374e+001
1.543090909090909e+000 -4.232562699807149e+001
1.543181818181818e+000 -4.861823376032931e+001
1.543272727272727e+000 -4.405514660585004e+001
1.543363636363637e+000 -4.421055536808962e+001
1.543454545454545e+000 -4.802207027164104e+001
1.543545454545455e+000 -4.225767065873380e+001
1.543636363636364e+000 -5.899708955339950e+001
1.543727272727273e+000 -4.173215300581941e+001
1.543818181818182e+000 -5.459142407801684e+001
1.543909090909091e+000 -4.239679353464749e+001
1.544000000000000e+000 -4.675654784775678e+001
1.544090909090909e+000 -4.439319626625667e+001
1.544181818181818e+000 -4.342502930852190e+001
1.544272727272727e+000 -4.850974271605912e+001
1.544363636363636e+000 -4.184955164473350e+001
1.544454545454546e+000 -5.948899642011554e+001
1.544545454545455e+000 -4.140459750979482e+001
1.544636363636364e+000 -5.523411234728956e+001
1.544727272727273e+000 -4.191687854510124e+001
1.544818181818182e+000 -4.728644968408070e+001
1.544909090909091e+000 -4.345110750815799e+001
1.545000000000000e+000 -4.378907417323831e+001
1.545090909090909e+000 -4.640336023816465e+001
1.545181818181818e+000 -4.195778091715709e+001
1.545272727272727e+000 -5.230059073005170e+001
1.545363636363637e+000 -4.113513253641578e+001
1.545454545454545e+000 -7.839870307258605e+001
1.545545454545455e+000 -4.108974650502743e+001
1.545636363636364e+000 -5.159387282585760e+001
1.545727272727273e+000 -4.176171671835405e+001
1.545818181818182e+000 -4.617108449306839e+001
1.545909090909091e+000 -4.322088314058127e+001
1.546000000000000e+000 -4.333388958337713e+001
1.546090909090909e+000 -4.573694722151120e+001
1.546181818181818e+000 -4.170118319389703e+001
1.546272727272727e+000 -5.014863450691151e+001
1.546363636363636e+000 -4.083506288745696e+001
1.546454545454546e+000 -6.106263008815623e+001
1.546545454545455e+000 -4.054992535329172e+001
1.546636363636364e+000 -5.733499325625792e+001
1.546727272727273e+000 -4.076509281503319e+001
1.546818181818182e+000 -4.913042337985104e+001
1.546909090909091e+000 -4.146263670511623e+001
1.547000000000000e+000 -4.532011659305568e+001
1.547090909090909e+000 -4.268244156324628e+001
1.547181818181818e+000 -4.302816553272213e+001
1.547272727272727e+000 -4.454845593747858e+001
1.547363636363637e+000 -4.156032230339909e+001
1.547454545454545e+000 -4.736432581315130e+001
1.547545454545455e+000 -4.063638919343937e+001
1.547636363636364e+000 -5.199998761991535e+001
1.547727272727273e+000 -4.011531815322689e+001
1.547818181818182e+000 -6.321413564298153e+001
1.547909090909091e+000 -3.991731199335193e+001
1.548000000000000e+000 -5.909711217178838e+001
1.548090909090909e+000 -3.999483380267410e+001
1.548181818181818e+000 -5.096105289933223e+001
1.548272727272727e+000 -4.032013575980647e+001
1.548363636363636e+000 -4.707288359565069e+001
1.548454545454546e+000 -4.087972598334515e+001
1.548545454545455e+000 -4.462156722610023e+001
1.548636363636364e+000 -4.167250511366866e+001
1.548727272727273e+000 -4.291984169643452e+001
1.548818181818182e+000 -4.271063701059522e+001
1.548909090909091e+000 -4.168667044562779e+001
1.549000000000000e+000 -4.402362077351175e+001
1.549090909090909e+000 -4.077687248808758e+001
1.549181818181818e+000 -4.566788997521037e+001
1.549272727272727e+000 -4.010394892569362e+001
1.549363636363637e+000 -4.774874930182335e+001
1.549454545454545e+000 -3.961095065254752e+001
1.549545454545455e+000 -5.047633681379126e+001
1.549636363636364e+000 -3.925742200469693e+001
1.549727272727273e+000 -5.434412359872743e+001
1.549818181818182e+000 -3.901281832953686e+001
1.549909090909091e+000 -6.101922696706087e+001
1.550000000000000e+000 -3.885289438786416e+001
1.550090909090909e+000 -8.218369829987607e+001
1.550181818181818e+000 -3.875760054707032e+001
1.550272727272727e+000 -6.023602346897801e+001
1.550363636363636e+000 -3.870981188038483e+001
1.550454545454546e+000 -5.494269620643515e+001
1.550545454545455e+000 -3.869455429143494e+001
1.550636363636364e+000 -5.195825809465040e+001
1.550727272727273e+000 -3.869854961515509e+001
1.550818181818182e+000 -4.997180499428128e+001
1.550909090909091e+000 -3.870997891442644e+001
1.551000000000000e+000 -4.855509417426418e+001
1.551090909090909e+000 -3.871840139901318e+001
1.551181818181818e+000 -4.751497419580351e+001
1.551272727272727e+000 -3.871478429695286e+001
1.551363636363637e+000 -4.674935466093093e+001
1.551454545454545e+000 -3.869160615425609e+001
1.551545454545455e+000 -4.619978874409701e+001
1.551636363636364e+000 -3.864299816318195e+001
1.551727272727273e+000 -4.583228233550697e+001
1.551818181818182e+000 -3.856488927861122e+001
1.551909090909091e+000 -4.562863009198617e+001
1.552000000000000e+000 -3.845512400108196e+001
1.552090909090909e+000 -4.558250293247104e+001
1.552181818181818e+000 -3.831352848112877e+001
1.552272727272727e+000 -4.569820572792236e+001
1.552363636363636e+000 -3.814191116560614e+001
1.552454545454546e+000 -4.599152110304290e+001
1.552545454545455e+000 -3.794399721943506e+001
1.552636363636364e+000 -4.649303311550213e+001
1.552727272727273e+000 -3.772530905553256e+001
1.552818181818182e+000 -4.725564712715396e+001
1.552909090909091e+000 -3.749301610923963e+001
1.553000000000000e+000 -4.837108252125087e+001
1.553090909090909e+000 -3.725578399612978e+001
1.553181818181818e+000 -5.000956028629965e+001
1.553272727272727e+000 -3.702365636421852e+001
1.553363636363637e+000 -5.253480158266458e+001
1.553454545454545e+000 -3.680800358314049e+001
1.553545454545455e+000 -5.697353891289388e+001
1.553636363636364e+000 -3.662157361096954e+001
1.553727272727273e+000 -6.993311347941992e+001
1.553818181818182e+000 -3.647868563271083e+001
1.553909090909091e+000 -6.058852416300462e+001
1.554000000000000e+000 -3.639562143152642e+001
1.554090909090909e+000 -5.261556844148939e+001
1.554181818181818e+000 -3.639130090455822e+001
1.554272727272727e+000 -4.820231523453945e+001
1.554363636363636e+000 -3.648839189115828e+001
1.554454545454546e+000 -4.508825754328680e+001
1.554545454545455e+000 -3.671513331732839e+001
1.554636363636364e+000 -4.267871599344979e+001
1.554727272727273e+000 -3.710842226531250e+001
1.554818181818182e+000 -4.073142016447849e+001
1.554909090909091e+000 -3.771933114680959e+001
1.555000000000000e+000 -3.912725774067290e+001
1.555090909090909e+000 -3.862376204611650e+001
1.555181818181818e+000 -3.780245309478428e+001
1.555272727272727e+000 -3.994534795837242e+001
1.555363636363637e+000 -3.672277169736432e+001
1.555454545454545e+000 -4.191282559250015e+001
1.555545454545455e+000 -3.587232017287964e+001
1.555636363636364e+000 -4.504268948542757e+001
1.555727272727273e+000 -3.524860251669419e+001
1.555818181818182e+000 -5.105832060635444e+001
1.555909090909091e+000 -3.486094814364530e+001
1.556000000000000e+000 -6.987909515521986e+001
1.556090909090909e+000 -3.473149711539911e+001
1.556181818181818e+000 -4.866020367595363e+001
1.556272727272727e+000 -3.489920618827698e+001
1.556363636363636e+000 -4.285427859262664e+001
1.556454545454546e+000 -3.542905296848083e+001
1.556545454545455e+000 -3.940723611998850e+001
1.556636363636364e+000 -3.643271758202656e+001
1.556727272727273e+000 -3.705612879713111e+001
1.556818181818182e+000 -3.812040058854284e+001
1.556909090909091e+000 -3.540202750772262e+001
1.557000000000000e+000 -4.096188597832027e+001
1.557090909090909e+000 -3.428276699382789e+001
1.557181818181818e+000 -4.644843393016600e+001
1.557272727272727e+000 -3.363533011116161e+001
1.557363636363637e+000 -9.533575636657108e+001
1.557454545454545e+000 -3.345580882695835e+001
1.557545454545455e+000 -4.574606773087176e+001
1.557636363636364e+000 -3.379385333961643e+001
1.557727272727273e+000 -3.967807279661933e+001
1.557818181818182e+000 -3.477450981216690e+001
1.557909090909091e+000 -3.630140587299074e+001
1.558000000000000e+000 -3.667659072600658e+001
1.558090909090909e+000 -3.417956494793579e+001
1.558181818181818e+000 -4.022843824744711e+001
1.558272727272727e+000 -3.289612415262452e+001
1.558363636363636e+000 -4.863755511564741e+001
1.558454545454546e+000 -3.231135156517988e+001
1.558545454545455e+000 -5.016002570544347e+001
1.558636363636364e+000 -3.241990297573536e+001
1.558727272727273e+000 -3.985315036746343e+001
1.558818181818182e+000 -3.333983806225945e+001
1.558909090909091e+000 -3.545423205976015e+001
1.559000000000000e+000 -3.540826593316238e+001
1.559090909090909e+000 -3.294712964416590e+001
1.559181818181818e+000 -3.964660177429268e+001
1.559272727272727e+000 -3.156783995328831e+001
1.559363636363637e+000 -5.278571078626245e+001
1.559454545454545e+000 -3.109876735334013e+001
1.559545454545455e+000 -4.345476392216606e+001
1.559636363636364e+000 -3.155324584761214e+001
1.559727272727273e+000 -3.607187111761363e+001
1.559818181818182e+000 -3.317958114507979e+001
1.559909090909091e+000 -3.252597949057937e+001
1.560000000000000e+000 -3.679639883924886e+001
1.560090909090909e+000 -3.063759561118130e+001
1.560181818181818e+000 -4.676219232469825e+001
1.560272727272727e+000 -2.991434115562997e+001
1.560363636363636e+000 -4.347151691518034e+001
1.560454545454546e+000 -3.029853393778806e+001
1.560545454545455e+000 -3.485280525475768e+001
1.560636363636364e+000 -3.206785936904640e+001
1.560727272727273e+000 -3.106477282787051e+001
1.560818181818182e+000 -3.631021975351732e+001
1.560909090909091e+000 -2.918021144812908e+001
1.561000000000000e+000 -5.183605986725632e+001
1.561090909090909e+000 -2.863186471506200e+001
1.561181818181818e+000 -3.860537991972448e+001
1.561272727272727e+000 -2.941112653158962e+001
1.561363636363637e+000 -3.184514300119476e+001
1.561454545454545e+000 -3.203508662314021e+001
1.561545454545455e+000 -2.872145899359727e+001
1.561636363636364e+000 -3.898152683357093e+001
1.561727272727273e+000 -2.737935224775927e+001
1.561818181818182e+000 -4.470550095469084e+001
1.561909090909091e+000 -2.748146139250576e+001
1.562000000000000e+000 -3.252226531070587e+001
1.562090909090909e+000 -2.928126868872587e+001
1.562181818181818e+000 -2.813042150578924e+001
1.562272727272727e+000 -3.422614143465396e+001
1.562363636363636e+000 -2.612107368112588e+001
1.562454545454546e+000 -6.291587999818171e+001
1.562545454545455e+000 -2.572643482844793e+001
1.562636363636364e+000 -3.273123815940005e+001
1.562727272727273e+000 -2.700625820638036e+001
1.562818181818182e+000 -2.717121231687245e+001
1.562909090909091e+000 -3.099086226197753e+001
1.563000000000000e+000 -2.462141491901300e+001
1.563090909090909e+000 -4.739178897966053e+001
1.563181818181818e+000 -2.382109070319291e+001
1.563272727272727e+000 -3.251172123984320e+001
1.563363636363637e+000 -2.464323328086430e+001
1.563454545454545e+000 -2.585931706135468e+001
1.563545454545455e+000 -2.776451348972629e+001
1.563636363636364e+000 -2.279298811226314e+001
1.563727272727273e+000 -3.768122393067007e+001
1.563818181818182e+000 -2.150081131171591e+001
1.563909090909091e+000 -3.344341668442484e+001
1.564000000000000e+000 -2.159821220463158e+001
1.564090909090909e+000 -2.485408983250337e+001
1.564181818181818e+000 -2.319839747660975e+001
1.564272727272727e+000 -2.093257659327188e+001
1.564363636363636e+000 -2.713920801535810e+001
1.564454545454546e+000 -1.871929525064318e+001
1.564545454545455e+000 -3.885252878650373e+001
1.564636363636364e+000 -1.738472886722531e+001
1.564727272727273e+000 -3.283163047629740e+001
1.564818181818182e+000 -1.637635208970014e+001
1.564909090909091e+000 -2.585177804303076e+001
1.565000000000000e+000 -1.507796892224808e+001
1.565090909090909e+000 -2.490946218060146e+001
1.565181818181818e+000 -1.298723609346342e+001
1.565272727272727e+000 -3.595742741945831e+001
1.565363636363637e+000 -1.145330524368530e+001
1.565454545454545e+000 -1.030684603579206e+001
1.565545454545455e+000 -1.265177974798689e+001
1.565636363636364e+000 -7.326324236338292e+000
1.565727272727273e+000 -9.863780067579224e+000
1.565818181818182e+000 3.443166791884286e-007
1.565909090909091e+000 8.685893981439090e-006
1.566000000000000e+000 8.685893981439090e-006
1.566090909090909e+000 8.685893981439090e-006
1.566181818181818e+000 -1.351978855219653e+000
1.566272727272727e+000 -9.565692342392854e+000
1.566363636363636e+000 -7.013883681035575e+000
1.566454545454546e+000 -8.887215535012304e+000
1.566545454545455e+000 -1.002112763027501e+001
1.566636363636364e+000 -2.319427960489820e+001
1.566727272727273e+000 -1.340149222110113e+001
1.566818181818182e+000 -1.704533007635889e+001
1.566909090909091e+000 -1.659027670022473e+001
1.567000000000000e+000 -1.849663823863608e+001
1.567090909090909e+000 -1.750120751695215e+001
1.567181818181818e+000 -2.231011714509531e+001
1.567272727272727e+000 -1.756200801846813e+001
1.567363636363637e+000 -3.182060607966244e+001
1.567454545454545e+000 -1.811124602566952e+001
1.567545454545455e+000 -3.161037195271493e+001
1.567636363636364e+000 -2.006356249681950e+001
1.567727272727273e+000 -2.331234961441988e+001
1.567818181818182e+000 -2.491368946172412e+001
1.567909090909091e+000 -2.094315952013808e+001
1.568000000000000e+000 -4.606746768191973e+001
1.568090909090909e+000 -2.147431150158193e+001
1.568181818181818e+000 -2.753024748314695e+001
1.568272727272727e+000 -2.536454515784235e+001
1.568363636363636e+000 -2.312684953761432e+001
1.568454545454546e+000 -4.123966411963345e+001
1.568545454545455e+000 -2.311461780185367e+001
1.568636363636364e+000 -2.918767734953404e+001
1.568727272727273e+000 -2.719970421606343e+001
1.568818181818182e+000 -2.445519254812811e+001
1.568909090909091e+000 -5.170873879844027e+001
1.569000000000000e+000 -2.475353024242417e+001
1.569090909090909e+000 -2.900181419486515e+001
1.569181818181818e+000 -3.015857582885508e+001
1.569272727272727e+000 -2.532084997247244e+001
1.569363636363637e+000 -4.267837827764097e+001
1.569454545454545e+000 -2.668985903196523e+001
1.569545454545455e+000 -2.820763478188042e+001
1.569636363636364e+000 -3.543030828623678e+001
1.569727272727273e+000 -2.623604896560968e+001
1.569818181818182e+000 -3.468905543432928e+001
1.569909090909091e+000 -2.953761146149079e+001
1.570000000000000e+000 -2.763527554961420e+001
1.570090909090909e+000 -5.502536181708879e+001
1.570181818181818e+000 -2.775171056609798e+001
1.570272727272727e+000 -3.093247618421230e+001
1.570363636363636e+000 -3.478194715638968e+001
1.570454545454546e+000 -2.779246219793822e+001
1.570545454545455e+000 -3.765993217828516e+001
1.570636363636364e+000 -3.066871025235025e+001
1.570727272727273e+000 -2.917042219954313e+001
1.570818181818182e+000 -5.609034552219029e+001
1.570909090909091e+000 -2.919950501537392e+001
1.571000000000000e+000 -3.193612158647115e+001
1.571090909090909e+000 -3.723953893963000e+001
1.571181818181818e+000 -2.908726368147663e+001
1.571272727272727e+000 -3.684050143442141e+001
1.571363636363637e+000 -3.294144975971234e+001
1.571454545454545e+000 -2.994931679404429e+001
1.571545454545455e+000 -4.872918766913190e+001
1.571636363636364e+000 -3.111452167288258e+001
1.571727272727273e+000 -3.169504487953978e+001
1.571818181818182e+000 -4.474495161010133e+001
1.571909090909091e+000 -3.048229507433960e+001
1.572000000000000e+000 -3.445062456075009e+001
1.572090909090909e+000 -3.747046322037510e+001
1.572181818181818e+000 -3.061846443462503e+001
1.572272727272727e+000 -3.874573974415967e+001
1.572363636363636e+000 -3.446131596053706e+001
1.572454545454546e+000 -3.133439347622290e+001
1.572545454545455e+000 -4.686211615125648e+001
1.572636363636364e+000 -3.295529729308446e+001
1.572727272727273e+000 -3.254268916606132e+001
1.572818181818182e+000 -5.555949345277465e+001
1.572909090909091e+000 -3.225656018906199e+001
1.573000000000000e+000 -3.421692749006331e+001
1.573090909090909e+000 -4.329102846741233e+001
1.573181818181818e+000 -3.207063461010153e+001
1.573272727272727e+000 -3.638586697723368e+001
1.573363636363637e+000 -3.921614596984856e+001
1.573454545454545e+000 -3.223788736458086e+001
1.573545454545455e+000 -3.915550594714301e+001
1.573636363636364e+000 -3.706575979142022e+001
1.573727272727273e+000 -3.265632542369399e+001
1.573818181818182e+000 -4.278919140111307e+001
1.573909090909091e+000 -3.581433163783229e+001
1.574000000000000e+000 -3.325179033571931e+001
1.574090909090909e+000 -4.801315128642705e+001
1.574181818181818e+000 -3.508292607905855e+001
1.574272727272727e+000 -3.396415017298267e+001
1.574363636363636e+000 -5.816697504120160e+001
1.574454545454546e+000 -3.468335728512406e+001
1.574545454545455e+000 -3.474015219624989e+001
1.574636363636364e+000 -6.030620142744597e+001
1.574727272727273e+000 -3.450544355413835e+001
1.574818181818182e+000 -3.552973939661019e+001
1.574909090909091e+000 -5.152395507064760e+001
1.575000000000000e+000 -3.447793459531330e+001
1.575090909090909e+000 -3.628476918588535e+001
1.575181818181818e+000 -4.824244086303717e+001
1.575272727272727e+000 -3.455225943653574e+001
1.575363636363637e+000 -3.695986179265741e+001
1.575454545454545e+000 -4.662001400531614e+001
1.575545454545455e+000 -3.469504029973261e+001
1.575636363636364e+000 -3.751519598551796e+001
1.575727272727273e+000 -4.587675499829330e+001
1.575818181818182e+000 -3.488447979488966e+001
1.575909090909091e+000 -3.792064591351073e+001
1.576000000000000e+000 -4.574542839018453e+001
1.576090909090909e+000 -3.510861780742160e+001
1.576181818181818e+000 -3.815999197423412e+001
1.576272727272727e+000 -4.614326278373454e+001
1.576363636363636e+000 -3.536454709995673e+001
1.576454545454546e+000 -3.823358100553264e+001
1.576545454545455e+000 -4.710412955687843e+001
1.576636363636364e+000 -3.565818030730031e+001
1.576727272727273e+000 -3.815826344770529e+001
1.576818181818182e+000 -4.880401107700051e+001
1.576909090909091e+000 -3.600446518691290e+001
1.577000000000000e+000 -3.796461983819737e+001
1.577090909090909e+000 -5.173498955102940e+001
1.577181818181818e+000 -3.642820302727310e+001
1.577272727272727e+000 -3.769266244369295e+001
1.577363636363637e+000 -5.766387931997465e+001
1.577454545454545e+000 -3.696594143415181e+001
1.577545454545455e+000 -3.738762550725303e+001
1.577636363636364e+000 -7.411942174420736e+001
1.577727272727273e+000 -3.766996165155143e+001
1.577818181818182e+000 -3.709707810810185e+001
1.577909090909091e+000 -5.442582673613082e+001
1.578000000000000e+000 -3.861662016601589e+001
1.578090909090909e+000 -3.686991646230728e+001
1.578181818181818e+000 -4.849843403513385e+001
1.578272727272727e+000 -3.992468237315259e+001
1.578363636363636e+000 -3.675734294225556e+001
1.578454545454546e+000 -4.486238077542015e+001
1.578545454545455e+000 -4.180033403507794e+001
1.578636363636364e+000 -3.681596090852428e+001
1.578727272727273e+000 -4.229669500974577e+001
1.578818181818182e+000 -4.467194348643506e+001
1.578909090909091e+000 -3.711371697747547e+001
1.579000000000000e+000 -4.041254690671575e+001
1.579090909090909e+000 -4.977736769059266e+001
1.579181818181818e+000 -3.774101370739665e+001
1.579272727272727e+000 -3.905248056062195e+001
1.579363636363637e+000 -6.786959479733027e+001
1.579454545454545e+000 -3.883362312033903e+001
1.579545454545455e+000 -3.815613660150462e+001
1.579636363636364e+000 -5.180458850708407e+001
1.579727272727273e+000 -4.062833425401805e+001
1.579818181818182e+000 -3.771981560442470e+001
1.579909090909091e+000 -4.517770929755017e+001
1.580000000000000e+000 -4.363573658855195e+001
1.580090909090909e+000 -3.778816033955700e+001
1.580181818181818e+000 -4.172357393814488e+001
1.580272727272727e+000 -4.947921356159718e+001
1.580363636363636e+000 -3.846807457000943e+001
1.580454545454546e+000 -3.967289550173502e+001
1.580545454545455e+000 -7.443429200205883e+001
1.580636363636364e+000 -3.998117230684196e+001
1.580727272727273e+000 -3.857178949731789e+001
1.580818181818182e+000 -4.841258211626445e+001
1.580909090909091e+000 -4.284178825026519e+001
1.581000000000000e+000 -3.830285720120168e+001
1.581090909090909e+000 -4.295784008029042e+001
1.581181818181818e+000 -4.875475304495037e+001
1.581272727272727e+000 -3.892901074562010e+001
1.581363636363637e+000 -4.022733940881579e+001
1.581454545454545e+000 -6.894391684210541e+001
1.581545454545455e+000 -4.073306949082882e+001
1.581636363636364e+000 -3.895509748078284e+001
1.581727272727273e+000 -4.718626915446936e+001
1.581818181818182e+000 -4.457049316380971e+001
1.581909090909091e+000 -3.886622838083365e+001
1.582000000000000e+000 -4.209755826427750e+001
1.582090909090909e+000 -5.494044149917239e+001
1.582181818181818e+000 -4.007283071448472e+001
1.582272727272727e+000 -3.979800742792983e+001
1.582363636363636e+000 -5.160546990762047e+001
1.582454545454546e+000 -4.321073372006618e+001
1.582545454545455e+000 -3.915440642634378e+001
1.582636363636364e+000 -4.353975911304965e+001
1.582727272727273e+000 -5.126865528941976e+001
1.582818181818182e+000 -4.006251213523579e+001
1.582909090909091e+000 -4.041804192585038e+001
1.583000000000000e+000 -5.415403931890054e+001
1.583090909090909e+000 -4.311245263241828e+001
1.583181818181818e+000 -3.948795562394410e+001
1.583272727272727e+000 -4.402778729052380e+001
1.583363636363637e+000 -5.157167536536985e+001
1.583454545454545e+000 -4.043451920432987e+001
1.583545454545455e+000 -4.062178625569833e+001
1.583636363636364e+000 -5.280017916476474e+001
1.583727272727273e+000 -4.399109494800237e+001
1.583818181818182e+000 -3.980028924081837e+001
1.583909090909091e+000 -4.347943589430560e+001
1.584000000000000e+000 -5.580274200296223e+001
1.584090909090909e+000 -4.122828675120768e+001
1.584181818181818e+000 -4.048808159203262e+001
1.584272727272727e+000 -4.915242682145628e+001
1.584363636363636e+000 -4.622324706789107e+001
1.584454545454546e+000 -4.025547140353483e+001
1.584545454545455e+000 -4.232477271497739e+001
1.584636363636364e+000 -7.179714348478584e+001
1.584727272727273e+000 -4.281335552078835e+001
1.584818181818182e+000 -4.034173299876647e+001
1.584909090909091e+000 -4.548573910448431e+001
1.585000000000000e+000 -5.171783087305178e+001
1.585090909090909e+000 -4.127129243604546e+001
1.585181818181818e+000 -4.119681904847967e+001
1.585272727272727e+000 -5.087777396132044e+001
1.585363636363637e+000 -4.625212910130594e+001
1.585454545454545e+000 -4.070056020317991e+001
1.585545454545455e+000 -4.269082669587501e+001
1.585636363636364e+000 -6.504997951651467e+001
1.585727272727273e+000 -4.371967892325053e+001
1.585818181818182e+000 -4.073190002120044e+001
1.585909090909091e+000 -4.478215708961224e+001
1.586000000000000e+000 -5.697947190010664e+001
1.586090909090909e+000 -4.239144828879148e+001
1.586181818181818e+000 -4.115797613942851e+001
1.586272727272727e+000 -4.750502177830621e+001
1.586363636363636e+000 -5.045719664444510e+001
1.586454545454546e+000 -4.171706318400873e+001
1.586545454545455e+000 -4.183418416097489e+001
1.586636363636364e+000 -5.099660943520901e+001
1.586727272727273e+000 -4.754715916137194e+001
1.586818181818182e+000 -4.143222545467847e+001
1.586909090909091e+000 -4.264110672464049e+001
1.587000000000000e+000 -5.560118340691349e+001
1.587090909090909e+000 -4.595741753654370e+001
1.587181818181818e+000 -4.138013198830383e+001
1.587272727272727e+000 -4.346841661471379e+001
1.587363636363637e+000 -6.228402062894347e+001
1.587454545454546e+000 -4.506562766726906e+001
1.587545454545455e+000 -4.145674674321606e+001
1.587636363636364e+000 -4.421065253522535e+001
1.587727272727273e+000 -7.619755275797846e+001
1.587818181818182e+000 -4.461098750453557e+001
1.587909090909091e+000 -4.159110005519268e+001
1.588000000000000e+000 -4.477305501450279e+001
1.588090909090909e+000 -7.445804735591428e+001
1.588181818181818e+000 -4.446761747037486e+001
1.588272727272727e+000 -4.173834845873566e+001
1.588363636363636e+000 -4.508556183002850e+001
1.588454545454546e+000 -7.117695025760550e+001
1.588545454545455e+000 -4.458012680189612e+001
1.588636363636364e+000 -4.187785838805760e+001
1.588727272727273e+000 -4.511864985886178e+001
1.588818181818182e+000 -7.854067095940408e+001
1.588909090909091e+000 -4.494300952866617e+001
1.589000000000000e+000 -4.201291180357145e+001
1.589090909090909e+000 -4.489140012503935e+001
1.589181818181818e+000 -7.128715988504266e+001
1.589272727272727e+000 -4.559875543508535e+001
1.589363636363637e+000 -4.217065305346909e+001
1.589454545454546e+000 -4.446612314984690e+001
1.589545454545455e+000 -6.107131770263846e+001
1.589636363636364e+000 -4.665273186582073e+001
1.589727272727273e+000 -4.240248234143900e+001
1.589818181818182e+000 -4.393332955580912e+001
1.589909090909091e+000 -5.540850273291172e+001
1.590000000000000e+000 -4.832195937136057e+001
1.590090909090909e+000 -4.278671429098066e+001
1.590181818181818e+000 -4.339652611431963e+001
1.590272727272727e+000 -5.144429048265366e+001
1.590363636363636e+000 -5.109678746730693e+001
1.590454545454546e+000 -4.343759735181866e+001
1.590545454545455e+000 -4.296419394957675e+001
1.590636363636364e+000 -4.846780317732670e+001
1.590727272727273e+000 -5.652431195071254e+001
1.590818181818182e+000 -4.453038819054103e+001
1.590909090909091e+000 -4.275150373942019e+001
1.591000000000000e+000 -4.620871738511055e+001
1.591090909090909e+000 -9.019565625090394e+001
1.591181818181818e+000 -4.637249706790146e+001
1.591272727272727e+000 -4.289290311240607e+001
1.591363636363637e+000 -4.456196879782445e+001
1.591454545454546e+000 -5.529292516730597e+001
1.591545454545455e+000 -4.965247570418870e+001
1.591636363636364e+000 -4.357189104007883e+001
1.591727272727273e+000 -4.351274588645059e+001
1.591818181818182e+000 -4.923955158603388e+001
1.591909090909091e+000 -5.694066299550763e+001
1.592000000000000e+000 -4.509513216165998e+001
1.592090909090909e+000 -4.312015839417884e+001
1.592181818181818e+000 -4.595211049031954e+001
1.592272727272727e+000 -6.298736252029502e+001
1.592363636363636e+000 -4.813639968927139e+001
1.592454545454546e+000 -4.353931842081340e+001
1.592545454545455e+000 -4.410305697897358e+001
1.592636363636364e+000 -5.073781867359165e+001
1.592727272727273e+000 -5.515284052181382e+001
1.592818181818182e+000 -4.511645863745834e+001
1.592909090909091e+000 -4.340050816490272e+001
1.593000000000000e+000 -4.625937417808743e+001
1.593090909090909e+000 -6.228869111486502e+001
1.593181818181818e+000 -4.877928246650568e+001
1.593272727272727e+000 -4.392220334235303e+001
1.593363636363637e+000 -4.413447658763707e+001
1.593454545454546e+000 -4.966243016743154e+001
1.593545454545455e+000 -5.940342657394314e+001
1.593636363636364e+000 -4.616416790948725e+001
1.593727272727273e+000 -4.364816338847454e+001
1.593818181818182e+000 -4.545365080443860e+001
1.593909090909091e+000 -5.491759501241950e+001
1.594000000000000e+000 -5.207011330846304e+001
1.594090909090909e+000 -4.492938328693890e+001
1.594181818181818e+000 -4.388423418415705e+001
1.594272727272727e+000 -4.714525100726765e+001
1.594363636363636e+000 -6.518944860438397e+001
1.594454545454546e+000 -4.914296088841805e+001
1.594545454545455e+000 -4.438728248146200e+001
1.594636363636364e+000 -4.437267634048214e+001
1.594727272727273e+000 -4.898971233749048e+001
1.594818181818182e+000 -6.838601173635550e+001
1.594909090909091e+000 -4.769415515805587e+001
1.595000000000000e+000 -4.421563209888701e+001
1.595090909090909e+000 -4.491925674954509e+001
1.595181818181818e+000 -5.070606970259205e+001
1.595272727272727e+000 -6.009740673761939e+001
1.595363636363637e+000 -4.700271224071893e+001
1.595454545454546e+000 -4.423169287511203e+001
1.595545454545455e+000 -4.537183839376834e+001
1.595636363636364e+000 -5.194196200672774e+001
1.595727272727273e+000 -5.778563628045323e+001
1.595818181818182e+000 -4.678848325882208e+001
1.595909090909091e+000 -4.433177740623412e+001
1.596000000000000e+000 -4.562721018538601e+001
1.596090909090909e+000 -5.237357566961812e+001
1.596181818181818e+000 -5.768246577122226e+001
1.596272727272727e+000 -4.694624407232171e+001
1.596363636363636e+000 -4.447390440492249e+001
1.596454545454546e+000 -4.564711485440974e+001
1.596545454545455e+000 -5.189975918693108e+001
1.596636363636364e+000 -5.958438540562822e+001
1.596727272727273e+000 -4.748345833408204e+001
1.596818181818182e+000 -4.467377076267365e+001
1.596909090909091e+000 -4.546643647269006e+001
1.597000000000000e+000 -5.072037248854819e+001
1.597090909090909e+000 -6.556685005060815e+001
1.597181818181818e+000 -4.852387416259729e+001
1.597272727272727e+000 -4.500581287207931e+001
1.597363636363637e+000 -4.518539718464542e+001
1.597454545454546e+000 -4.918902508706646e+001
1.597545454545455e+000 -7.193726202831101e+001
1.597636363636364e+000 -5.038359769821756e+001
1.597727272727273e+000 -4.561217806274873e+001
1.597818181818182e+000 -4.495326786827686e+001
1.597909090909091e+000 -4.763671137858183e+001
1.598000000000000e+000 -5.795367222610071e+001
1.598090909090909e+000 -5.389995389822797e+001
1.598181818181818e+000 -4.673641437516807e+001
1.598272727272727e+000 -4.496032559338497e+001
1.598363636363636e+000 -4.631710671238686e+001
1.598454545454546e+000 -5.222749489153244e+001
1.598545454545455e+000 -6.296283411704351e+001
1.598636363636364e+000 -4.884148069745631e+001
1.598727272727273e+000 -4.545644489191540e+001
1.598818181818182e+000 -4.543800982645640e+001
1.598909090909091e+000 -4.870924021161245e+001
1.599000000000000e+000 -6.137907177319354e+001
1.599090909090909e+000 -5.313137231973738e+001
1.599181818181818e+000 -4.683167708720554e+001
1.599272727272727e+000 -4.522283429401386e+001
1.599363636363637e+000 -4.651632363314332e+001
1.599454545454546e+000 -5.192186483470125e+001
1.599545454545455e+000 -6.793809900598508e+001
1.599636363636364e+000 -4.991985523393709e+001
1.599727272727273e+000 -4.600838037005321e+001
1.599818181818182e+000 -4.547561482221772e+001
1.599909090909091e+000 -4.780651854442084e+001
1.600000000000000e+000 -5.571530183825576e+001
