1.500000000000000e+000 1.339753854984671e-006
1.500090909090909e+000 4.806615655416932e-006
1.500181818181818e+000 1.135381863530420e-007
1.500272727272727e+000 -1.060870211677605e-005
1.500363636363636e+000 -2.210967151903083e-005
1.500454545454546e+000 -2.855816715675141e-005
1.500545454545455e+000 -2.653332223060507e-005
1.500636363636364e+000 -1.692843455346405e-005
1.500727272727273e+000 -4.677992565281467e-006
1.500818181818182e+000 3.699650902048712e-006
1.500909090909091e+000 3.561789456983663e-006
1.501000000000000e+000 -5.228944468811549e-006
1.501090909090909e+000 -1.802448761025970e-005
1.501181818181818e+000 -2.778058655936059e-005
1.501272727272727e+000 -2.894062382387836e-005
1.501363636363637e+000 -2.068455011422127e-005
1.501454545454545e+000 -7.613087453008609e-006
1.501545454545455e+000 2.707175835505018e-006
1.501636363636364e+000 4.091369176732669e-006
1.501727272727273e+000 -4.504717891726659e-006
1.501818181818182e+000 -1.813154156243688e-005
1.501909090909091e+000 -2.861199883102269e-005
1.502000000000000e+000 -2.945122326412287e-005
1.502090909090909e+000 -1.995896131736323e-005
1.502181818181818e+000 -5.929468188837507e-006
1.502272727272727e+000 3.775794937524045e-006
1.502363636363636e+000 2.800584308098011e-006
1.502454545454546e+000 -8.471560050387746e-006
1.502545454545455e+000 -2.289107958422786e-005
1.502636363636364e+000 -3.100547566031141e-005
1.502727272727273e+000 -2.729564546780594e-005
1.502818181818182e+000 -1.406831692638598e-005
1.502909090909091e+000 -1.962391780994510e-007
1.503000000000000e+000 4.738485232956193e-006
1.503090909090909e+000 -2.909655140116856e-006
1.503181818181818e+000 -1.804995309185978e-005
1.503272727272727e+000 -3.012546296271901e-005
1.503363636363637e+000 -3.046672101148395e-005
1.503454545454545e+000 -1.863994077517904e-005
1.503545454545455e+000 -3.084023280797493e-006
1.503636363636364e+000 4.770106887492224e-006
1.503727272727273e+000 -1.105995689813970e-006
1.503818181818182e+000 -1.660188996819864e-005
1.503909090909091e+000 -3.019951741176294e-005
1.504000000000000e+000 -3.150780716325534e-005
1.504090909090909e+000 -1.933038154813976e-005
1.504181818181818e+000 -2.942582589417800e-006
1.504272727272727e+000 4.812242779607688e-006
1.504363636363636e+000 -2.418333656561380e-006
1.504454545454546e+000 -1.917027357955895e-005
1.504545454545455e+000 -3.214263109469329e-005
1.504636363636364e+000 -3.074987741939220e-005
1.504727272727273e+000 -1.592235588524190e-005
1.504818181818182e+000 2.484242556137935e-007
1.504909090909091e+000 4.221764574924237e-006
1.505000000000000e+000 -7.619812161406164e-006
1.505090909090909e+000 -2.553831184749725e-005
1.505181818181818e+000 -3.432395139684473e-005
1.505272727272727e+000 -2.626646164323227e-005
1.505363636363637e+000 -8.148480881111389e-006
1.505454545454545e+000 4.217420100686276e-006
1.505545454545455e+000 -2.910050273635478e-007
1.505636363636364e+000 -1.798913663487807e-005
1.505727272727273e+000 -3.319981349694168e-005
1.505818181818182e+000 -3.210462814693576e-005
1.505909090909091e+000 -1.548184228397944e-005
1.506000000000000e+000 1.516921373500971e-006
1.506090909090909e+000 3.004071132653698e-006
1.506181818181818e+000 -1.273922755386625e-005
1.506272727272727e+000 -3.115980269011138e-005
1.506363636363636e+000 -3.478428816575755e-005
1.506454545454546e+000 -1.993693376854088e-005
1.506545454545455e+000 -7.610158715087919e-007
1.506636363636364e+000 4.019385298884776e-006
1.506727272727273e+000 -1.060498280465851e-005
1.506818181818182e+000 -3.050788720278302e-005
1.506909090909091e+000 -3.593855605713920e-005
1.507000000000000e+000 -2.125052360505892e-005
1.507090909090909e+000 -1.091280507007403e-006
1.507181818181818e+000 3.938896723732170e-006
1.507272727272727e+000 -1.165893535482143e-005
1.507363636363637e+000 -3.208909593413660e-005
1.507454545454545e+000 -3.612225882371576e-005
1.507545454545455e+000 -1.931143430619303e-005
1.507636363636364e+000 7.576255110161126e-007
1.507727272727273e+000 2.597862011652805e-006
1.507818181818182e+000 -1.613712541353031e-005
1.507909090909091e+000 -3.551269306921534e-005
1.508000000000000e+000 -3.442958842843664e-005
1.508090909090909e+000 -1.383096676347827e-005
1.508181818181818e+000 3.670370547683030e-006
1.508272727272727e+000 -1.599654975507471e-006
1.508363636363636e+000 -2.414668879968343e-005
1.508454545454546e+000 -3.877537793376346e-005
1.508545454545455e+000 -2.875217311764752e-005
1.508636363636364e+000 -5.289224690315122e-006
1.508727272727273e+000 4.597729477009744e-006
1.508818181818182e+000 -1.089944783597359e-005
1.508909090909091e+000 -3.407731890849643e-005
1.509000000000000e+000 -3.776600633854332e-005
1.509090909090909e+000 -1.736664053123831e-005
1.509181818181818e+000 2.982935694767896e-006
1.509272727272727e+000 -1.328912999044520e-006
1.509363636363637e+000 -2.553173355546641e-005
1.509454545454545e+000 -4.045396068781112e-005
1.509545454545455e+000 -2.769911428666816e-005
1.509636363636364e+000 -2.728484566777407e-006
1.509727272727273e+000 3.440822529240337e-006
1.509818181818182e+000 -1.730025854596820e-005
1.509909090909091e+000 -3.926733416677105e-005
1.510000000000000e+000 -3.466823027431484e-005
1.510090909090909e+000 -9.086612149853093e-006
1.510181818181818e+000 4.772255019068114e-006
1.510272727272727e+000 -1.130904946119812e-005
1.510363636363636e+000 -3.691031874898958e-005
1.510454545454546e+000 -3.869525528710287e-005
1.510545454545455e+000 -1.406312857998002e-005
1.510636363636364e+000 4.554499536127492e-006
1.510727272727273e+000 -7.912551489518545e-006
1.510818181818182e+000 -3.525399683020845e-005
1.510909090909091e+000 -4.079852593939741e-005
1.511000000000000e+000 -1.679326967881260e-005
1.511090909090909e+000 4.198281059927610e-006
1.511181818181818e+000 -6.902069953388333e-006
1.511272727272727e+000 -3.527299414008334e-005
1.511363636363637e+000 -4.170325024497839e-005
1.511454545454545e+000 -1.697398331289012e-005
1.511545454545455e+000 4.335702846406289e-006
1.511636363636364e+000 -8.194752706217591e-006
1.511727272727273e+000 -3.726031429851430e-005
1.511818181818182e+000 -4.145308030543031e-005
1.511909090909091e+000 -1.448694975958560e-005
1.512000000000000e+000 4.754365280084925e-006
1.512090909090909e+000 -1.208920998434920e-005
1.512181818181818e+000 -4.087304414581548e-005
1.512272727272727e+000 -3.931864141683828e-005
1.512363636363636e+000 -9.446865022472384e-006
1.512454545454546e+000 4.319530551848361e-006
1.512545454545455e+000 -1.907845582664465e-005
1.512636363636364e+000 -4.488120451799537e-005
1.512727272727273e+000 -3.399876571888641e-005
1.512818181818182e+000 -2.714704153262428e-006
1.512909090909091e+000 9.859859730551228e-007
1.513000000000000e+000 -2.913015301175000e-005
1.513090909090909e+000 -4.681265086015360e-005
1.513181818181818e+000 -2.437867136584173e-005
1.513272727272727e+000 3.291156805440550e-006
1.513363636363637e+000 -7.623609445658692e-006
1.513454545454545e+000 -4.043051198981754e-005
1.513545454545455e+000 -4.313363750025785e-005
1.513636363636364e+000 -1.113683670791516e-005
1.513727272727273e+000 4.184576883413632e-006
1.513818181818182e+000 -2.242074326477366e-005
1.513909090909091e+000 -4.822183915325683e-005
1.514000000000000e+000 -3.101798088252136e-005
1.514090909090909e+000 1.218108013719287e-006
1.514181818181818e+000 -4.932187557050929e-006
1.514272727272727e+000 -3.987493262597909e-005
1.514363636363636e+000 -4.559459675132874e-005
1.514454545454546e+000 -1.223991782264308e-005
1.514545454545455e+000 4.068295152662777e-006
1.514636363636364e+000 -2.480276852299470e-005
1.514727272727273e+000 -5.022873770388144e-005
1.514818181818182e+000 -2.863259194835140e-005
1.514909090909091e+000 3.114263841418932e-006
1.515000000000000e+000 -1.014374926042371e-005
1.515090909090909e+000 -4.602308290379541e-005
1.515181818181818e+000 -4.207793547066119e-005
1.515272727272727e+000 -4.930391202431380e-006
1.515363636363637e+000 -1.141825163068857e-007
1.515454545454545e+000 -3.678842722395459e-005
1.515545454545455e+000 -5.008532128023763e-005
1.515636363636364e+000 -1.600467680433404e-005
1.515727272727273e+000 4.335443284427204e-006
1.515818181818182e+000 -2.632274800098736e-005
1.515909090909091e+000 -5.292617192496869e-005
1.516000000000000e+000 -2.689542780257136e-005
1.516090909090909e+000 4.333153369637968e-006
1.516181818181818e+000 -1.710533738648127e-005
1.516272727272727e+000 -5.224099777160221e-005
1.516363636363636e+000 -3.587629955008224e-005
1.516454545454546e+000 1.742229553830840e-006
1.516545454545455e+000 -1.018147349685468e-005
1.516636363636364e+000 -4.990034338618974e-005
1.516727272727273e+000 -4.246343372206155e-005
1.516818181818182e+000 -1.704987221716196e-006
1.516909090909091e+000 -5.614797189750397e-006
1.517000000000000e+000 -4.741750598187976e-005
1.517090909090909e+000 -4.687648376172484e-005
1.517181818181818e+000 -4.748715850926998e-006
1.517272727272727e+000 -3.026893166127439e-006
1.517363636363637e+000 -4.580000417848544e-005
1.517454545454545e+000 -4.955111865716311e-005
1.517545454545455e+000 -6.614868925589448e-006
1.517636363636364e+000 -2.006772511752382e-006
1.517727272727273e+000 -4.561807559250337e-005
1.517818181818182e+000 -5.081453101138290e-005
1.517909090909091e+000 -6.910226780862339e-006
1.518000000000000e+000 -2.354854218438271e-006
1.518090909090909e+000 -4.711041965225014e-005
1.518181818181818e+000 -5.071239588688429e-005
1.518272727272727e+000 -5.541653739824097e-006
1.518363636363636e+000 -4.194918389488814e-006
1.518454545454546e+000 -5.022248811652233e-005
1.518545454545455e+000 -4.895135003187162e-005
1.518636363636364e+000 -2.730607483437760e-006
1.518727272727273e+000 -7.978500721629352e-006
1.518818181818182e+000 -5.453551607104697e-005
1.518909090909091e+000 -4.495286932381326e-005
1.519000000000000e+000 8.627187000721813e-007
1.519090909090909e+000 -1.436114606284779e-005
1.519181818181818e+000 -5.910074617434603e-005
1.519272727272727e+000 -3.806368615646483e-005
1.519363636363637e+000 3.953869826556762e-006
1.519454545454545e+000 -2.388605730737249e-005
1.519545454545455e+000 -6.226902535379435e-005
1.519636363636364e+000 -2.799500210352113e-005
1.519727272727273e+000 4.528908272405395e-006
1.519818181818182e+000 -3.641447038234817e-005
1.519909090909091e+000 -6.171684913447269e-005
1.520000000000000e+000 -1.551108328024588e-005
1.520090909090909e+000 8.139117860561109e-008
1.520181818181818e+000 -5.036009956450895e-005
1.520272727272727e+000 -5.497992130681648e-005
1.520363636363636e+000 -3.187196365686234e-006
1.520454545454546e+000 -1.148057669549527e-005
1.520545454545455e+000 -6.207586008475200e-005
1.520636363636364e+000 -4.077803184031511e-005
1.520727272727273e+000 4.313591234026618e-006
1.520818181818182e+000 -3.011172543975175e-005
1.520909090909091e+000 -6.614998987128262e-005
1.521000000000000e+000 -2.101276312168354e-005
1.521090909090909e+000 1.359365417079472e-006
1.521181818181818e+000 -5.161750725509962e-005
1.521272727272727e+000 -5.755464599422069e-005
1.521363636363637e+000 -2.374638295332694e-006
1.521454545454545e+000 -1.539234765369726e-005
1.521545454545455e+000 -6.701820180123932e-005
1.521636363636364e+000 -3.586232571588503e-005
1.521727272727273e+000 4.637850985447086e-006
1.521818181818182e+000 -4.230490833743485e-005
1.521909090909091e+000 -6.573592116909296e-005
1.522000000000000e+000 -9.523449029853459e-006
1.522090909090909e+000 -8.568679631161599e-006
1.522181818181818e+000 -6.615983941181729e-005
1.522272727272727e+000 -4.362170732333969e-005
1.522363636363636e+000 4.678663514402681e-006
1.522454545454546e+000 -3.933558703339942e-005
1.522545454545455e+000 -6.918684076048746e-005
1.522636363636364e+000 -1.170486887971538e-005
1.522727272727273e+000 -8.183078463570386e-006
1.522818181818182e+000 -6.832709393621192e-005
1.522909090909091e+000 -4.381383369827063e-005
1.523000000000000e+000 4.757195867397837e-006
1.523090909090909e+000 -4.424475622460841e-005
1.523181818181818e+000 -6.932472124000490e-005
1.523272727272727e+000 -7.505470920734356e-006
1.523363636363637e+000 -1.443283870913205e-005
1.523454545454545e+000 -7.371698040089934e-005
1.523545454545455e+000 -3.562096662456794e-005
1.523636363636364e+000 3.281559514278028e-006
1.523727272727273e+000 -5.699673873922064e-005
1.523818181818182e+000 -6.320586948226971e-005
1.523909090909091e+000 7.690551115863778e-007
1.524000000000000e+000 -3.007826160020864e-005
1.524090909090909e+000 -7.725679664341765e-005
1.524181818181818e+000 -1.873218512804383e-005
1.524272727272727e+000 -6.509525736670418e-006
1.524363636363636e+000 -7.353132984546702e-005
1.524454545454546e+000 -4.519895230512556e-005
1.524545454545455e+000 4.413027149454419e-006
1.524636363636364e+000 -5.598326097453701e-005
1.524727272727273e+000 -6.803738129862765e-005
1.524818181818182e+000 2.899519256968702e-007
1.524909090909091e+000 -3.277580082870870e-005
1.525000000000000e+000 -8.040164092727286e-005
1.525090909090909e+000 -1.554436045001345e-005
1.525181818181818e+000 -1.198413301689293e-005
1.525272727272727e+000 -8.048320817471500e-005
1.525363636363637e+000 -3.698587876997818e-005
1.525454545454545e+000 1.102682484648513e-006
1.525545454545455e+000 -7.047211694667396e-005
1.525636363636364e+000 -5.801573874948792e-005
1.525727272727273e+000 4.691747955337465e-006
1.525818181818182e+000 -5.454874203753253e-005
1.525909090909091e+000 -7.443362068063327e-005
1.526000000000000e+000 -2.120023668355044e-007
1.526090909090909e+000 -3.702855068425911e-005
1.526181818181818e+000 -8.434859129308124e-005
1.526272727272727e+000 -1.106968266780721e-005
1.526363636363636e+000 -2.120833145303827e-005
1.526454545454546e+000 -8.781075035366322e-005
1.526545454545455e+000 -2.498806530219370e-005
1.526636363636364e+000 -8.962084063992839e-006
1.526727272727273e+000 -8.607844291098168e-005
1.526818181818182e+000 -3.950087659024204e-005
1.526909090909091e+000 -8.668686419299431e-007
1.527000000000000e+000 -8.089608789158213e-005
1.527090909090909e+000 -5.291362874693025e-005
1.527181818181818e+000 3.418361043003087e-006
1.527272727272727e+000 -7.397282566119193e-005
1.527363636363637e+000 -6.432157208243147e-005
1.527454545454545e+000 4.735946465269159e-006
1.527545454545455e+000 -6.670163891263341e-005
1.527636363636364e+000 -7.344745723480039e-005
1.527727272727273e+000 4.093352571774112e-006
1.527818181818182e+000 -6.007403573047857e-005
1.527909090909091e+000 -8.041972061849388e-005
1.528000000000000e+000 2.445033496968798e-006
1.528090909090909e+000 -5.471774649713341e-005
1.528181818181818e+000 -8.556496504664151e-005
1.528272727272727e+000 5.802360572681865e-007
1.528363636363636e+000 -5.099117798347156e-005
1.528454545454546e+000 -8.924658672745622e-005
1.528545454545455e+000 -9.161942936789046e-007
1.528636363636364e+000 -4.908769875469266e-005
1.528727272727273e+000 -9.175377520994156e-005
1.528818181818182e+000 -1.665211561375830e-006
1.528909090909091e+000 -4.912207391896676e-005
1.529000000000000e+000 -9.323204858951962e-005
1.529090909090909e+000 -1.485670315638355e-006
1.529181818181818e+000 -5.118484455995216e-005
1.529272727272727e+000 -9.364431736411653e-005
1.529363636363637e+000 -3.960642585421173e-007
1.529454545454545e+000 -5.535744488074577e-005
1.529545454545455e+000 -9.275616231335226e-005
1.529636363636364e+000 1.365073879982755e-006
1.529727272727273e+000 -6.168334409438496e-005
1.529818181818182e+000 -9.014742156593044e-005
1.529909090909091e+000 3.301441269061914e-006
1.530000000000000e+000 -7.009177097216345e-005
1.530090909090909e+000 -8.526184114681656e-005
1.530181818181818e+000 4.617378126852244e-006
1.530272727272727e+000 -8.027461804929951e-005
1.530363636363636e+000 -7.751463084652062e-005
1.530454545454546e+000 4.200895963437442e-006
1.530545454545455e+000 -9.152826796243360e-005
1.530636363636364e+000 -6.647986765799607e-005
1.530727272727273e+000 6.765397311513446e-007
1.530818181818182e+000 -1.025940050038332e-004
1.530909090909091e+000 -5.216898440764092e-005
1.531000000000000e+000 -7.413739473575701e-006
1.531090909090909e+000 -1.115639873638432e-004
1.531181818181818e+000 -3.537965702767412e-005
1.531272727272727e+000 -2.124636820124197e-005
1.531363636363637e+000 -1.159576958721229e-004
1.531454545454545e+000 -1.803510782552588e-005
1.531545454545455e+000 -4.115035759057634e-005
1.531636363636364e+000 -1.130968594423197e-004
1.531727272727273e+000 -3.351700871929986e-006
1.531818181818182e+000 -6.591236678063194e-005
1.531909090909091e+000 -1.008798641900578e-004
1.532000000000000e+000 4.404791165759337e-006
1.532090909090909e+000 -9.217457716137341e-005
1.532181818181818e+000 -7.893492989009487e-005
1.532272727272727e+000 8.256881246442065e-007
1.532363636363636e+000 -1.143218169290408e-004
1.532454545454546e+000 -4.988569224708796e-005
1.532545454545455e+000 -1.696355502865334e-005
1.532636363636364e+000 -1.253543644216473e-004
1.532727272727273e+000 -2.012766719681407e-005
1.532818181818182e+000 -4.812559595523806e-005
1.532909090909091e+000 -1.191012379752889e-004
1.533000000000000e+000 7.546308398421644e-007
1.533090909090909e+000 -8.629194500302287e-005
1.533181818181818e+000 -9.357426665142105e-005
1.533272727272727e+000 2.705217955919387e-006
1.533363636363637e+000 -1.195224419690289e-004
1.533454545454545e+000 -5.428185786470519e-005
1.533545454545455e+000 -1.997169828252712e-005
1.533636363636364e+000 -1.334832613456509e-004
1.533727272727273e+000 -1.528226517755896e-005
1.533818181818182e+000 -6.326946911720687e-005
1.533909090909091e+000 -1.181420888063369e-004
1.534000000000000e+000 4.467836347978741e-006
1.534090909090909e+000 -1.110154413865954e-004
1.534181818181818e+000 -7.577378735771785e-005
1.534272727272727e+000 -9.763655131519617e-006
1.534363636363636e+000 -1.391870885339200e-004
1.534454545454546e+000 -2.516421456672995e-005
1.534545454545455e+000 -5.705927736442799e-005
1.534636363636364e+000 -1.283256847159441e-004
1.534727272727273e+000 3.922261012836489e-006
1.534818181818182e+000 -1.148091481947738e-004
1.534909090909091e+000 -7.921900543884926e-005
1.535000000000000e+000 -1.224079367312229e-005
1.535090909090909e+000 -1.466618053418236e-004
1.535181818181818e+000 -2.036547175619030e-005
1.535272727272727e+000 -7.061996341531067e-005
1.535363636363637e+000 -1.259937590893732e-004
1.535454545454545e+000 4.585162875237241e-006
1.535545454545455e+000 -1.339763709372305e-004
1.535636363636364e+000 -6.195171147431056e-005
1.535727272727273e+000 -3.095756462061250e-005
1.535818181818182e+000 -1.515817190529366e-004
1.535909090909091e+000 -3.682768628278159e-006
1.536000000000000e+000 -1.062276009137369e-004
1.536090909090909e+000 -1.022862239879238e-004
1.536181818181818e+000 -6.526968525297434e-006
1.536272727272727e+000 -1.579300494304497e-004
1.536363636363636e+000 -2.515273659305029e-005
1.536454545454546e+000 -7.762590088303969e-005
1.536545454545455e+000 -1.327078388692873e-004
1.536636363636364e+000 3.396575685645153e-006
1.536727272727273e+000 -1.536032842868760e-004
1.536818181818182e+000 -4.886360012710950e-005
1.536909090909091e+000 -5.563581173376466e-005
1.537000000000000e+000 -1.526117903700275e-004
1.537090909090909e+000 4.485087296108588e-006
1.537181818181818e+000 -1.469866896724110e-004
1.537272727272727e+000 -6.815009171988267e-005
1.537363636363637e+000 -4.228377630987768e-005
1.537454545454545e+000 -1.649470829599974e-004
1.537545454545455e+000 2.581959508073035e-006
1.537636363636364e+000 -1.438014832199843e-004
1.537727272727273e+000 -7.990557578338403e-005
1.537818181818182e+000 -3.723087722689752e-005
1.537909090909091e+000 -1.727273965955759e-004
1.538000000000000e+000 1.588396106895682e-006
1.538090909090909e+000 -1.471647953205739e-004
1.538181818181818e+000 -8.274297655039829e-005
1.538272727272727e+000 -4.023728851897689e-005
1.538363636363636e+000 -1.771435901568996e-004
1.538454545454546e+000 2.826990327285750e-006
1.538545454545455e+000 -1.581656177164477e-004
1.538636363636364e+000 -7.575366158159519e-005
1.538727272727273e+000 -5.241456659271385e-005
1.538818181818182e+000 -1.767165098641002e-004
1.538909090909091e+000 4.653320153701430e-006
1.539000000000000e+000 -1.757390077214809e-004
1.539090909090909e+000 -5.858626151307268e-005
1.539181818181818e+000 -7.615361568231049e-005
1.539272727272727e+000 -1.671838361532901e-004
1.539363636363637e+000 1.879633844129094e-006
1.539454545454545e+000 -1.954575838723311e-004
1.539545454545455e+000 -3.317273128377166e-005
1.539636363636364e+000 -1.133290557404046e-004
1.539727272727273e+000 -1.426989850036325e-004
1.539818181818182e+000 -1.427360970066636e-005
1.539909090909091e+000 -2.078661729297860e-004
1.540000000000000e+000 -6.906272636585422e-006
1.540090909090909e+000 -1.612402781390608e-004
1.540181818181818e+000 -9.973083523275302e-005
1.540272727272727e+000 -5.363436311477773e-005
1.540363636363636e+000 -1.986384138354591e-004
1.540454545454546e+000 4.576725011090555e-006
1.540545454545455e+000 -2.070400023389258e-004
1.540636363636364e+000 -4.450934519632255e-005
1.540727272727273e+000 -1.193362991982074e-004
1.540818181818182e+000 -1.546629411196897e-004
1.540909090909091e+000 -2.008471501508349e-005
1.541000000000000e+000 -2.252886397740132e-004
1.541090909090909e+000 -8.837649841601926e-007
1.541181818181818e+000 -1.953441563120630e-004
1.541272727272727e+000 -7.905668204572056e-005
1.541363636363637e+000 -9.353915541859893e-005
1.541454545454545e+000 -1.881986030298308e-004
1.541545454545455e+000 -7.618600823673373e-006
1.541636363636364e+000 -2.393729708180009e-004
1.541727272727273e+000 -8.448681846323798e-006
1.541818181818182e+000 -1.941062759174160e-004
1.541909090909091e+000 -9.544333362618968e-005
1.542000000000000e+000 -9.027847716143045e-005
1.542090909090909e+000 -2.026535092088641e-004
1.542181818181818e+000 -7.632985109401405e-006
1.542272727272727e+000 -2.526496380133375e-004
1.542363636363636e+000 -6.615623786850843e-006
1.542454545454546e+000 -2.125518149100716e-004
1.542545454545455e+000 -8.775687002817080e-005
1.542636363636364e+000 -1.127914110684734e-004
1.542727272727273e+000 -1.964974411520068e-004
1.542818181818182e+000 -2.142555843838423e-005
1.542909090909091e+000 -2.635353964323458e-004
1.543000000000000e+000 2.645309558802655e-006
1.543090909090909e+000 -2.495388636722781e-004
1.543181818181818e+000 -5.500330126712238e-005
1.543272727272727e+000 -1.660225633663680e-004
1.543363636363637e+000 -1.600217445165364e-004
1.543454545454545e+000 -6.378822856298327e-005
1.543545454545455e+000 -2.535497797022118e-004
1.543636363636364e+000 -7.772149779250616e-007
1.543727272727273e+000 -2.867694792345588e-004
1.543818181818182e+000 -1.039503182511146e-005
1.543909090909091e+000 -2.454090957899385e-004
1.544000000000000e+000 -8.695754370878702e-005
1.544090909090909e+000 -1.532403608773301e-004
1.544181818181818e+000 -1.926823385558457e-004
1.544272727272727e+000 -5.651671049621945e-005
1.544363636363636e+000 -2.789978369766913e-004
1.544454545454546e+000 -1.937939043850485e-007
1.544545454545455e+000 -3.096058668314179e-004
1.544636363636364e+000 -8.322000548561733e-006
1.544727272727273e+000 -2.746347805417098e-004
1.544818181818182e+000 -7.643254484721967e-005
1.544909090909091e+000 -1.915028683448547e-004
1.545000000000000e+000 -1.768141068391851e-004
1.545090909090909e+000 -9.472578351687483e-005
1.545181818181818e+000 -2.720176911667047e-004
1.545272727272727e+000 -2.088077393843613e-005
1.545363636363637e+000 -3.297278569564472e-004
1.545454545454545e+000 4.625639604042255e-006
1.545545454545455e+000 -3.332416907873820e-004
1.545636363636364e+000 -2.540047300696348e-005
1.545727272727273e+000 -2.847980831471191e-004
1.545818181818182e+000 -1.001898616497838e-004
1.545909090909091e+000 -2.021871330732076e-004
1.546000000000000e+000 -1.968737024803021e-004
1.546090909090909e+000 -1.112166614357128e-004
1.546181818181818e+000 -2.888627878222336e-004
1.546272727272727e+000 -3.728246932202477e-005
1.546363636363636e+000 -3.536548245999360e-004
1.546454545454546e+000 1.285106940248805e-006
1.546545454545455e+000 -3.779729296359927e-004
1.546636363636364e+000 -3.337153361313850e-006
1.546727272727273e+000 -3.594762106527693e-004
1.546818181818182e+000 -4.837288218176021e-005
1.546909090909091e+000 -3.054404668360744e-004
1.547000000000000e+000 -1.228951401856552e-004
1.547090909090909e+000 -2.294975712187145e-004
1.547181818181818e+000 -2.115779113839920e-004
1.547272727272727e+000 -1.477034457311652e-004
1.547363636363637e+000 -2.985438338462976e-004
1.547454545454545e+000 -7.499871453594130e-005
1.547545454545455e+000 -3.704325681190307e-004
1.547636363636364e+000 -2.272037731196389e-005
1.547727272727273e+000 -4.182533692316949e-004
1.547818181818182e+000 2.609466090758313e-006
1.547909090909091e+000 -4.379839552772629e-004
1.548000000000000e+000 -6.657109808177898e-007
1.548090909090909e+000 -4.301526112608283e-004
1.548181818181818e+000 -3.012783966309081e-005
1.548272727272727e+000 -3.987710775005223e-004
1.548363636363636e+000 -8.053213625551410e-005
1.548454545454546e+000 -3.499945895623907e-004
1.548545454545455e+000 -1.451633067230472e-004
1.548636363636364e+000 -2.908149889539296e-004
1.548727272727273e+000 -2.170445667550014e-004
1.548818181818182e+000 -2.279872257687715e-004
1.548909090909091e+000 -2.898535243642088e-004
1.549000000000000e+000 -1.672834722878198e-004
1.549090909090909e+000 -3.584967908423587e-004
1.549181818181818e+000 -1.130835882902320e-004
1.549272727272727e+000 -4.193666387005234e-004
1.549363636363637e+000 -6.825434610422437e-005
1.549454545454545e+000 -4.703446747555073e-004
1.549545454545455e+000 -3.424192282500654e-005
1.549636363636364e+000 -5.106331819855230e-004
1.549727272727273e+000 -1.129676827873322e-005
1.549818181818182e+000 -5.404917636082518e-004
1.549909090909091e+000 1.240704967483684e-006
1.550000000000000e+000 -5.609429865544974e-004
1.550090909090909e+000 4.648389512143411e-006
1.550181818181818e+000 -5.734924302487363e-004
1.550272727272727e+000 5.609007077929375e-007
1.550363636363636e+000 -5.798905275662968e-004
1.550454545454546e+000 -9.242441357501330e-006
1.550545454545455e+000 -5.819484967768640e-004
1.550636363636364e+000 -2.299380379106143e-005
1.550727272727273e+000 -5.814095737914802e-004
1.550818181818182e+000 -3.904001034203283e-005
1.550909090909091e+000 -5.798696404022471e-004
1.551000000000000e+000 -5.590084417660447e-005
1.551090909090909e+000 -5.787375631555369e-004
1.551181818181818e+000 -7.229308757309765e-005
1.551272727272727e+000 -5.792242315882708e-004
1.551363636363637e+000 -8.713133949448887e-005
1.551454545454545e+000 -5.823495317271422e-004
1.551545454545455e+000 -9.951590266209187e-005
1.551636363636364e+000 -5.889575843280275e-004
1.551727272727273e+000 -1.087167270308695e-004
1.551818181818182e+000 -5.997319841751678e-004
1.551909090909091e+000 -1.141609641903319e-004
1.552000000000000e+000 -6.152041772034594e-004
1.552090909090909e+000 -1.154303514860425e-004
1.552181818181818e+000 -6.357493715393824e-004
1.552272727272727e+000 -1.122734512851361e-004
1.552363636363636e+000 -6.615655254138097e-004
1.552454545454546e+000 -1.046366319354743e-004
1.552545454545455e+000 -6.926321492100304e-004
1.552636363636364e+000 -9.271635962306149e-005
1.552727272727273e+000 -7.286471709330854e-004
1.552818181818182e+000 -7.703357809810798e-005
1.552909090909091e+000 -7.689422953956812e-004
1.553000000000000e+000 -5.852828392335370e-005
1.553090909090909e+000 -8.123805335092712e-004
1.553181818181818e+000 -3.866847965995507e-005
1.553272727272727e+000 -8.572442752348149e-004
1.553363636363637e+000 -1.956215097789041e-005
1.553454545454545e+000 -9.011286781526010e-004
1.553545454545455e+000 -4.053629738441644e-006
1.553636363636364e+000 -9.408632403271223e-004
1.553727272727273e+000 4.223100338817004e-006
1.553818181818182e+000 -9.724937014728469e-004
1.553909090909091e+000 8.710641329510286e-007
1.554000000000000e+000 -9.913656019203587e-004
1.554090909090909e+000 -1.911781220990760e-005
1.554181818181818e+000 -9.923576082564068e-004
1.554272727272727e+000 -6.103599676587114e-005
1.554363636363636e+000 -9.703135339216569e-004
1.554454545454546e+000 -1.299131906206594e-004
1.554545454545455e+000 -9.207120689601957e-004
1.554636363636364e+000 -2.297205146976647e-004
1.554727272727273e+000 -8.405870515573793e-004
1.554818181818182e+000 -3.623343457942819e-004
1.554909090909091e+000 -7.296634980053737e-004
1.555000000000000e+000 -5.263278937672471e-004
1.555090909090909e+000 -5.916027599707741e-004
1.555181818181818e+000 -7.157421154878196e-004
1.555272727272727e+000 -4.351566672338748e-004
1.555363636363637e+000 -9.190880399617029e-004
1.555454545454545e+000 -2.749268769554223e-004
1.555545454545455e+000 -1.118932496000407e-003
1.555636363636364e+000 -1.313359281640736e-004
1.555727272727273e+000 -1.292487581860324e-003
1.555818181818182e+000 -2.937887417583501e-005
1.555909090909091e+000 -1.413616782443650e-003
1.556000000000000e+000 4.211291548107993e-006
1.556090909090909e+000 -1.456535647052023e-003
1.556181818181818e+000 -5.446706055789783e-005
1.556272727272727e+000 -1.401176685984578e-003
1.556363636363636e+000 -2.204390856206261e-004
1.556454545454546e+000 -1.239689574045002e-003
1.556545454545455e+000 -4.931787899518497e-004
1.556636363636364e+000 -9.829002884866526e-004
1.556727272727273e+000 -8.508326340627181e-004
1.556818181818182e+000 -6.648861625910351e-004
1.556909090909091e+000 -1.247459392131807e-003
1.557000000000000e+000 -3.433719207585958e-004
1.557090909090909e+000 -1.615619609346442e-003
1.557181818181818e+000 -9.373408202798358e-005
1.557272727272727e+000 -1.876157257777531e-003
1.557363636363637e+000 4.653027791142022e-006
1.557454545454545e+000 -1.955550668329839e-003
1.557545454545455e+000 -1.110061892414713e-004
1.557636363636364e+000 -1.808729808407591e-003
1.557727272727273e+000 -4.630821920371202e-004
1.557818181818182e+000 -1.442137383592596e-003
1.557909090909091e+000 -1.013222436069958e-003
1.558000000000000e+000 -9.289710658618419e-004
1.558090909090909e+000 -1.654593460057955e-003
1.558181818181818e+000 -4.074082828601306e-004
1.558272727272727e+000 -2.225237617983106e-003
1.558363636363636e+000 -5.478166780597362e-005
1.558454545454546e+000 -2.546737541353181e-003
1.558545454545455e+000 -3.720703196564880e-005
1.558636363636364e+000 -2.483738600919250e-003
1.558727272727273e+000 -4.446026933960839e-004
1.558818181818182e+000 -2.008615134995164e-003
1.558909090909091e+000 -1.232501020837173e-003
1.559000000000000e+000 -1.245666770801004e-003
1.559090909090909e+000 -2.199197159214945e-003
1.559181818181818e+000 -4.664873831808551e-004
1.559272727272727e+000 -3.023321005722595e-003
1.559363636363637e+000 -1.821749370454883e-005
1.559454545454545e+000 -3.368815622933557e-003
1.559545454545455e+000 -1.913783859822781e-004
1.559636363636364e+000 -3.033517609531699e-003
1.559727272727273e+000 -1.068477223715097e-003
1.559818181818182e+000 -2.084313519178145e-003
1.559909090909091e+000 -2.423681565075765e-003
1.560000000000000e+000 -9.035687652595575e-004
1.560090909090909e+000 -3.746915076352173e-003
1.560181818181818e+000 -8.688289727320197e-005
1.560272727272727e+000 -4.427066094520068e-003
1.560363636363636e+000 -1.906249159583898e-004
1.560454545454546e+000 -4.051686038120538e-003
1.560545454545455e+000 -1.416289067550848e-003
1.560636363636364e+000 -2.693919691510728e-003
1.560727272727273e+000 -3.395337338307933e-003
1.560818181818182e+000 -1.011163783334287e-003
1.560909090909091e+000 -5.243735820160140e-003
1.561000000000000e+000 -2.380878076766481e-005
1.561090909090909e+000 -5.950541650013452e-003
1.561181818181818e+000 -5.941448284605538e-004
1.561272727272727e+000 -4.971811769927206e-003
1.561363636363637e+000 -2.835965224841139e-003
1.561454545454545e+000 -2.714367361577048e-003
1.561545454545455e+000 -5.828863848725072e-003
1.561636363636364e+000 -5.444619864644432e-004
1.561727272727273e+000 -7.943142832768473e-003
1.561818181818182e+000 -1.423264970460142e-004
1.561909090909091e+000 -7.758292571587669e-003
1.562000000000000e+000 -2.425760462856742e-003
1.562090909090909e+000 -5.122947613295920e-003
1.562181818181818e+000 -6.679965660593539e-003
1.562272727272727e+000 -1.636894085273959e-003
1.562363636363636e+000 -1.061739098029102e-002
1.562454545454546e+000 2.430277614190104e-006
1.562545454545455e+000 -1.162917145040402e-002
1.562636363636364e+000 -2.311550978403092e-003
1.562727272727273e+000 -8.656816887137417e-003
1.562818181818182e+000 -8.333694937212225e-003
1.562909090909091e+000 -3.453714219009996e-003
1.563000000000000e+000 -1.500577687776781e-002
1.563090909090909e+000 -7.452521261223020e-005
1.563181818181818e+000 -1.804951992386469e-002
1.563272727272727e+000 -2.431662445174407e-003
1.563363636363637e+000 -1.493042202007306e-002
1.563454545454545e+000 -1.127813477267444e-002
1.563545454545455e+000 -7.268054721944554e-003
1.563636363636364e+000 -2.288447722117777e-002
1.563727272727273e+000 -7.361328075814436e-004
1.563818181818182e+000 -3.084459242124721e-002
1.563909090909091e+000 -1.961138449293191e-003
1.564000000000000e+000 -3.015803765826059e-002
1.564090909090909e+000 -1.422144355826108e-002
1.564181818181818e+000 -2.083957422114080e-002
1.564272727272727e+000 -3.517439042677143e-002
1.564363636363636e+000 -8.395389607753798e-003
1.564454545454546e+000 -5.871549700823017e-002
1.564545454545455e+000 -5.609590702002101e-004
1.564636363636364e+000 -8.003531998074009e-002
1.564727272727273e+000 -2.258530128222091e-003
1.564818181818182e+000 -1.011996777394015e-001
1.564909090909091e+000 -1.129765510115106e-002
1.565000000000000e+000 -1.370268876679068e-001
1.565090909090909e+000 -1.404076653153128e-002
1.565181818181818e+000 -2.239763534558114e-001
1.565272727272727e+000 -1.096831170315883e-003
1.565363636363637e+000 -3.224558483039761e-001
1.565454545454545e+000 -4.247763391727910e-001
1.565545454545455e+000 -2.424732609651043e-001
1.565636363636364e+000 -8.888622206204117e-001
1.565727272727273e+000 -4.729683438486637e-001
1.565818181818182e+000 -1.000000000000000e+002
1.565909090909091e+000 -1.000000000000000e+002
1.566000000000000e+000 -1.000000000000000e+002
1.566090909090909e+000 -1.000000000000000e+002
1.566181818181818e+000 -5.726577136871467e+000
1.566272727272727e+000 -5.086178176039873e-001
1.566363636363636e+000 -9.630691599610810e-001
1.566454545454546e+000 -6.008339798630351e-001
1.566545454545455e+000 -4.552285487819904e-001
1.566636363636364e+000 -2.085905581271745e-002
1.566727272727273e+000 -2.031145106543889e-001
1.566818181818182e+000 -8.660646597298109e-002
1.566909090909091e+000 -9.628094114693334e-002
1.567000000000000e+000 -6.182652296554881e-002
1.567090909090909e+000 -7.789801219526005e-002
1.567181818181818e+000 -2.558415484130869e-002
1.567272727272727e+000 -7.680538634665189e-002
1.567363636363637e+000 -2.852007406010567e-003
1.567454545454545e+000 -6.760921002774738e-002
1.567545454545455e+000 -2.993765265129657e-003
1.567636363636364e+000 -4.300605206770070e-002
1.567727272727273e+000 -2.029850938523025e-002
1.567818181818182e+000 -1.402724193946314e-002
1.567909090909091e+000 -3.508844504811030e-002
1.568000000000000e+000 -1.027506355245655e-004
1.568090909090909e+000 -3.103409113983417e-002
1.568181818181818e+000 -7.671495243437920e-003
1.568272727272727e+000 -1.264160614474729e-002
1.568363636363636e+000 -2.118669663419189e-002
1.568454545454546e+000 -3.218184863313112e-004
1.568545454545455e+000 -2.124661617558618e-002
1.568636363636364e+000 -5.234722541665692e-003
1.568727272727273e+000 -8.279130560129314e-003
1.568818181818182e+000 -1.559249203388563e-002
1.568909090909091e+000 -2.466693273622796e-005
1.569000000000000e+000 -1.455528835298803e-002
1.569090909090909e+000 -5.463968230985230e-003
1.569181818181818e+000 -4.184616718285451e-003
1.569272727272727e+000 -1.276969122878534e-002
1.569363636363637e+000 -2.297701559372778e-004
1.569454545454545e+000 -9.312114807745553e-003
1.569545454545455e+000 -6.562101232584318e-003
1.569636363636364e+000 -1.239359134444449e-003
1.569727272727273e+000 -1.033956419379910e-002
1.569818181818182e+000 -1.470919482319075e-003
1.569909090909091e+000 -4.828909420954892e-003
1.570000000000000e+000 -7.487954675214870e-003
1.570090909090909e+000 -9.030007488299370e-006
1.570181818181818e+000 -7.289581164057359e-003
1.570272727272727e+000 -3.500570686611693e-003
1.570363636363636e+000 -1.439692894443833e-003
1.570454545454546e+000 -7.221401904926733e-003
1.570545454545455e+000 -7.398170501797217e-004
1.570636363636364e+000 -3.720150419949511e-003
1.570727272727273e+000 -5.255614668601527e-003
1.570818181818182e+000 -6.065447732694944e-006
1.570909090909091e+000 -5.220486755447408e-003
1.571000000000000e+000 -2.777088065730380e-003
1.571090909090909e+000 -8.154912395937536e-004
1.571181818181818e+000 -5.357373193811146e-003
1.571272727272727e+000 -8.944236793394080e-004
1.571363636363637e+000 -2.202116298309730e-003
1.571454545454545e+000 -4.391533531811356e-003
1.571545454545455e+000 -5.357748602967182e-005
1.571636363636364e+000 -3.356630424767942e-003
1.571727272727273e+000 -2.935923946731205e-003
1.571818181818182e+000 -1.410313360794959e-004
1.571909090909091e+000 -3.883591859832005e-003
1.572000000000000e+000 -1.554220580941559e-003
1.572090909090909e+000 -7.730241646341973e-004
1.572181818181818e+000 -3.763520958280711e-003
1.572272727272727e+000 -5.751360989366577e-004
1.572363636363636e+000 -1.550388641056431e-003
1.572454545454546e+000 -3.190637825971121e-003
1.572545454545455e+000 -8.483847553383028e-005
1.572636363636364e+000 -2.195095106206701e-003
1.572727272727273e+000 -2.414392474825826e-003
1.572818181818182e+000 -7.463775660966931e-006
1.572909090909091e+000 -2.579182124244001e-003
1.573000000000000e+000 -1.640420866640405e-003
1.573090909090909e+000 -1.989508821177823e-004
1.573181818181818e+000 -2.692234731545373e-003
1.573272727272727e+000 -9.936608028351980e-004
1.573363636363637e+000 -5.156226753219867e-004
1.573454545454545e+000 -2.590320625862511e-003
1.573545454545455e+000 -5.229386492786889e-004
1.573636363636364e+000 -8.489865997562937e-004
1.573727272727273e+000 -2.351905238743421e-003
1.573818181818182e+000 -2.238888689488785e-004
1.573909090909091e+000 -1.134090998812013e-003
1.574000000000000e+000 -2.049903337126466e-003
1.574090909090909e+000 -6.401834859411977e-005
1.574181818181818e+000 -1.342989246081375e-003
1.574272727272727e+000 -1.739034114490906e-003
1.574363636363636e+000 -2.019329673542951e-006
1.574454545454546e+000 -1.472879020686063e-003
1.574545454545455e+000 -1.453680099563864e-003
1.574636363636364e+000 5.559404731328331e-007
1.574727272727273e+000 -1.534674564426523e-003
1.574818181818182e+000 -1.211222641880432e-003
1.574909090909091e+000 -2.597437005349205e-005
1.575000000000000e+000 -1.544458218251748e-003
1.575090909090909e+000 -1.017180844842713e-003
1.575181818181818e+000 -6.049297689834664e-005
1.575272727272727e+000 -1.518169572475865e-003
1.575363636363637e+000 -8.700644330594420e-004
1.575454545454545e+000 -8.997695727117336e-005
1.575545454545455e+000 -1.468912739386310e-003
1.575636363636364e+000 -7.650676762703444e-004
1.575727272727273e+000 -1.076318004215829e-004
1.575818181818182e+000 -1.406010366436341e-003
1.575909090909091e+000 -6.964603064528223e-004
1.576000000000000e+000 -1.110783358467760e-004
1.576090909090909e+000 -1.335045897098022e-003
1.576181818181818e+000 -6.588672676181507e-004
1.576272727272727e+000 -1.009533806679290e-004
1.576363636363636e+000 -1.258371605233795e-003
1.576454545454546e+000 -6.477199217203290e-004
1.576545454545455e+000 -8.000403431317760e-005
1.576636363636364e+000 -1.175792699555725e-003
1.576727272727273e+000 -6.591331414780234e-004
1.576818181818182e+000 -5.260256783323610e-005
1.576909090909091e+000 -1.085318307578423e-003
1.577000000000000e+000 -6.894005476261599e-004
1.577090909090909e+000 -2.453113861192734e-005
1.577181818181818e+000 -9.839887038630333e-004
1.577272727272727e+000 -7.342531487644649e-004
1.577363636363637e+000 -2.842574056174881e-006
1.577454545454545e+000 -8.688474083820031e-004
1.577545454545455e+000 -7.880195219762997e-004
1.577636363636364e+000 4.425353157088907e-006
1.577727272727273e+000 -7.381270014469359e-004
1.577818181818182e+000 -8.428663486002927e-004
1.577909090909091e+000 -1.108210041658774e-005
1.578000000000000e+000 -5.926520632655281e-004
1.578090909090909e+000 -8.883787599428718e-004
1.578181818181818e+000 -5.677641028189070e-005
1.578272727272727e+000 -4.373228230503085e-004
1.578363636363636e+000 -9.118313839973593e-004
1.578454545454546e+000 -1.371688396463492e-004
1.578545454545455e+000 -2.823321713975639e-004
1.578636363636364e+000 -8.995448231818230e-004
1.578727272727273e+000 -2.513435769333494e-004
1.578818181818182e+000 -1.435245062045252e-004
1.578909090909091e+000 -8.396287745222392e-004
1.579000000000000e+000 -3.903672246493254e-004
1.579090909090909e+000 -4.112497178443106e-005
1.579181818181818e+000 -7.260781513013329e-004
1.579272727272727e+000 -5.356222643027663e-004
1.579363636363637e+000 3.878971784216852e-006
1.579454545454545e+000 -5.635455219752783e-004
1.579545454545455e+000 -6.594669851545328e-004
1.579636363636364e+000 -2.407590891534579e-005
1.579727272727273e+000 -3.712240006240264e-004
1.579818181818182e+000 -7.296555161294889e-004
1.579909090909091e+000 -1.272451227067260e-004
1.580000000000000e+000 -1.834405898089783e-004
1.580090909090909e+000 -7.181910865881884e-004
1.580181818181818e+000 -2.874536560198845e-004
1.580272727272727e+000 -4.437718632730630e-005
1.580363636363636e+000 -6.134421908614629e-004
1.580454545454546e+000 -4.637085767882028e-004
1.580545454545455e+000 4.428257068144743e-006
1.580636363636364e+000 -4.316188165020976e-004
1.580727272727273e+000 -5.988578441176144e-004
1.580818181818182e+000 -5.800961639129244e-005
1.580909090909091e+000 -2.211606793172055e-004
1.581000000000000e+000 -6.374102492922057e-004
1.581090909090909e+000 -2.152086352515668e-004
1.581181818181818e+000 -5.326834164745287e-005
1.581272727272727e+000 -5.512078565506380e-004
1.581363636363637e+000 -4.075826222042488e-004
1.581454545454545e+000 4.028131406281470e-006
1.581545454545455e+000 -3.622743551324861e-004
1.581636363636364e+000 -5.478802727590434e-004
1.581727272727273e+000 -7.843478067303630e-005
1.581818181818182e+000 -1.470342418870656e-004
1.581909090909091e+000 -5.593032344634392e-004
1.582000000000000e+000 -2.633623111163530e-004
1.582090909090909e+000 -9.343167966997711e-006
1.582181818181818e+000 -4.225133187562941e-004
1.582272727272727e+000 -4.504151289442724e-004
1.582363636363636e+000 -2.542884145703222e-005
1.582454545454546e+000 -2.027792329817473e-004
1.582545454545455e+000 -5.231005510741757e-004
1.582636363636364e+000 -1.876501304302368e-004
1.582727272727273e+000 -2.784981368099325e-005
1.582818181818182e+000 -4.235312076440179e-004
1.582909090909091e+000 -3.898794912278175e-004
1.583000000000000e+000 -1.210971503495490e-005
1.583090909090909e+000 -2.075272583252540e-004
1.583181818181818e+000 -4.840903301106526e-004
1.583272727272727e+000 -1.672198514310528e-004
1.583363636363637e+000 -2.566621652171291e-005
1.583454545454545e+000 -3.883872851202649e-004
1.583545454545455e+000 -3.718024484138858e-004
1.583636363636364e+000 -1.821569640421090e-005
1.583727272727273e+000 -1.686788295339282e-004
1.583818181818182e+000 -4.501806859055884e-004
1.583909090909091e+000 -1.903426172864377e-004
1.584000000000000e+000 -6.841462250858241e-006
1.584090909090909e+000 -3.227454084135026e-004
1.584181818181818e+000 -3.835724798495445e-004
1.584272727272727e+000 -4.821545106812649e-005
1.584363636363636e+000 -9.905167457865560e-005
1.584454545454546e+000 -4.049304099304241e-004
1.584545454545455e+000 -2.497115715285366e-004
1.584636363636364e+000 4.285458766010117e-006
1.584727272727273e+000 -2.226547807819907e-004
1.584818181818182e+000 -3.968776000442866e-004
1.584909090909091e+000 -1.182333552385447e-004
1.585000000000000e+000 -2.467018726444530e-005
1.585090909090909e+000 -3.195229587925353e-004
1.585181818181818e+000 -3.251289724665253e-004
1.585272727272727e+000 -3.091132969624510e-005
1.585363636363637e+000 -9.836774171290842e-005
1.585454545454545e+000 -3.650424158379575e-004
1.585545454545455e+000 -2.291594697240730e-004
1.585636363636364e+000 3.212010270334390e-006
1.585727272727273e+000 -1.798580932519238e-004
1.585818181818182e+000 -3.623857461181013e-004
1.585909090909091e+000 -1.398340098041417e-004
1.586000000000000e+000 -4.137784805980996e-006
1.586090909090909e+000 -2.458418643284661e-004
1.586181818181818e+000 -3.280940407997888e-004
1.586272727272727e+000 -7.257333056586073e-005
1.586363636363636e+000 -3.452255052367087e-005
1.586454545454546e+000 -2.879103360146543e-004
1.586545454545455e+000 -2.801281867000484e-004
1.586636363636364e+000 -2.995757830322308e-005
1.586727272727273e+000 -7.182980682350435e-005
1.586818181818182e+000 -3.077376717149021e-004
1.586909090909091e+000 -2.318547342184192e-004
1.587000000000000e+000 -7.392540895789995e-006
1.587090909090909e+000 -1.056007076097185e-004
1.587181818181818e+000 -3.115074978100165e-004
1.587272727272727e+000 -1.908476490781581e-004
1.587363636363637e+000 1.997879443033320e-006
1.587454545454546e+000 -1.307139952790794e-004
1.587545454545455e+000 -3.059813514734415e-004
1.587636363636364e+000 -1.601489485845006e-004
1.587727272727273e+000 4.459327188054725e-006
1.587818181818182e+000 -1.456447007371323e-004
1.587909090909091e+000 -2.965221285887784e-004
1.588000000000000e+000 -1.401430612451627e-004
1.588090909090909e+000 4.406921217358597e-006
1.588181818181818e+000 -1.506872949512376e-004
1.588272727272727e+000 -2.864856137522093e-004
1.588363636363636e+000 -1.300971180128439e-004
1.588454545454546e+000 4.230256805597200e-006
1.588545454545455e+000 -1.467179990805717e-004
1.588636363636364e+000 -2.772855180883747e-004
1.588727272727273e+000 -1.290761155619583e-004
1.588818181818182e+000 4.499628599623460e-006
1.588909090909091e+000 -1.345921373620442e-004
1.589000000000000e+000 -2.686565409216831e-004
1.589090909090909e+000 -1.362561716627495e-004
1.589181818181818e+000 4.236449711515097e-006
1.589272727272727e+000 -1.150914771949084e-004
1.589363636363637e+000 -2.589117875454665e-004
1.589454545454546e+000 -1.507444089579424e-004
1.589545454545455e+000 1.164760300784413e-006
1.589636363636364e+000 -8.930958705810884e-005
1.589727272727273e+000 -2.452169961983826e-004
1.589818181818182e+000 -1.710164619652226e-004
1.589909090909091e+000 -7.943462050341971e-006
1.590000000000000e+000 -5.935636343424032e-005
1.590090909090909e+000 -2.240685908438973e-004
1.590181818181818e+000 -1.941178135384124e-004
1.590272727272727e+000 -2.658654250206472e-005
1.590363636363636e+000 -2.918112628675227e-005
1.590454545454546e+000 -1.922485516033334e-004
1.590545454545455e+000 -2.149149563862703e-004
1.590636363636364e+000 -5.724749971513403e-005
1.590727272727273e+000 -5.113491320882524e-006
1.590818181818182e+000 -1.484671185155823e-004
1.590909090909091e+000 -2.259321212909949e-004
1.591000000000000e+000 -9.941822869795657e-005
1.591090909090909e+000 4.549686434280390e-006
1.591181818181818e+000 -9.557075103855463e-005
1.591272727272727e+000 -2.185495547114045e-004
1.591363636363637e+000 -1.473599778435469e-004
1.591454545454546e+000 -8.285063380593044e-006
1.591545454545455e+000 -4.249524640849327e-005
1.591636363636364e+000 -1.862593215235471e-004
1.591727272727273e+000 -1.888760177155394e-004
1.591818181818182e+000 -4.718888907120022e-005
1.591909090909091e+000 -4.233045783579109e-006
1.592000000000000e+000 -1.298111976239804e-004
1.592090909090909e+000 -2.071774123443500e-004
1.592181818181818e+000 -1.057501308539626e-004
1.592272727272727e+000 2.367464945012246e-006
1.592363636363636e+000 -6.215317924457278e-005
1.592454545454546e+000 -1.876981967753382e-004
1.592545454545455e+000 -1.642949001359197e-004
1.592636363636364e+000 -3.209472621997678e-005
1.592727272727273e+000 -8.709568433940210e-006
1.592818181818182e+000 -1.291553556882932e-004
1.592909090909091e+000 -1.939435793203436e-004
1.593000000000000e+000 -9.821826243648827e-005
1.593090909090909e+000 1.984102808722177e-006
1.593181818181818e+000 -5.297748046371331e-005
1.593272727272727e+000 -1.714767966096788e-004
1.593363636363637e+000 -1.630801052817182e-004
1.593454545454546e+000 -4.239301651849753e-005
1.593545454545455e+000 -4.356551353473419e-007
1.593636363636364e+000 -1.004978458502772e-004
1.593727272727273e+000 -1.829434094342004e-004
1.593818181818182e+000 -1.191698699212904e-004
1.593909090909091e+000 -9.450954947147374e-006
1.594000000000000e+000 -2.241789993007842e-005
1.594090909090909e+000 -1.350443482226536e-004
1.594181818181818e+000 -1.730251132413489e-004
1.594272727272727e+000 -7.925904138562324e-005
1.594363636363636e+000 3.229699350846321e-006
1.594454545454546e+000 -4.836010934237091e-005
1.594545454545455e+000 -1.536041793479808e-004
1.594636363636364e+000 -1.541372265463279e-004
1.594727272727273e+000 -5.026105197367780e-005
1.594818181818182e+000 3.913365372887056e-006
1.594909090909091e+000 -6.931086213261337e-005
1.595000000000000e+000 -1.599814087266070e-004
1.595090909090909e+000 -1.353730796573003e-004
1.595181818181818e+000 -3.237088973109273e-005
1.595272727272727e+000 2.952126537578793e-007
1.595363636363637e+000 -8.205832820791364e-005
1.595454545454546e+000 -1.593753892744823e-004
1.595545454545455e+000 -1.215274976388387e-004
1.595636363636364e+000 -2.323007318183338e-005
1.595727272727273e+000 -2.690839752534849e-006
1.595818181818182e+000 -8.643859093766398e-005
1.595909090909091e+000 -1.556423015396609e-004
1.596000000000000e+000 -1.143294126518709e-004
1.596090909090909e+000 -2.060413203682174e-005
1.596181818181818e+000 -2.865982583197491e-006
1.596272727272727e+000 -8.319428446267124e-005
1.596363636363636e+000 -1.504862370344530e-004
1.596454545454546e+000 -1.137871458740126e-004
1.596545454545455e+000 -2.350385024289905e-005
1.596636363636364e+000 -2.411561424601392e-007
1.596727272727273e+000 -7.298742007810697e-005
1.596818181818182e+000 -1.435146983479939e-004
1.596909090909091e+000 -1.188150158586006e-004
1.597000000000000e+000 -3.225471359426793e-005
1.597090909090909e+000 3.331334781492326e-006
1.597181818181818e+000 -5.647346105214825e-005
1.597272727272727e+000 -1.326183150961562e-004
1.597363636363637e+000 -1.270627016142453e-004
1.597454545454546e+000 -4.781050058188978e-005
1.597545454545455e+000 4.257342663396773e-006
1.597636363636364e+000 -3.522309086196424e-005
1.597727272727273e+000 -1.147464956174307e-004
1.597818181818182e+000 -1.342893973353047e-004
1.597909090909091e+000 -7.030277837378229e-005
1.598000000000000e+000 -2.422869986640969e-006
1.598090909090909e+000 -1.315872642677285e-005
1.598181818181818e+000 -8.754267973846695e-005
1.598272727272727e+000 -1.340652677528201e-004
1.598363636363636e+000 -9.687649407885088e-005
1.598454545454546e+000 -2.147099495523779e-005
1.598545454545455e+000 2.337168800160148e-006
1.598636363636364e+000 -5.217506770187112e-005
1.598727272727273e+000 -1.191043133958708e-004
1.598818181818182e+000 -1.196305100069193e-004
1.598909090909091e+000 -5.392912167310850e-005
1.599000000000000e+000 1.369828225047918e-006
1.599090909090909e+000 -1.658681973800069e-005
1.599181818181818e+000 -8.554779608546174e-005
1.599272727272727e+000 -1.259385840031854e-004
1.599363636363637e+000 -9.233256989866252e-005
1.599454545454546e+000 -2.336975898899782e-005
1.599545454545455e+000 3.831471541416515e-006
1.599636363636364e+000 -3.970915712873971e-005
1.599727272727273e+000 -1.043517574891871e-004
1.599818181818182e+000 -1.185628721181292e-004
1.599909090909091e+000 -6.743880963601191e-005
1.600000000000000e+000 -7.119717313831837e-006
