1.550000000000000e+000 -8.802777613025464e+001
1.550136363636364e+000 -5.193604799373591e+001
1.550272727272727e+000 -6.001056031508585e+001
1.550409090909091e+000 -5.325776685846570e+001
1.550545454545455e+000 -5.495978533323730e+001
1.550681818181818e+000 -5.615720967610681e+001
1.550818181818182e+000 -5.266537707096929e+001
1.550954545454546e+000 -6.204078752165547e+001
1.551090909090909e+000 -5.172458511821564e+001
1.551227272727273e+000 -9.450580550324024e+001
1.551363636363637e+000 -5.170360944580576e+001
1.551500000000000e+000 -6.209887133071069e+001
1.551636363636364e+000 -5.244369224843911e+001
1.551772727272727e+000 -5.678428828918162e+001
1.551909090909091e+000 -5.393012321930041e+001
1.552045454545455e+000 -5.410013852481297e+001
1.552181818181818e+000 -5.629887882587130e+001
1.552318181818182e+000 -5.259066568897364e+001
1.552454545454546e+000 -5.999874996807977e+001
1.552590909090909e+000 -5.177703115305404e+001
1.552727272727273e+000 -6.670486311058603e+001
1.552863636363636e+000 -5.143200952634985e+001
1.553000000000000e+000 -8.603052717481415e+001
1.553136363636364e+000 -5.142301631665454e+001
1.553272727272727e+000 -6.577423942305173e+001
1.553409090909091e+000 -5.166016832382591e+001
1.553545454545455e+000 -6.073109909539745e+001
1.553681818181818e+000 -5.207434388190582e+001
1.553818181818182e+000 -5.799012399467237e+001
1.553954545454546e+000 -5.260617347845515e+001
1.554090909090909e+000 -5.625612270017694e+001
1.554227272727273e+000 -5.319989110179173e+001
1.554363636363636e+000 -5.509306516690635e+001
1.554500000000000e+000 -5.380004738052692e+001
1.554636363636364e+000 -5.429757368124601e+001
1.554772727272727e+000 -5.435070445178344e+001
1.554909090909091e+000 -5.375833308040267e+001
1.555045454545455e+000 -5.479737118915261e+001
1.555181818181818e+000 -5.340983229985296e+001
1.555318181818182e+000 -5.509178423412867e+001
1.555454545454545e+000 -5.321385597738961e+001
1.555590909090909e+000 -5.519865551866176e+001
1.555727272727273e+000 -5.315138426811317e+001
1.555863636363636e+000 -5.510213145249806e+001
1.556000000000000e+000 -5.321924920273793e+001
1.556136363636364e+000 -5.480910968412632e+001
1.556272727272727e+000 -5.342960766427154e+001
1.556409090909091e+000 -5.434774127760702e+001
1.556545454545455e+000 -5.381195154993839e+001
1.556681818181818e+000 -5.376188344296337e+001
1.556818181818182e+000 -5.441877681628473e+001
1.556954545454546e+000 -5.310411464955099e+001
1.557090909090909e+000 -5.533852981094982e+001
1.557227272727273e+000 -5.242997126310015e+001
1.557363636363637e+000 -5.672638704256801e+001
1.557500000000000e+000 -5.179483133702814e+001
1.557636363636364e+000 -5.888906194047705e+001
1.557772727272727e+000 -5.125363039909711e+001
1.557909090909091e+000 -6.259466857842838e+001
1.558045454545455e+000 -5.086309588253357e+001
1.558181818181818e+000 -7.125025129841352e+001
1.558318181818182e+000 -5.068650024075999e+001
1.558454545454546e+000 -7.170198915266329e+001
1.558590909090909e+000 -5.080204300572432e+001
1.558727272727273e+000 -6.149060438452929e+001
1.558863636363636e+000 -5.131857999920166e+001
1.559000000000000e+000 -5.681038976802246e+001
1.559136363636364e+000 -5.240982820130121e+001
1.559272727272727e+000 -5.388805561884168e+001
1.559409090909091e+000 -5.440575233392249e+001
1.559545454545455e+000 -5.197707324628493e+001
1.559681818181818e+000 -5.812787027286594e+001
1.559818181818182e+000 -5.084248084370455e+001
1.559954545454546e+000 -6.737561190257632e+001
1.560090909090909e+000 -5.043867013460950e+001
1.560227272727273e+000 -6.633423202272661e+001
1.560363636363636e+000 -5.085109739266427e+001
1.560500000000000e+000 -5.703974497654350e+001
1.560636363636364e+000 -5.234992074501933e+001
1.560772727272727e+000 -5.302846364511400e+001
1.560909090909091e+000 -5.568870481676948e+001
1.561045454545455e+000 -5.097034913485785e+001
1.561181818181818e+000 -6.429416147829438e+001
1.561318181818182e+000 -5.026298968167942e+001
1.561454545454545e+000 -6.487205164895107e+001
1.561590909090909e+000 -5.089124211147870e+001
1.561727272727273e+000 -5.526443003937312e+001
1.561863636363637e+000 -5.334263010263940e+001
1.562000000000000e+000 -5.157097773181556e+001
1.562136363636364e+000 -5.980568333994054e+001
1.562272727272727e+000 -5.017722381693357e+001
1.562409090909091e+000 -6.875699715019134e+001
1.562545454545455e+000 -5.062626525436006e+001
1.562681818181818e+000 -5.518781016286638e+001
1.562818181818182e+000 -5.345552571834423e+001
1.562954545454546e+000 -5.112972314917952e+001
1.563090909090909e+000 -6.238018827512596e+001
1.563227272727273e+000 -4.998251018448551e+001
1.563363636363637e+000 -6.132149687603403e+001
1.563500000000000e+000 -5.126913581929433e+001
1.563636363636364e+000 -5.273113608730959e+001
1.563772727272727e+000 -5.648855708466338e+001
1.563909090909091e+000 -5.006907787377357e+001
1.564045454545455e+000 -7.232421722563603e+001
1.564181818181818e+000 -5.042528651935382e+001
1.564318181818182e+000 -5.410495803405004e+001
1.564454545454546e+000 -5.455194759302927e+001
1.564590909090909e+000 -5.021266662409242e+001
1.564727272727273e+000 -9.176232949095247e+001
1.564863636363636e+000 -5.013955081697025e+001
1.565000000000000e+000 -5.443735379526577e+001
1.565136363636364e+000 -5.427486889384719e+001
1.565272727272727e+000 -5.008336558524895e+001
1.565409090909091e+000 -8.213081772799305e+001
1.565545454545455e+000 -5.019712342381683e+001
1.565681818181818e+000 -5.345784374586846e+001
1.565818181818182e+000 -5.550456813856519e+001
1.565954545454546e+000 -4.970928549461183e+001
1.566090909090909e+000 -6.495966159452718e+001
1.566227272727273e+000 -5.079048495344716e+001
1.566363636363636e+000 -5.169483794779410e+001
1.566500000000000e+000 -5.965561139099041e+001
1.566636363636364e+000 -4.947007874126894e+001
1.566772727272727e+000 -5.700529488943808e+001
1.566909090909091e+000 -5.265800573597134e+001
1.567045454545455e+000 -5.001459125258790e+001
1.567181818181818e+000 -8.586307929476546e+001
1.567318181818182e+000 -5.009468031074178e+001
1.567454545454545e+000 -5.214931085662036e+001
1.567590909090909e+000 -5.835649629763033e+001
1.567727272727273e+000 -4.929111477086254e+001
1.567863636363637e+000 -5.632288219597483e+001
1.568000000000000e+000 -5.311228851945230e+001
1.568136363636364e+000 -4.954330910614721e+001
1.568272727272727e+000 -6.555311121067349e+001
1.568409090909091e+000 -5.073905074428000e+001
1.568545454545455e+000 -5.054772815542398e+001
1.568681818181818e+000 -6.808030338524873e+001
1.568818181818182e+000 -4.958801129297208e+001
1.568954545454546e+000 -5.213856603408612e+001
1.569090909090909e+000 -5.865505884802815e+001
1.569227272727273e+000 -4.909781325740182e+001
1.569363636363636e+000 -5.420052231946884e+001
1.569500000000000e+000 -5.504713848263427e+001
1.569636363636364e+000 -4.897704844011633e+001
1.569772727272727e+000 -5.660966023607686e+001
1.569909090909091e+000 -5.312905537121955e+001
1.570045454545455e+000 -4.903633200286664e+001
1.570181818181818e+000 -5.915024149552158e+001
1.570318181818182e+000 -5.204082660534958e+001
1.570454545454546e+000 -4.913940551312351e+001
1.570590909090909e+000 -6.138614575437813e+001
1.570727272727273e+000 -5.145499591710022e+001
1.570863636363636e+000 -4.919077357334768e+001
1.571000000000000e+000 -6.260773715512256e+001
1.571136363636364e+000 -5.123020514996973e+001
1.571272727272727e+000 -4.913711778884418e+001
1.571409090909091e+000 -6.222233460836405e+001
1.571545454545455e+000 -5.132637286670728e+001
1.571681818181818e+000 -4.897151774025527e+001
1.571818181818182e+000 -6.039076093320755e+001
1.571954545454545e+000 -5.178637339710128e+001
1.572090909090909e+000 -4.873408120625054e+001
1.572227272727273e+000 -5.783244792399167e+001
1.572363636363636e+000 -5.275547256074356e+001
1.572500000000000e+000 -4.850810025787322e+001
1.572636363636364e+000 -5.516716759649538e+001
1.572772727272727e+000 -5.456935229960470e+001
1.572909090909091e+000 -4.841668072749309e+001
1.573045454545455e+000 -5.273149331427110e+001
1.573181818181818e+000 -5.811696864206514e+001
1.573318181818182e+000 -4.862921512480330e+001
1.573454545454545e+000 -5.069292166098941e+001
1.573590909090909e+000 -6.782114208389540e+001
1.573727272727273e+000 -4.939461909388134e+001
1.573863636363637e+000 -4.916303766862806e+001
1.574000000000000e+000 -6.413483853385094e+001
1.574136363636364e+000 -5.115297329505589e+001
1.574272727272727e+000 -4.826637404700747e+001
1.574409090909091e+000 -5.505695369204975e+001
1.574545454545455e+000 -5.499680202384811e+001
1.574681818181818e+000 -4.820075520601663e+001
1.574818181818182e+000 -5.081584352589746e+001
1.574954545454546e+000 -6.735333605544791e+001
1.575090909090909e+000 -4.935512054706701e+001
1.575227272727273e+000 -4.857638441994375e+001
1.575363636363636e+000 -5.872951271791532e+001
1.575500000000000e+000 -5.274363103542261e+001
1.575636363636364e+000 -4.790995915774923e+001
1.575772727272727e+000 -5.133881737147859e+001
1.575909090909091e+000 -6.402500857878017e+001
1.576045454545455e+000 -4.909093176830277e+001
1.576181818181818e+000 -4.834386344294146e+001
1.576318181818182e+000 -5.729897884581492e+001
1.576454545454546e+000 -5.362186493801519e+001
1.576590909090909e+000 -4.783670221671946e+001
1.576727272727273e+000 -4.997107126534191e+001
1.576863636363636e+000 -8.295694603263333e+001
1.577000000000000e+000 -5.021009489857057e+001
1.577136363636364e+000 -4.766442772064604e+001
1.577272727272727e+000 -5.244698523085592e+001
1.577409090909091e+000 -6.025052592950663e+001
1.577545454545455e+000 -4.865789550956929e+001
1.577681818181818e+000 -4.798572429525596e+001
1.577818181818182e+000 -5.545081337276010e+001
1.577954545454545e+000 -5.536955062275169e+001
1.578090909090909e+000 -4.792286133571412e+001
1.578227272727273e+000 -4.841000639717773e+001
1.578363636363636e+000 -5.838153898549283e+001
1.578500000000000e+000 -5.339845484132781e+001
1.578636363636364e+000 -4.757694588490685e+001
1.578772727272727e+000 -4.864888298155574e+001
1.578909090909091e+000 -6.004428872838378e+001
1.579045454545455e+000 -5.276630584733783e+001
1.579181818181818e+000 -4.742715797945792e+001
1.579318181818182e+000 -4.853677010037103e+001
1.579454545454545e+000 -5.929663941932919e+001
1.579590909090909e+000 -5.317421965591574e+001
1.579727272727273e+000 -4.743711931400377e+001
1.579863636363637e+000 -4.807398441561516e+001
1.580000000000000e+000 -5.659497553916710e+001
1.580136363636364e+000 -5.491798238592096e+001
1.580272727272727e+000 -4.771693732440995e+001
1.580409090909091e+000 -4.742618287409617e+001
1.580545454545455e+000 -5.330008191894076e+001
1.580681818181818e+000 -5.955532291658057e+001
1.580818181818182e+000 -4.855658228882323e+001
1.580954545454546e+000 -4.688040945588346e+001
1.581090909090909e+000 -5.029142399773352e+001
1.581227272727273e+000 -8.286524519081195e+001
1.581363636363636e+000 -5.059107344718142e+001
1.581500000000000e+000 -4.682366346006616e+001
1.581636363636364e+000 -4.798051462729899e+001
1.581772727272727e+000 -5.625139896125131e+001
1.581909090909091e+000 -5.574801568981065e+001
1.582045454545455e+000 -4.783555714111052e+001
1.582181818181818e+000 -4.666358081388894e+001
1.582318181818182e+000 -5.004231624488917e+001
1.582454545454546e+000 -7.190188727828983e+001
1.582590909090909e+000 -5.120017748933652e+001
1.582727272727273e+000 -4.678843679800060e+001
1.582863636363636e+000 -4.703178687853367e+001
1.583000000000000e+000 -5.221533136244416e+001
1.583136363636364e+000 -6.487208712112778e+001
1.583272727272727e+000 -4.946884519422021e+001
1.583409090909091e+000 -4.638295890440087e+001
1.583545454545455e+000 -4.729794573422289e+001
1.583681818181818e+000 -5.341116743545279e+001
1.583818181818182e+000 -6.112391910427706e+001
1.583954545454545e+000 -4.897337693595627e+001
1.584090909090909e+000 -4.620318672374968e+001
1.584227272727273e+000 -4.711611729661885e+001
1.584363636363636e+000 -5.277867743168576e+001
1.584500000000000e+000 -6.373902802586605e+001
1.584636363636364e+000 -4.945439191836650e+001
1.584772727272727e+000 -4.619751536782050e+001
1.584909090909091e+000 -4.650487427376110e+001
1.585045454545455e+000 -5.064070306097951e+001
1.585181818181818e+000 -7.636667210591129e+001
1.585318181818182e+000 -5.141607764179722e+001
1.585454545454545e+000 -4.665827718761221e+001
1.585590909090909e+000 -4.583919125298193e+001
1.585727272727273e+000 -4.809060108635378e+001
1.585863636363637e+000 -5.626361189942740e+001
1.586000000000000e+000 -5.744917087005025e+001
1.586136363636364e+000 -4.837221722212686e+001
1.586272727272727e+000 -4.577066137875759e+001
1.586409090909091e+000 -4.608815820569612e+001
1.586545454545455e+000 -4.953451279281502e+001
1.586681818181818e+000 -6.241316955624270e+001
1.586818181818182e+000 -5.382579191438536e+001
1.586954545454546e+000 -4.739810571393476e+001
1.587090909090909e+000 -4.545378461710303e+001
1.587227272727273e+000 -4.605746302919400e+001
1.587363636363636e+000 -4.960592261682786e+001
1.587500000000000e+000 -6.213896176860730e+001
1.587636363636364e+000 -5.422058114449005e+001
1.587772727272727e+000 -4.756514479031059e+001
1.587909090909091e+000 -4.535917952046631e+001
1.588045454545455e+000 -4.551372165706286e+001
1.588181818181818e+000 -4.807877966399601e+001
1.588318181818182e+000 -5.555489032067425e+001
1.588454545454546e+000 -6.007577027249295e+001
1.588590909090909e+000 -4.930178264523134e+001
1.588727272727273e+000 -4.584271048429716e+001
1.588863636363636e+000 -4.492805255094527e+001
1.589000000000000e+000 -4.597420163745367e+001
1.589136363636364e+000 -4.954923987079470e+001
1.589272727272727e+000 -6.043900123190975e+001
1.589409090909091e+000 -5.581040405057155e+001
1.589545454545455e+000 -4.824923071954583e+001
1.589681818181818e+000 -4.540883499133047e+001
1.589818181818182e+000 -4.467291301939842e+001
1.589954545454545e+000 -4.564047181027205e+001
1.590090909090909e+000 -4.874652431718783e+001
1.590227272727273e+000 -5.689789241142699e+001
1.590363636363636e+000 -5.962912212332076e+001
1.590500000000000e+000 -4.953986788343983e+001
1.590636363636364e+000 -4.591615169772827e+001
1.590772727272727e+000 -4.451038870716522e+001
1.590909090909091e+000 -4.461799078649911e+001
1.591045454545455e+000 -4.624232388081706e+001
1.591181818181818e+000 -5.011960117574593e+001
1.591318181818182e+000 -6.096707041156298e+001
1.591454545454546e+000 -5.672118097152002e+001
1.591590909090909e+000 -4.888192454577715e+001
1.591727272727273e+000 -4.564330623068644e+001
1.591863636363637e+000 -4.426205175357053e+001
1.592000000000000e+000 -4.416161466511939e+001
1.592136363636364e+000 -4.527674164842631e+001
1.592272727272727e+000 -4.795741333735349e+001
1.592409090909091e+000 -5.374674131474886e+001
1.592545454545455e+000 -7.710607194736897e+001
1.592681818181818e+000 -5.272357772127512e+001
1.592818181818182e+000 -4.752058234559362e+001
1.592954545454546e+000 -4.500755773600915e+001
1.593090909090909e+000 -4.387314934192413e+001
1.593227272727273e+000 -4.375298146567037e+001
1.593363636363636e+000 -4.458767189501113e+001
1.593500000000000e+000 -4.655940197127818e+001
1.593636363636364e+000 -5.035172507956931e+001
1.593772727272727e+000 -5.928887582751152e+001
1.593909090909091e+000 -6.034183628281483e+001
1.594045454545455e+000 -5.071636426601607e+001
1.594181818181818e+000 -4.675470215554275e+001
1.594318181818182e+000 -4.462375379113216e+001
1.594454545454546e+000 -4.354326745977479e+001
1.594590909090909e+000 -4.324631490004403e+001
1.594727272727273e+000 -4.365318529391509e+001
1.594863636363636e+000 -4.480835184861004e+001
1.595000000000000e+000 -4.692154429728115e+001
1.595136363636364e+000 -5.061114033096916e+001
1.595272727272727e+000 -5.848677024493357e+001
1.595409090909091e+000 -6.391525763003993e+001
1.595545454545455e+000 -5.235212997596114e+001
1.595681818181818e+000 -4.790740852806466e+001
1.595818181818182e+000 -4.538501303320189e+001
1.595954545454545e+000 -4.386333027518791e+001
1.596090909090909e+000 -4.301351444997923e+001
1.596227272727273e+000 -4.269148772018897e+001
1.596363636363636e+000 -4.283720737519910e+001
1.596500000000000e+000 -4.344499115656700e+001
1.596636363636364e+000 -4.456285912072286e+001
1.596772727272727e+000 -4.632023494455017e+001
1.596909090909091e+000 -4.902300498985755e+001
1.597045454545455e+000 -5.353270689708857e+001
1.597181818181818e+000 -6.445882048538984e+001
1.597318181818182e+000 -6.074804964769418e+001
1.597454545454546e+000 -5.245785030062104e+001
1.597590909090909e+000 -4.852901191323218e+001
1.597727272727273e+000 -4.608469297213540e+001
1.597863636363637e+000 -4.443447889620492e+001
1.598000000000000e+000 -4.330174663773389e+001
1.598136363636364e+000 -4.254840877423743e+001
1.598272727272727e+000 -4.209696372440752e+001
1.598409090909091e+000 -4.190145047332564e+001
1.598545454545455e+000 -4.193485051004068e+001
1.598681818181818e+000 -4.218329923517393e+001
1.598818181818182e+000 -4.264374002477700e+001
1.598954545454546e+000 -4.332387880248163e+001
1.599090909090909e+000 -4.424443293461673e+001
1.599227272727273e+000 -4.544479996462430e+001
1.599363636363636e+000 -4.699547733258103e+001
1.599500000000000e+000 -4.902676621340121e+001
1.599636363636364e+000 -5.180580632004762e+001
1.599772727272727e+000 -5.600792490796865e+001
1.599909090909091e+000 -6.444842389547524e+001
1.600045454545455e+000 -6.866553915504133e+001
1.600181818181818e+000 -5.767071249060069e+001
1.600318181818182e+000 -5.312451584786437e+001
1.600454545454546e+000 -5.028974409537159e+001
1.600590909090909e+000 -4.827570219916061e+001
1.600727272727273e+000 -4.674968703531189e+001
1.600863636363636e+000 -4.554956667431122e+001
1.601000000000000e+000 -4.458338193672912e+001
1.601136363636364e+000 -4.379345434996540e+001
1.601272727272727e+000 -4.314088237019224e+001
1.601409090909091e+000 -4.259793523873967e+001
1.601545454545455e+000 -4.214396104673873e+001
1.601681818181818e+000 -4.176302619039436e+001
1.601818181818182e+000 -4.144247765586312e+001
1.601954545454545e+000 -4.117202916875066e+001
1.602090909090909e+000 -4.094316057996882e+001
1.602227272727273e+000 -4.074871291644445e+001
1.602363636363636e+000 -4.058261027220463e+001
1.602500000000000e+000 -4.043966656135513e+001
1.602636363636364e+000 -4.031545053422713e+001
1.602772727272727e+000 -4.020619160441186e+001
1.602909090909091e+000 -4.010871464968328e+001
1.603045454545455e+000 -4.002039549919333e+001
1.603181818181818e+000 -3.993913115927087e+001
1.603318181818182e+000 -3.986332042618905e+001
1.603454545454546e+000 -3.979185170136134e+001
1.603590909090909e+000 -3.972409573041476e+001
1.603727272727273e+000 -3.965990174715657e+001
1.603863636363636e+000 -3.959959618545431e+001
1.604000000000000e+000 -3.954398376408203e+001
1.604136363636364e+000 -3.949435138426989e+001
1.604272727272727e+000 -3.945247592557660e+001
1.604409090909091e+000 -3.942063772199866e+001
1.604545454545455e+000 -3.940164228789269e+001
1.604681818181818e+000 -3.939885382881246e+001
1.604818181818182e+000 -3.941624534523126e+001
1.604954545454546e+000 -3.945847192339290e+001
1.605090909090909e+000 -3.953097646443818e+001
1.605227272727273e+000 -3.964014120293808e+001
1.605363636363636e+000 -3.979350490854615e+001
1.605500000000000e+000 -4.000007644174775e+001
1.605636363636364e+000 -4.027079367610858e+001
1.605772727272727e+000 -4.061920917407244e+001
1.605909090909091e+000 -4.106254372772957e+001
1.606045454545455e+000 -4.162336489772981e+001
1.606181818181818e+000 -4.233238761843819e+001
1.606318181818182e+000 -4.323342986538390e+001
1.606454545454545e+000 -4.439287508833845e+001
1.606590909090909e+000 -4.591967425041412e+001
1.606727272727273e+000 -4.801413839192188e+001
1.606863636363636e+000 -5.111628237374769e+001
1.607000000000000e+000 -5.658040847080852e+001
1.607136363636364e+000 -8.110652159750345e+001
1.607272727272727e+000 -5.714389453807956e+001
1.607409090909091e+000 -5.065656937282185e+001
1.607545454545455e+000 -4.690188333311631e+001
1.607681818181818e+000 -4.426749044979688e+001
1.607818181818182e+000 -4.226892320246203e+001
1.607954545454545e+000 -4.069747918755466e+001
1.608090909090909e+000 -3.944680066109449e+001
1.608227272727273e+000 -3.845807562726495e+001
1.608363636363636e+000 -3.769836393052638e+001
1.608500000000000e+000 -3.715091132814580e+001
1.608636363636364e+000 -3.681072636654698e+001
1.608772727272727e+000 -3.668300027942673e+001
1.608909090909091e+000 -3.678361012721025e+001
1.609045454545455e+000 -3.714192066099955e+001
1.609181818181818e+000 -3.780726032440887e+001
1.609318181818182e+000 -3.886293704870175e+001
1.609454545454546e+000 -4.045897203415024e+001
1.609590909090909e+000 -4.290234509795566e+001
1.609727272727273e+000 -4.699240045217893e+001
1.609863636363636e+000 -5.652706834370326e+001
1.610000000000000e+000 -5.548209931374392e+001
1.610136363636364e+000 -4.613766385161670e+001
1.610272727272727e+000 -4.180475988581529e+001
1.610409090909091e+000 -3.909122028050155e+001
1.610545454545455e+000 -3.725901963947393e+001
1.610681818181818e+000 -3.603471932129143e+001
1.610818181818182e+000 -3.530057614246772e+001
1.610954545454546e+000 -3.501305168662653e+001
1.611090909090909e+000 -3.517872708814266e+001
1.611227272727273e+000 -3.585552173759054e+001
1.611363636363636e+000 -3.718049335623642e+001
1.611500000000000e+000 -3.946210313013278e+001
1.611636363636364e+000 -4.354172441818722e+001
1.611772727272727e+000 -5.370082417162182e+001
1.611909090909091e+000 -5.086219517060481e+001
1.612045454545455e+000 -4.213078232693366e+001
1.612181818181818e+000 -3.808185311165379e+001
1.612318181818182e+000 -3.568112562388165e+001
1.612454545454545e+000 -3.424982830164652e+001
1.612590909090909e+000 -3.355490802749920e+001
1.612727272727273e+000 -3.353255910180474e+001
1.612863636363636e+000 -3.423298297407685e+001
1.613000000000000e+000 -3.585581254978719e+001
1.613136363636364e+000 -3.895406866839456e+001
1.613272727272727e+000 -4.562963234933449e+001
1.613409090909091e+000 -5.603184729435649e+001
1.613545454545455e+000 -4.133759603307831e+001
1.613681818181818e+000 -3.642188526401485e+001
1.613818181818182e+000 -3.377339415170999e+001
1.613954545454545e+000 -3.236146287275016e+001
1.614090909090909e+000 -3.189030526952686e+001
1.614227272727273e+000 -3.232528900160580e+001
1.614363636363636e+000 -3.384884521441035e+001
1.614500000000000e+000 -3.708709280620319e+001
1.614636363636364e+000 -4.478381694721392e+001
1.614772727272727e+000 -4.898746263527139e+001
1.614909090909091e+000 -3.775105146953933e+001
1.615045454545455e+000 -3.342691637746280e+001
1.615181818181818e+000 -3.120734199393944e+001
1.615318181818182e+000 -3.027787516671902e+001
1.615454545454546e+000 -3.045798358294611e+001
1.615590909090909e+000 -3.189650408795626e+001
1.615727272727273e+000 -3.529710762056552e+001
1.615863636363636e+000 -4.426734642347958e+001
1.616000000000000e+000 -4.378004866845224e+001
1.616136363636364e+000 -3.445952398277632e+001
1.616272727272727e+000 -3.062248131614087e+001
1.616409090909091e+000 -2.879930761790841e+001
1.616545454545455e+000 -2.835166152862951e+001
1.616681818181818e+000 -2.924519455017817e+001
1.616818181818182e+000 -3.197633226979950e+001
1.616954545454546e+000 -3.895479178345066e+001
1.617090909090909e+000 -4.530718913431628e+001
1.617227272727273e+000 -3.296245842343063e+001
1.617363636363636e+000 -2.860362149123958e+001
1.617500000000000e+000 -2.660042218758560e+001
1.617636363636364e+000 -2.613471726752283e+001
1.617772727272727e+000 -2.717095560678806e+001
1.617909090909091e+000 -3.037201463140930e+001
1.618045454545455e+000 -3.967145267170322e+001
1.618181818181818e+000 -3.764054937225082e+001
1.618318181818182e+000 -2.875601528671286e+001
1.618454545454545e+000 -2.508548000361374e+001
1.618590909090909e+000 -2.347252667865121e+001
1.618727272727273e+000 -2.335430846252898e+001
1.618863636363636e+000 -2.483330892462589e+001
1.619000000000000e+000 -2.892744983356226e+001
1.619136363636364e+000 -4.472131081445149e+001
1.619272727272727e+000 -3.087932161612863e+001
1.619409090909091e+000 -2.408048163494863e+001
1.619545454545455e+000 -2.079279793718168e+001
1.619681818181818e+000 -1.907376758594572e+001
1.619818181818182e+000 -1.837150597300824e+001
1.619954545454545e+000 -1.843678614077525e+001
1.620090909090909e+000 -1.907251983468119e+001
1.620227272727273e+000 -1.992888018599944e+001
1.620363636363637e+000 -2.016928948634564e+001
1.620500000000000e+000 -1.837857026722432e+001
1.620636363636364e+000 -1.403793601222068e+001
1.620772727272727e+000 -9.480517563049704e+000
1.620909090909091e+000 -2.736475550248020e+001
1.621045454545455e+000 -3.790007922360851e+000
1.621181818181818e+000 -2.622189708125927e-008
1.621318181818182e+000 8.685893981439090e-006
1.621454545454546e+000 -2.580953908216133e-008
1.621590909090909e+000 -3.398742359367332e+000
1.621727272727273e+000 -1.643303649763713e+001
1.621863636363636e+000 -9.803207122788667e+000
1.622000000000000e+000 -1.180719425143021e+001
1.622136363636364e+000 -1.423436180228074e+001
1.622272727272727e+000 -1.547679418665444e+001
1.622409090909091e+000 -1.597917924350363e+001
1.622545454545455e+000 -1.650241964276343e+001
1.622681818181818e+000 -1.765776776409119e+001
1.622818181818182e+000 -2.008183021027085e+001
1.622954545454546e+000 -2.515257229298561e+001
1.623090909090909e+000 -4.480664533608821e+001
1.623227272727273e+000 -2.796865312342812e+001
1.623363636363636e+000 -2.284296230293404e+001
1.623500000000000e+000 -2.154057413875348e+001
1.623636363636364e+000 -2.273989944999800e+001
1.623772727272727e+000 -2.725500893930985e+001
1.623909090909091e+000 -4.800439830810191e+001
1.624045454545455e+000 -2.956120828389111e+001
1.624181818181818e+000 -2.485915715209130e+001
1.624318181818182e+000 -2.429350480990622e+001
1.624454545454545e+000 -2.701343805194186e+001
1.624590909090909e+000 -3.688046394039144e+001
1.624727272727273e+000 -3.450983192582031e+001
1.624863636363636e+000 -2.733177988743810e+001
1.625000000000000e+000 -2.602245792121801e+001
1.625136363636364e+000 -2.839289002739659e+001
1.625272727272727e+000 -3.810569420837470e+001
1.625409090909091e+000 -3.566429716081858e+001
1.625545454545455e+000 -2.858224686569954e+001
1.625681818181818e+000 -2.754691791598371e+001
1.625818181818182e+000 -3.064560634986189e+001
1.625954545454545e+000 -4.555720218328339e+001
1.626090909090909e+000 -3.406365967065010e+001
1.626227272727273e+000 -2.907598107685459e+001
1.626363636363637e+000 -2.922904455857388e+001
1.626500000000000e+000 -3.452883047425878e+001
1.626636363636364e+000 -4.658673306350481e+001
1.626772727272727e+000 -3.205052790834225e+001
1.626909090909091e+000 -2.965353113644054e+001
1.627045454545455e+000 -3.197010961993516e+001
1.627181818181818e+000 -4.454405035945605e+001
1.627318181818182e+000 -3.624273339070857e+001
1.627454545454546e+000 -3.092128109620330e+001
1.627590909090909e+000 -3.136321884412884e+001
1.627727272727273e+000 -3.823210350889919e+001
1.627863636363636e+000 -4.178984506024021e+001
1.628000000000000e+000 -3.252257140981283e+001
1.628136363636364e+000 -3.155386460083310e+001
1.628272727272727e+000 -3.626766900347310e+001
1.628409090909091e+000 -4.927762301548138e+001
1.628545454545455e+000 -3.407473296705919e+001
1.628681818181818e+000 -3.206726825043382e+001
1.628818181818182e+000 -3.574728811244746e+001
1.628954545454546e+000 -5.979959440863701e+001
1.629090909090909e+000 -3.526001929783560e+001
1.629227272727273e+000 -3.266339031698590e+001
1.629363636363636e+000 -3.599870557012864e+001
1.629500000000000e+000 -6.628953607859896e+001
1.629636363636364e+000 -3.587972539102645e+001
1.629772727272727e+000 -3.324624094120102e+001
1.629909090909091e+000 -3.685355888253503e+001
1.630045454545455e+000 -5.672615164566132e+001
1.630181818181818e+000 -3.593303782175404e+001
1.630318181818182e+000 -3.384448149536770e+001
1.630454545454545e+000 -3.843758807514506e+001
1.630590909090909e+000 -4.876568126609375e+001
1.630727272727273e+000 -3.561641938520594e+001
1.630863636363636e+000 -3.460928552362717e+001
1.631000000000000e+000 -4.129700883942608e+001
1.631136363636364e+000 -4.343151619519702e+001
1.631272727272727e+000 -3.524037668917125e+001
1.631409090909091e+000 -3.583632702995075e+001
1.631545454545455e+000 -4.747991109559488e+001
1.631681818181818e+000 -3.975941002602325e+001
1.631818181818182e+000 -3.516213916136694e+001
1.631954545454545e+000 -3.808674857709517e+001
1.632090909090909e+000 -5.940886497051795e+001
1.632227272727273e+000 -3.735308933053955e+001
1.632363636363637e+000 -3.580941891751805e+001
1.632500000000000e+000 -4.281926015476714e+001
1.632636363636364e+000 -4.339924937597804e+001
1.632772727272727e+000 -3.616365604975069e+001
1.632909090909091e+000 -3.787306510742450e+001
1.633045454545455e+000 -6.427902032949307e+001
1.633181818181818e+000 -3.858623057003500e+001
1.633318181818182e+000 -3.644614030516721e+001
1.633454545454546e+000 -4.326978470218765e+001
1.633590909090909e+000 -4.384417100535198e+001
1.633727272727273e+000 -3.677080794698347e+001
1.633863636363636e+000 -3.905449683603036e+001
1.634000000000000e+000 -6.102414116036838e+001
1.634136363636364e+000 -3.841317151888767e+001
1.634272727272727e+000 -3.749420306054945e+001
1.634409090909091e+000 -4.811454812579802e+001
1.634545454545455e+000 -4.140527964076566e+001
1.634681818181818e+000 -3.722164396858076e+001
1.634818181818182e+000 -4.238881467272912e+001
1.634954545454546e+000 -4.640547052858177e+001
1.635090909090909e+000 -3.775746107093434e+001
1.635227272727273e+000 -3.996131523300775e+001
1.635363636363636e+000 -5.736589218279416e+001
1.635500000000000e+000 -3.885896615015511e+001
1.635636363636364e+000 -3.883575888087980e+001
1.635772727272727e+000 -5.644398747362987e+001
1.635909090909091e+000 -4.036764587961117e+001
1.636045454545455e+000 -3.839995040617786e+001
1.636181818181818e+000 -4.861962657953368e+001
1.636318181818182e+000 -4.214828678976809e+001
1.636454545454545e+000 -3.835830306088197e+001
1.636590909090909e+000 -4.555711734078865e+001
1.636727272727273e+000 -4.404895560212822e+001
1.636863636363636e+000 -3.853132737877026e+001
1.637000000000000e+000 -4.402928442824585e+001
1.637136363636364e+000 -4.586639613978953e+001
1.637272727272727e+000 -3.879704678780095e+001
1.637409090909091e+000 -4.329339842511885e+001
1.637545454545455e+000 -4.733083315786455e+001
1.637681818181818e+000 -3.907218055983641e+001
1.637818181818182e+000 -4.306889548317140e+001
1.637954545454545e+000 -4.815444044102191e+001
1.638090909090909e+000 -3.930767141347453e+001
1.638227272727273e+000 -4.324650137465524e+001
1.638363636363637e+000 -4.816553261784753e+001
1.638500000000000e+000 -3.948898146237122e+001
1.638636363636364e+000 -4.381778226513288e+001
1.638772727272727e+000 -4.742463758106143e+001
1.638909090909091e+000 -3.963650997124462e+001
1.639045454545455e+000 -4.487030802300423e+001
1.639181818181818e+000 -4.618080418106607e+001
1.639318181818182e+000 -3.980475925924748e+001
1.639454545454546e+000 -4.664044012718947e+001
1.639590909090909e+000 -4.472502170659967e+001
1.639727272727273e+000 -4.008210439330035e+001
1.639863636363636e+000 -4.972984533371808e+001
1.640000000000000e+000 -4.329483239670344e+001
1.640136363636364e+000 -4.059624830322155e+001
1.640272727272727e+000 -5.636645939819367e+001
1.640409090909091e+000 -4.206363211697043e+001
1.640545454545455e+000 -4.153580603719285e+001
1.640681818181818e+000 -6.536067569344040e+001
1.640818181818182e+000 -4.116894186609796e+001
1.640954545454545e+000 -4.321707656094775e+001
1.641090909090909e+000 -5.102311721459107e+001
1.641227272727273e+000 -4.074880887279142e+001
1.641363636363636e+000 -4.631917044220799e+001
1.641500000000000e+000 -4.585729296442025e+001
1.641636363636364e+000 -4.098635115877186e+001
1.641772727272727e+000 -5.325352204563311e+001
1.641909090909091e+000 -4.299507636990406e+001
1.642045454545455e+000 -4.219375686000333e+001
1.642181818181818e+000 -6.093850656503503e+001
1.642318181818182e+000 -4.153609804387092e+001
1.642454545454545e+000 -4.507328544909151e+001
1.642590909090909e+000 -4.790501526716894e+001
1.642727272727273e+000 -4.135061604172007e+001
1.642863636363636e+000 -5.226918927176904e+001
1.643000000000000e+000 -4.353226382759208e+001
1.643136363636364e+000 -4.273197745884438e+001
1.643272727272727e+000 -5.789063064658121e+001
1.643409090909091e+000 -4.178721064728395e+001
1.643545454545455e+000 -4.685741425761697e+001
1.643681818181818e+000 -4.628425406602577e+001
1.643818181818182e+000 -4.207200377437023e+001
1.643954545454545e+000 -6.386260660972847e+001
1.644090909090909e+000 -4.266621159140664e+001
1.644227272727273e+000 -4.502755694815871e+001
1.644363636363636e+000 -4.903495298425269e+001
1.644500000000000e+000 -4.206648325482853e+001
1.644636363636364e+000 -5.563152743825122e+001
1.644772727272727e+000 -4.343506956802470e+001
1.644909090909091e+000 -4.452988116612048e+001
1.645045454545455e+000 -5.069504871640332e+001
1.645181818181818e+000 -4.227453601406423e+001
1.645318181818182e+000 -5.464743151070856e+001
1.645454545454546e+000 -4.375258400285282e+001
1.645590909090909e+000 -4.482840374992902e+001
1.645727272727273e+000 -5.039169552694956e+001
1.645863636363636e+000 -4.255656990900866e+001
1.646000000000000e+000 -5.760639017492321e+001
1.646136363636364e+000 -4.357626287456520e+001
1.646272727272727e+000 -4.595594890085647e+001
1.646409090909091e+000 -4.849553724961119e+001
1.646545454545455e+000 -4.303568086238468e+001
1.646681818181818e+000 -8.102377692405595e+001
1.646818181818182e+000 -4.317868299845265e+001
1.646954545454545e+000 -4.855734193339857e+001
1.647090909090909e+000 -4.613419689201655e+001
1.647227272727273e+000 -4.412783766041931e+001
1.647363636363636e+000 -5.508111614000867e+001
1.647500000000000e+000 -4.305918854907903e+001
1.647636363636364e+000 -5.547366558049276e+001
1.647772727272727e+000 -4.421207504168050e+001
1.647909090909091e+000 -4.678783910308653e+001
1.648045454545455e+000 -4.801815859730905e+001
1.648181818181818e+000 -4.394277171852649e+001
1.648318181818182e+000 -5.932410521048116e+001
1.648454545454545e+000 -4.338727711924611e+001
1.648590909090909e+000 -5.456618208318393e+001
1.648727272727273e+000 -4.456574716406210e+001
1.648863636363636e+000 -4.727180959687845e+001
1.649000000000000e+000 -4.779160126503862e+001
1.649136363636364e+000 -4.452989051345361e+001
1.649272727272727e+000 -5.543904233938026e+001
1.649409090909091e+000 -4.368904069924804e+001
1.649545454545454e+000 -6.179229419491131e+001
1.649681818181818e+000 -4.418284329284340e+001
1.649818181818182e+000 -5.027719582582672e+001
1.649954545454546e+000 -4.597114683084949e+001
1.650090909090909e+000 -4.638360704167070e+001
1.650227272727273e+000 -4.951536738463877e+001
1.650363636363636e+000 -4.462454738750569e+001
1.650500000000000e+000 -5.710264970844595e+001
1.650636363636364e+000 -4.405983352661939e+001
1.650772727272727e+000 -6.492655149696780e+001
1.650909090909091e+000 -4.437914895426297e+001
1.651045454545455e+000 -5.258011708002684e+001
1.651181818181818e+000 -4.549607739893807e+001
1.651318181818182e+000 -4.836059822964631e+001
1.651454545454546e+000 -4.748471165648875e+001
1.651590909090909e+000 -4.618495811531872e+001
1.651727272727273e+000 -5.067354473624553e+001
1.651863636363636e+000 -4.504379742444728e+001
1.652000000000000e+000 -5.620084416634499e+001
1.652136363636364e+000 -4.456724201773852e+001
1.652272727272727e+000 -7.407503302513111e+001
1.652409090909091e+000 -4.457617813320946e+001
1.652545454545455e+000 -5.958486638876105e+001
1.652681818181818e+000 -4.497049408486368e+001
1.652818181818182e+000 -5.338059055707983e+001
1.652954545454545e+000 -4.569008164594654e+001
1.653090909090909e+000 -5.028711180780326e+001
1.653227272727273e+000 -4.669847718640033e+001
1.653363636363636e+000 -4.841650587432553e+001
1.653500000000000e+000 -4.797529031219712e+001
1.653636363636364e+000 -4.721381449173676e+001
1.653772727272727e+000 -4.951262256827066e+001
1.653909090909091e+000 -4.643131488107881e+001
1.654045454545455e+000 -5.131347187241543e+001
1.654181818181818e+000 -4.593227989464547e+001
1.654318181818182e+000 -5.339094429437307e+001
1.654454545454545e+000 -4.563048253262049e+001
1.654590909090909e+000 -5.576681546434737e+001
1.654727272727273e+000 -4.546650074449993e+001
1.654863636363636e+000 -5.846600802505902e+001
1.655000000000000e+000 -4.539704690004537e+001
1.655136363636364e+000 -6.149715529499003e+001
1.655272727272727e+000 -4.538978444026758e+001
1.655409090909091e+000 -6.479148841492001e+001
1.655545454545454e+000 -4.542075305151822e+001
1.655681818181818e+000 -6.803842426544652e+001
1.655818181818182e+000 -4.547312772092920e+001
1.655954545454546e+000 -7.041082339427058e+001
1.656090909090909e+000 -4.553666984561115e+001
1.656227272727273e+000 -7.074853601156322e+001
1.656363636363636e+000 -4.560751713463461e+001
1.656500000000000e+000 -6.887651591350040e+001
1.656636363636364e+000 -4.568812252035625e+001
1.656772727272727e+000 -6.586928841415802e+001
1.656909090909091e+000 -4.578727369869983e+001
1.657045454545455e+000 -6.268402718616511e+001
1.657181818181818e+000 -4.592023572925973e+001
1.657318181818182e+000 -5.972257605617526e+001
1.657454545454546e+000 -4.610917513520725e+001
1.657590909090909e+000 -5.708803554622702e+001
1.657727272727273e+000 -4.638417030708815e+001
1.657863636363636e+000 -5.478121387086995e+001
1.658000000000000e+000 -4.678535504371782e+001
1.658136363636364e+000 -5.277816910513850e+001
1.658272727272727e+000 -4.736725029312581e+001
1.658409090909091e+000 -5.105550734797622e+001
1.658545454545455e+000 -4.820758660742625e+001
1.658681818181818e+000 -4.959775191660064e+001
1.658818181818182e+000 -4.942641072029474e+001
1.658954545454545e+000 -4.839924045032301e+001
1.659090909090909e+000 -5.123279960662936e+001
1.659227272727273e+000 -4.746485205079879e+001
1.659363636363636e+000 -5.406541227589395e+001
1.659500000000000e+000 -4.681124748156288e+001
1.659636363636364e+000 -5.921550701539724e+001
1.659772727272727e+000 -4.646973119812560e+001
1.659909090909091e+000 -7.934440237653844e+001
1.660045454545455e+000 -4.649235453757915e+001
1.660181818181818e+000 -6.052560055237008e+001
1.660318181818182e+000 -4.696489974759094e+001
1.660454545454545e+000 -5.399884224584774e+001
1.660590909090909e+000 -4.803671645956001e+001
1.660727272727273e+000 -5.051807175907973e+001
1.660863636363636e+000 -5.000087181974861e+001
1.661000000000000e+000 -4.840062569909708e+001
1.661136363636364e+000 -5.357865930954810e+001
1.661272727272727e+000 -4.720079787870013e+001
1.661409090909091e+000 -6.178870554161459e+001
1.661545454545454e+000 -4.679271801998443e+001
1.661681818181818e+000 -6.462128285457006e+001
1.661818181818182e+000 -4.721517689029724e+001
1.661954545454546e+000 -5.407510766659809e+001
1.662090909090909e+000 -4.868907361357980e+001
1.662227272727273e+000 -4.990677217101401e+001
1.662363636363636e+000 -5.185240979447270e+001
1.662500000000000e+000 -4.781226748036266e+001
1.662636363636364e+000 -5.932670286169133e+001
1.662772727272727e+000 -4.706567471647878e+001
1.662909090909091e+000 -6.472736878357200e+001
1.663045454545455e+000 -4.757602100210091e+001
1.663181818181818e+000 -5.316166123728430e+001
1.663318181818182e+000 -4.967963581387955e+001
1.663454545454546e+000 -4.911059815323478e+001
1.663590909090909e+000 -5.479922991575494e+001
1.663727272727273e+000 -4.745647761515458e+001
1.663863636363636e+000 -1.000000000000000e+002
1.664000000000000e+000 -4.751559643384109e+001
1.664136363636364e+000 -5.466444122732168e+001
1.664272727272727e+000 -4.949457323040173e+001
1.664409090909091e+000 -4.947320463469175e+001
1.664545454545455e+000 -5.502162102374553e+001
1.664681818181818e+000 -4.759903161252780e+001
1.664818181818182e+000 -7.282012119364391e+001
1.664954545454545e+000 -4.789740246986241e+001
1.665090909090909e+000 -5.311659980848337e+001
1.665227272727273e+000 -5.076291358888717e+001
1.665363636363636e+000 -4.872879560643760e+001
1.665500000000000e+000 -6.005534026549874e+001
1.665636363636364e+000 -4.763382980169148e+001
1.665772727272727e+000 -5.834990240656867e+001
1.665909090909091e+000 -4.918227798582201e+001
1.666045454545455e+000 -5.020472724545542e+001
1.666181818181818e+000 -5.514626691382139e+001
1.666318181818182e+000 -4.786761774338174e+001
1.666454545454545e+000 -6.520776369305625e+001
1.666590909090909e+000 -4.863854527223906e+001
1.666727272727273e+000 -5.140513379425980e+001
1.666863636363636e+000 -5.358395692507467e+001
1.667000000000000e+000 -4.814587040129698e+001
1.667136363636364e+000 -7.115284070889550e+001
1.667272727272727e+000 -4.859334787252901e+001
1.667409090909091e+000 -5.181659030686288e+001
1.667545454545454e+000 -5.358570692985926e+001
1.667681818181818e+000 -4.825368253997305e+001
1.667818181818182e+000 -6.823343842695911e+001
1.667954545454546e+000 -4.890054193194559e+001
1.668090909090909e+000 -5.129385224603486e+001
1.668227272727273e+000 -5.505232910263452e+001
1.668363636363636e+000 -4.821708265989687e+001
1.668500000000000e+000 -6.131439597419132e+001
1.668636363636364e+000 -4.970850720961848e+001
1.668772727272727e+000 -5.016726153649584e+001
1.668909090909091e+000 -5.923530682227688e+001
1.669045454545455e+000 -4.829944294252064e+001
1.669181818181818e+000 -5.569242346413519e+001
1.669318181818182e+000 -5.155718774540833e+001
1.669454545454546e+000 -4.901705714759367e+001
1.669590909090909e+000 -8.806567351402171e+001
1.669727272727273e+000 -4.900758845855401e+001
1.669863636363636e+000 -5.170648087768507e+001
1.670000000000000e+000 -5.608997725811938e+001
1.670136363636364e+000 -4.847646013798496e+001
1.670272727272727e+000 -5.755346452984375e+001
1.670409090909091e+000 -5.131280574203331e+001
1.670545454545455e+000 -4.928584798807743e+001
1.670681818181818e+000 -1.000000000000000e+002
1.670818181818182e+000 -4.934493960783710e+001
1.670954545454545e+000 -5.129253816450912e+001
1.671090909090909e+000 -5.850392456827650e+001
1.671227272727273e+000 -4.870241709215755e+001
1.671363636363636e+000 -5.474041275097335e+001
1.671500000000000e+000 -5.343162517616874e+001
1.671636363636364e+000 -4.888480219152651e+001
1.671772727272727e+000 -6.083899457101224e+001
1.671909090909091e+000 -5.105594362814279e+001
1.672045454545455e+000 -4.964597083673497e+001
1.672181818181818e+000 -8.500998006139730e+001
1.672318181818182e+000 -4.983884091390159e+001
1.672454545454545e+000 -5.083189365872938e+001
1.672590909090909e+000 -6.353351750689008e+001
1.672727272727273e+000 -4.925839359953049e+001
1.672863636363636e+000 -5.232031316608131e+001
1.673000000000000e+000 -5.815343062994351e+001
1.673136363636364e+000 -4.905213086809894e+001
1.673272727272727e+000 -5.398495983400243e+001
1.673409090909091e+000 -5.559952178891651e+001
1.673545454545454e+000 -4.905728789983409e+001
1.673681818181818e+000 -5.566468179680339e+001
1.673818181818182e+000 -5.420513763961517e+001
1.673954545454546e+000 -4.916151255351398e+001
1.674090909090909e+000 -5.713992214812777e+001
1.674227272727273e+000 -5.346630636888091e+001
1.674363636363636e+000 -4.928629039386025e+001
1.674500000000000e+000 -5.814376029507793e+001
1.674636363636364e+000 -5.317575245401959e+001
1.674772727272727e+000 -4.938267006488405e+001
1.674909090909091e+000 -5.844561735927004e+001
1.675045454545455e+000 -5.325313264218860e+001
1.675181818181818e+000 -4.943141675179726e+001
1.675318181818182e+000 -5.798002387722768e+001
1.675454545454545e+000 -5.370054062827848e+001
1.675590909090909e+000 -4.944361113578645e+001
1.675727272727273e+000 -5.689175878781090e+001
1.675863636363636e+000 -5.460344565204776e+001
1.676000000000000e+000 -4.946015046120763e+001
1.676136363636364e+000 -5.544080448769211e+001
1.676272727272727e+000 -5.617850610784203e+001
1.676409090909091e+000 -4.955104081814763e+001
1.676545454545455e+000 -5.388021537552468e+001
1.676681818181818e+000 -5.895594247958445e+001
1.676818181818182e+000 -4.981773570595465e+001
1.676954545454545e+000 -5.240414473849338e+001
1.677090909090909e+000 -6.474109660315483e+001
1.677227272727273e+000 -5.040483523730327e+001
1.677363636363636e+000 -5.115543177661284e+001
1.677500000000000e+000 -8.113778661939281e+001
1.677636363636364e+000 -5.153589521294342e+001
1.677772727272727e+000 -5.025358734185182e+001
1.677909090909091e+000 -6.143635141487636e+001
1.678045454545455e+000 -5.362343462907587e+001
1.678181818181818e+000 -4.982631007874513e+001
1.678318181818182e+000 -5.568283372995319e+001
1.678454545454545e+000 -5.771534660434294e+001
1.678590909090909e+000 -5.004995603581619e+001
1.678727272727273e+000 -5.245589827379195e+001
1.678863636363636e+000 -6.987364104280105e+001
1.679000000000000e+000 -5.123066152801199e+001
1.679136363636364e+000 -5.063785516905075e+001
1.679272727272727e+000 -6.215432766240880e+001
1.679409090909091e+000 -5.406173791089169e+001
1.679545454545455e+000 -5.000443117788201e+001
1.679681818181818e+000 -5.461329134475214e+001
1.679818181818182e+000 -6.115296867710038e+001
1.679954545454546e+000 -5.070601348765124e+001
1.680090909090909e+000 -5.133814934459065e+001
1.680227272727273e+000 -6.691769758891101e+001
1.680363636363636e+000 -5.342690700475541e+001
1.680500000000000e+000 -5.016799486168146e+001
1.680636363636364e+000 -5.506383800961608e+001
1.680772727272727e+000 -6.131426378991503e+001
1.680909090909091e+000 -5.094254477404593e+001
1.681045454545455e+000 -5.122890251196930e+001
1.681181818181818e+000 -6.332973541261862e+001
1.681318181818182e+000 -5.464723536627562e+001
1.681454545454546e+000 -5.029520914369832e+001
1.681590909090909e+000 -5.352302680113944e+001
1.681727272727273e+000 -7.044829368562333e+001
1.681863636363636e+000 -5.210141145692701e+001
1.682000000000000e+000 -5.060795894862158e+001
1.682136363636364e+000 -5.702562528252966e+001
1.682272727272727e+000 -5.942465322802889e+001
1.682409090909091e+000 -5.101848895468900e+001
1.682545454545455e+000 -5.143887930986862e+001
1.682681818181818e+000 -6.207901274993240e+001
1.682818181818182e+000 -5.589915693914468e+001
1.682954545454545e+000 -5.063511662855478e+001
1.683090909090909e+000 -5.246268915671575e+001
1.683227272727273e+000 -7.002741208731077e+001
1.683363636363636e+000 -5.427316142995448e+001
1.683500000000000e+000 -5.058293270610216e+001
1.683636363636364e+000 -5.338542990667953e+001
1.683772727272727e+000 -9.494185992768203e+001
1.683909090909091e+000 -5.355617328247339e+001
1.684045454545454e+000 -5.065053788185792e+001
1.684181818181818e+000 -5.394851118785569e+001
1.684318181818182e+000 -7.981078728837228e+001
1.684454545454545e+000 -5.341333709887808e+001
1.684590909090909e+000 -5.072850909371303e+001
1.684727272727273e+000 -5.399397066509296e+001
1.684863636363636e+000 -8.614401775411113e+001
1.685000000000000e+000 -5.376128204469733e+001
1.685136363636364e+000 -5.079909075145392e+001
1.685272727272727e+000 -5.353217316932461e+001
1.685409090909091e+000 -7.528971393158473e+001
1.685545454545455e+000 -5.470363572042304e+001
1.685681818181818e+000 -5.093534026552332e+001
1.685818181818182e+000 -5.273645308228947e+001
1.685954545454546e+000 -6.513016296013480e+001
1.686090909090909e+000 -5.661229786145434e+001
1.686227272727273e+000 -5.130499021399984e+001
1.686363636363636e+000 -5.187090969912769e+001
1.686500000000000e+000 -5.937248715252099e+001
1.686636363636364e+000 -6.061012799685464e+001
1.686772727272727e+000 -5.219961242309014e+001
1.686909090909091e+000 -5.122981362561593e+001
1.687045454545455e+000 -5.548627874206152e+001
1.687181818181818e+000 -7.431212246054851e+001
1.687318181818182e+000 -5.416437860562100e+001
1.687454545454545e+000 -5.114120843587137e+001
1.687590909090909e+000 -5.288185359197622e+001
1.687727272727273e+000 -6.300891869287020e+001
1.687863636363636e+000 -5.863899290985825e+001
1.688000000000000e+000 -5.206296195108719e+001
1.688136363636364e+000 -5.145787069427111e+001
1.688272727272727e+000 -5.565154027920357e+001
1.688409090909091e+000 -8.003243084174437e+001
1.688545454545455e+000 -5.494226990865252e+001
1.688681818181818e+000 -5.141860016550410e+001
1.688818181818182e+000 -5.234105297571135e+001
1.688954545454545e+000 -5.904649415419308e+001
1.689090909090909e+000 -6.383338033420586e+001
1.689227272727273e+000 -5.348016597058913e+001
1.689363636363636e+000 -5.135700271653273e+001
1.689500000000000e+000 -5.323025337087051e+001
1.689636363636364e+000 -6.217971049781951e+001
1.689772727272727e+000 -6.069573750070999e+001
1.689909090909091e+000 -5.298047447422261e+001
1.690045454545454e+000 -5.145513850158079e+001
1.690181818181818e+000 -5.369698740349217e+001
1.690318181818182e+000 -6.345003821542461e+001
1.690454545454545e+000 -6.032142871761420e+001
1.690590909090909e+000 -5.305664090993992e+001
1.690727272727273e+000 -5.153414886913132e+001
1.690863636363636e+000 -5.354317162579118e+001
1.691000000000000e+000 -6.193631884261045e+001
1.691136363636364e+000 -6.219330305171223e+001
1.691272727272727e+000 -5.370170751720454e+001
1.691409090909091e+000 -5.163334736713516e+001
1.691545454545455e+000 -5.289461112590830e+001
1.691681818181818e+000 -5.884379282709526e+001
1.691818181818182e+000 -6.897477601248579e+001
1.691954545454546e+000 -5.528107811570102e+001
1.692090909090909e+000 -5.201214110011814e+001
1.692227272727273e+000 -5.213692734679279e+001
1.692363636363636e+000 -5.568491036571921e+001
1.692500000000000e+000 -7.042791027576723e+001
1.692636363636364e+000 -5.899288655498629e+001
1.692772727272727e+000 -5.320673104536524e+001
1.692909090909091e+000 -5.179652645305613e+001
1.693045454545455e+000 -5.324016218465032e+001
1.693181818181818e+000 -5.886692084967055e+001
1.693318181818182e+000 -7.300100222051779e+001
1.693454545454545e+000 -5.642706753535765e+001
1.693590909090909e+000 -5.258167255786751e+001
1.693727272727273e+000 -5.198160128548444e+001
1.693863636363636e+000 -5.406079292760727e+001
1.694000000000000e+000 -6.086412365664123e+001
1.694136363636364e+000 -6.782952133910298e+001
1.694272727272727e+000 -5.594242841793542e+001
1.694409090909091e+000 -5.257442646601791e+001
1.694545454545455e+000 -5.208979770084248e+001
1.694681818181818e+000 -5.406641722956487e+001
1.694818181818182e+000 -6.020358526679572e+001
1.694954545454545e+000 -7.168089373966610e+001
1.695090909090909e+000 -5.694770777791736e+001
1.695227272727273e+000 -5.305745546430388e+001
1.695363636363636e+000 -5.209251853597242e+001
1.695500000000000e+000 -5.332533320376339e+001
1.695636363636364e+000 -5.753216003581015e+001
1.695772727272727e+000 -7.379130415875548e+001
1.695909090909091e+000 -6.040677029985810e+001
1.696045454545454e+000 -5.448049386766963e+001
1.696181818181818e+000 -5.240681773492245e+001
1.696318181818182e+000 -5.246122723741603e+001
1.696454545454545e+000 -5.461177120328146e+001
1.696590909090909e+000 -6.042264245643956e+001
1.696727272727273e+000 -7.698063021227462e+001
1.696863636363636e+000 -5.845336067275663e+001
1.697000000000000e+000 -5.399114590467242e+001
1.697136363636364e+000 -5.240674513135901e+001
1.697272727272727e+000 -5.266417105968976e+001
1.697409090909091e+000 -5.483070927609745e+001
1.697545454545455e+000 -6.031367008126598e+001
1.697681818181818e+000 -8.551351385328837e+001
1.697818181818182e+000 -5.958148959788421e+001
1.697954545454546e+000 -5.467253564301014e+001
1.698090909090909e+000 -5.272861939859285e+001
1.698227272727273e+000 -5.251249555616644e+001
1.698363636363636e+000 -5.388144429353530e+001
1.698500000000000e+000 -5.743711254610729e+001
1.698636363636364e+000 -6.691709334164415e+001
1.698772727272727e+000 -6.595896371662815e+001
1.698909090909091e+000 -5.728579257344487e+001
1.699045454545455e+000 -5.395058798070075e+001
1.699181818181818e+000 -5.264737591236741e+001
1.699318181818182e+000 -5.275887722809478e+001
1.699454545454545e+000 -5.427776760787711e+001
1.699590909090909e+000 -5.780460543859124e+001
1.699727272727273e+000 -6.660588070384362e+001
1.699863636363636e+000 -6.779126622974073e+001
1.700000000000000e+000 -5.830039766534298e+001
