1.550000000000000e+000 -6.134797202701529e-007
1.550136363636364e+000 -2.841530093913391e-005
1.550272727272727e+000 -4.938933298607095e-006
1.550409090909091e+000 -2.111851083811088e-005
1.550545454545455e+000 -1.446780719526828e-005
1.550681818181818e+000 -1.112753976836164e-005
1.550818181818182e+000 -2.411605801486787e-005
1.550954545454546e+000 -3.320866298616853e-006
1.551090909090909e+000 -2.980247644863499e-005
1.551227272727273e+000 -6.076995767852621e-007
1.551363636363637e+000 -2.994372433985327e-005
1.551500000000000e+000 -3.284589100094297e-006
1.551636363636364e+000 -2.534694818712793e-005
1.551772727272727e+000 -9.712540908974271e-006
1.551909090909091e+000 -1.817593920810920e-005
1.552045454545455e+000 -1.750135115327140e-005
1.552181818181818e+000 -1.078928498496239e-005
1.552318181818182e+000 -2.452340859692780e-005
1.552454545454546e+000 -4.949878846332001e-006
1.552590909090909e+000 -2.945143180038735e-005
1.552727272727273e+000 -1.533041385133385e-006
1.552863636363636e+000 -3.183645237746008e-005
1.553000000000000e+000 -6.163015535423651e-007
1.553136363636364e+000 -3.190108517548343e-005
1.553272727272727e+000 -1.754469595421948e-006
1.553409090909091e+000 -3.023785510278164e-005
1.553545454545455e+000 -4.275328469146115e-006
1.553681818181818e+000 -2.754233012045841e-005
1.553818181818182e+000 -7.503929659035910e-006
1.553954545454546e+000 -2.443751783468379e-005
1.554090909090909e+000 -1.088929245384017e-005
1.554227272727273e+000 -2.139220280019964e-005
1.554363636363636e+000 -1.404738915318488e-005
1.554500000000000e+000 -1.870913244837460e-005
1.554636363636364e+000 -1.674944905291148e-005
1.554772727272727e+000 -1.655308868573924e-005
1.554909090909091e+000 -1.888370414337307e-005
1.555045454545455e+000 -1.499424600120843e-005
1.555181818181818e+000 -2.041086142386573e-005
1.555318181818182e+000 -1.405098338348364e-005
1.555454545454545e+000 -2.132499090744798e-005
1.555590909090909e+000 -1.372402528013771e-005
1.555727272727273e+000 -2.162509637917574e-005
1.555863636363636e+000 -1.401877304238122e-005
1.556000000000000e+000 -2.129906355709697e-005
1.556136363636364e+000 -1.495498129181118e-005
1.556272727272727e+000 -2.032045589733360e-005
1.556409090909091e+000 -1.656333829434083e-005
1.556545454545455e+000 -1.865878131861825e-005
1.556681818181818e+000 -1.886807874964813e-005
1.556818181818182e+000 -1.630426518848141e-005
1.556954545454546e+000 -2.185466441084802e-005
1.557090909090909e+000 -1.330762960794192e-005
1.557227272727273e+000 -2.542306295363774e-005
1.557363636363637e+000 -9.832590836285777e-006
1.557500000000000e+000 -2.933153650656278e-005
1.557636363636364e+000 -6.212576496040359e-006
1.557772727272727e+000 -3.314401546394873e-005
1.557909090909091e+000 -2.993119811407845e-006
1.558045454545455e+000 -3.620568175991969e-005
1.558181818181818e+000 -9.291122743193578e-007
1.558318181818182e+000 -3.768309738072485e-005
1.558454545454546e+000 -8.968353154569386e-007
1.558590909090909e+000 -3.670950059407389e-005
1.558727272727273e+000 -3.684474503798185e-006
1.558863636363636e+000 -3.266056419283090e-005
1.559000000000000e+000 -9.655165521000751e-006
1.559136363636364e+000 -2.553770600568600e-005
1.559272727272727e+000 -1.834409713043949e-005
1.559409090909091e+000 -1.635041798678840e-005
1.559545454545455e+000 -2.815018601380648e-005
1.559681818181818e+000 -7.286278628387631e-006
1.559818181818182e+000 -3.637439455410165e-005
1.559954545454546e+000 -1.397507224894027e-006
1.560090909090909e+000 -3.985991267218264e-005
1.560227272727273e+000 -1.612757974117296e-006
1.560363636363636e+000 -3.630328198832391e-005
1.560500000000000e+000 -9.188942876885749e-006
1.560636363636364e+000 -2.588346399742626e-005
1.560772727272727e+000 -2.222660403294245e-005
1.560909090909091e+000 -1.232204619837616e-005
1.561045454545455e+000 -3.533605654556686e-005
1.561181818181818e+000 -2.218025100181103e-006
1.561318181818182e+000 -4.148003254486438e-005
1.561454545454545e+000 -2.016614664712484e-006
1.561590909090909e+000 -3.597432288001514e-005
1.561727272727273e+000 -1.352445036830889e-005
1.561863636363637e+000 -2.071713944820858e-005
1.562000000000000e+000 -3.084938185643196e-005
1.562136363636364e+000 -5.143605844679668e-006
1.562272727272727e+000 -4.229496012315842e-005
1.562409090909091e+000 -1.180032965499035e-006
1.562545454545455e+000 -3.819933216723230e-005
1.562681818181818e+000 -1.375408729412744e-005
1.562818181818182e+000 -2.020061294011987e-005
1.562954545454546e+000 -3.408379000111303e-005
1.563090909090909e+000 -3.112093011256175e-006
1.563227272727273e+000 -4.420642732524067e-005
1.563363636363637e+000 -3.805031178602843e-006
1.563500000000000e+000 -3.302583461109757e-005
1.563636363636364e+000 -2.375779575566028e-005
1.563772727272727e+000 -1.034960431766734e-005
1.563909090909091e+000 -4.334559182715868e-005
1.564045454545455e+000 -8.555044435720241e-007
1.564181818181818e+000 -3.997950286918364e-005
1.564318181818182e+000 -1.747786096541401e-005
1.564454545454546e+000 -1.582719519287274e-005
1.564590909090909e+000 -4.195519430956672e-005
1.564727272727273e+000 -6.038274866140452e-007
1.564863636363636e+000 -4.265720694712539e-005
1.565000000000000e+000 -1.623409431638122e-005
1.565136363636364e+000 -1.683001806307507e-005
1.565272727272727e+000 -4.320467549093682e-005
1.565409090909091e+000 -6.272605769766562e-007
1.565545454545455e+000 -4.210309877515739e-005
1.565681818181818e+000 -2.018905504270806e-005
1.565818181818182e+000 -1.282774546055450e-005
1.565954545454546e+000 -4.703681327797218e-005
1.566090909090909e+000 -1.986585704751821e-006
1.566227272727273e+000 -3.680277991870954e-005
1.566363636363636e+000 -2.999723628703221e-005
1.566500000000000e+000 -5.301612403981301e-006
1.566636363636364e+000 -4.966600198087516e-005
1.566772727272727e+000 -9.254913581817901e-006
1.566909090909091e+000 -2.414977173412733e-005
1.567045454545455e+000 -4.388404091199640e-005
1.567181818181818e+000 -6.112509291885827e-007
1.567318181818182e+000 -4.309303933519541e-005
1.567454545454545e+000 -2.707602091705422e-005
1.567590909090909e+000 -6.940503853808182e-006
1.567727272727273e+000 -5.172973656196624e-005
1.567863636363637e+000 -1.072709994955097e-005
1.568000000000000e+000 -2.181045380658984e-005
1.568136363636364e+000 -4.884501659441075e-005
1.568272727272727e+000 -1.808706175510557e-006
1.568409090909091e+000 -3.723324731436817e-005
1.568545454545455e+000 -3.888312770981843e-005
1.568681818181818e+000 -1.275119351290790e-006
1.568818181818182e+000 -4.835070782117737e-005
1.568954545454546e+000 -2.714103334524073e-005
1.569090909090909e+000 -6.518677127889801e-006
1.569227272727273e+000 -5.405634343351493e-005
1.569363636363636e+000 -1.710862035584008e-005
1.569500000000000e+000 -1.418446667913493e-005
1.569636363636364e+000 -5.556354658321344e-005
1.569772727272727e+000 -1.007923051393923e-005
1.569909090909091e+000 -2.172799414407408e-005
1.570045454545455e+000 -5.481818845451786e-005
1.570181818181818e+000 -5.880385223398866e-006
1.570318181818182e+000 -2.774461773363948e-005
1.570454545454546e+000 -5.354635872845835e-005
1.570590909090909e+000 -3.754930250754046e-006
1.570727272727273e+000 -3.166470609245644e-005
1.570863636363636e+000 -5.292362743204365e-005
1.571000000000000e+000 -2.980913635721383e-006
1.571136363636364e+000 -3.331487766522993e-005
1.571272727272727e+000 -5.357394581257809e-005
1.571409090909091e+000 -3.201840133110082e-006
1.571545454545455e+000 -3.259822807148510e-005
1.571681818181818e+000 -5.563280940060024e-005
1.571818181818182e+000 -4.567473776433737e-006
1.571954545454545e+000 -2.938199097127735e-005
1.572090909090909e+000 -5.872527935170111e-005
1.572227272727273e+000 -7.751919332808455e-006
1.572363636363636e+000 -2.362506159307608e-005
1.572500000000000e+000 -6.182981014162037e-005
1.572636363636364e+000 -1.381294495037356e-005
1.572772727272727e+000 -1.576312063501730e-005
1.572909090909091e+000 -6.313226400156864e-005
1.573045454545455e+000 -2.375229673499326e-005
1.573181818181818e+000 -7.297906271760506e-006
1.573318181818182e+000 -6.014546181996956e-005
1.573454545454545e+000 -3.762251123404069e-005
1.573590909090909e+000 -1.314800108081546e-006
1.573727272727273e+000 -5.052328361859891e-005
1.573863636363637e+000 -5.325772898070136e-005
1.574000000000000e+000 -2.273498023467367e-006
1.574136363636364e+000 -3.390074956528266e-005
1.574272727272727e+000 -6.533393057183500e-005
1.574409090909091e+000 -1.415193151336667e-005
1.574545454545455e+000 -1.434092466140165e-005
1.574681818181818e+000 -6.631933483881287e-005
1.574818181818182e+000 -3.658873572096443e-005
1.574954545454546e+000 -1.395857288033635e-006
1.575090909090909e+000 -5.097890948797771e-005
1.575227272727273e+000 -6.087354955786310e-005
1.575363636363636e+000 -6.415677740262429e-006
1.575500000000000e+000 -2.368674397247657e-005
1.575636363636364e+000 -7.087032845908879e-005
1.575772727272727e+000 -3.250506125109692e-005
1.575909090909091e+000 -2.315703069750659e-006
1.576045454545455e+000 -5.413852522114493e-005
1.576181818181818e+000 -6.418837374253761e-005
1.576318181818182e+000 -8.685368966202179e-006
1.576454545454546e+000 -1.945894514101487e-005
1.576590909090909e+000 -7.206540798845714e-005
1.576727272727273e+000 -4.431628469927363e-005
1.576863636363636e+000 -6.182950718350457e-007
1.577000000000000e+000 -4.197496504685765e-005
1.577136363636364e+000 -7.495721507761904e-005
1.577272727272727e+000 -2.531835229047406e-005
1.577409090909091e+000 -4.695615777238116e-006
1.577545454545455e+000 -5.975190714197888e-005
1.577681818181818e+000 -6.965421587355996e-005
1.577818181818182e+000 -1.297546557158249e-005
1.577954545454545e+000 -1.320923377262956e-005
1.578090909090909e+000 -7.066093827145962e-005
1.578227272727273e+000 -6.322643068577839e-005
1.578363636363636e+000 -6.899956766697141e-006
1.578500000000000e+000 -2.045389182771978e-005
1.578636363636364e+000 -7.646973686928010e-005
1.578772727272727e+000 -5.987433360452032e-005
1.578909090909091e+000 -4.894423721223622e-006
1.579045454545455e+000 -2.356516535398736e-005
1.579181818181818e+000 -7.913210001809878e-005
1.579318181818182e+000 -6.142433959163469e-005
1.579454545454545e+000 -5.701803207307905e-006
1.579590909090909e+000 -2.150573433605854e-005
1.579727272727273e+000 -7.895196138089690e-005
1.579863636363637e+000 -6.826410237638428e-005
1.580000000000000e+000 -1.010746696098210e-005
1.580136363636364e+000 -1.459052552478584e-005
1.580272727272727e+000 -7.406235657472543e-005
1.580409090909091e+000 -7.914927398827869e-005
1.580545454545455e+000 -2.090806822946520e-005
1.580681818181818e+000 -5.406060823301385e-006
1.580818181818182e+000 -6.114690846694421e-005
1.580954545454546e+000 -8.966812790283115e-005
1.581090909090909e+000 -4.120574403666815e-005
1.581227272727273e+000 -6.171209296886285e-007
1.581363636363636e+000 -3.849807796970639e-005
1.581500000000000e+000 -9.083942670231326e-005
1.581636363636364e+000 -6.973561844419048e-005
1.581772727272727e+000 -1.088990437129706e-005
1.581909090909091e+000 -1.215509122324705e-005
1.582045454545455e+000 -7.208220108204253e-005
1.582181818181818e+000 -9.422773594306111e-005
1.582318181818182e+000 -4.360281299129659e-005
1.582454545454546e+000 -8.744905233357924e-007
1.582590909090909e+000 -3.353754125928228e-005
1.582727272727273e+000 -9.157394853406167e-005
1.582863636363636e+000 -8.661613203712962e-005
1.583000000000000e+000 -2.667069480416591e-005
1.583136363636364e+000 -2.008364002858747e-006
1.583272727272727e+000 -4.967364097958848e-005
1.583409090909091e+000 -1.004772732394928e-004
1.583545454545455e+000 -8.150223144593518e-005
1.583681818181818e+000 -2.039390221559760e-005
1.583818181818182e+000 -3.946381265189232e-006
1.583954545454545e+000 -5.560462493828316e-005
1.584090909090909e+000 -1.046984172435408e-004
1.584227272727273e+000 -8.496135935915515e-005
1.584363636363636e+000 -2.349783007209840e-005
1.584500000000000e+000 -2.429480458492261e-006
1.584636363636364e+000 -4.983674082836373e-005
1.584772727272727e+000 -1.048342010293633e-004
1.584909090909091e+000 -9.771173929736974e-005
1.585045454545455e+000 -3.806601598432968e-005
1.585181818181818e+000 -6.934455985483592e-007
1.585318181818182e+000 -3.193884733483530e-005
1.585454545454545e+000 -9.434092834019231e-005
1.585590909090909e+000 -1.137994005324802e-004
1.585727272727273e+000 -6.800348829381947e-005
1.585863636363637e+000 -1.085946251746894e-005
1.586000000000000e+000 -8.406778556234446e-006
1.586136363636364e+000 -6.377081362455511e-005
1.586272727272727e+000 -1.155996880927634e-004
1.586409090909091e+000 -1.074917777757504e-004
1.586545454545455e+000 -4.893588556771769e-005
1.586681818181818e+000 -3.084166435311562e-006
1.586818181818182e+000 -1.858982245708704e-005
1.586954545454546e+000 -7.965632870964025e-005
1.587090909090909e+000 -1.243045352840144e-004
1.587227272727273e+000 -1.082497025885870e-004
1.587363636363636e+000 -4.814718218459818e-005
1.587500000000000e+000 -3.246246700003365e-006
1.587636363636364e+000 -1.702565783852925e-005
1.587772727272727e+000 -7.667277127202899e-005
1.587909090909091e+000 -1.270287346822475e-004
1.588045454545455e+000 -1.226085321190022e-004
1.588181818181818e+000 -6.818631593199223e-005
1.588318181818182e+000 -1.267838973756627e-005
1.588454545454546e+000 -4.859802902947971e-006
1.588590909090909e+000 -5.159643050104906e-005
1.588727272727273e+000 -1.137065341008525e-004
1.588863636363636e+000 -1.402241641491287e-004
1.589000000000000e+000 -1.103329487754759e-004
1.589136363636364e+000 -4.877126522175795e-005
1.589272727272727e+000 -4.517069508340513e-006
1.589409090909091e+000 -1.198740573396203e-005
1.589545454545455e+000 -6.558425060253748e-005
1.589681818181818e+000 -1.255906642283084e-004
1.589818181818182e+000 -1.486728294876553e-004
1.589954545454545e+000 -1.190981536021296e-004
1.590090909090909e+000 -5.855221613715257e-005
1.590227272727273e+000 -9.462779843178640e-006
1.590363636363636e+000 -5.321382783474824e-006
1.590500000000000e+000 -4.887484301196654e-005
1.590636363636364e+000 -1.118090628857522e-004
1.590772727272727e+000 -1.543191624320347e-004
1.590909090909091e+000 -1.505570323296269e-004
1.591045454545455e+000 -1.037618758145210e-004
1.591181818181818e+000 -4.284091839196647e-005
1.591318181818182e+000 -4.066888920327738e-006
1.591454545454546e+000 -9.830744448770586e-006
1.591590909090909e+000 -5.677247944177777e-005
1.591727272727273e+000 -1.190201782893660e-004
1.591863636363637e+000 -1.633655449788698e-004
1.592000000000000e+000 -1.671738453226529e-004
1.592136363636364e+000 -1.294501489216496e-004
1.592272727272727e+000 -7.010042106647047e-005
1.592409090909091e+000 -1.891833647714790e-005
1.592545454545455e+000 -6.750164554189723e-007
1.592681818181818e+000 -2.378718352460817e-005
1.592818181818182e+000 -7.745558152557448e-005
1.592954545454546e+000 -1.376896521800293e-004
1.593090909090909e+000 -1.786141394771804e-004
1.593227272727273e+000 -1.836088391544513e-004
1.593363636363636e+000 -1.516067468868047e-004
1.593500000000000e+000 -9.649679361062098e-005
1.593636363636364e+000 -4.064109256991380e-005
1.593772727272727e+000 -5.705606385307120e-006
1.593909090909091e+000 -4.604168781954520e-006
1.594045454545455e+000 -3.741549226927862e-005
1.594181818181818e+000 -9.227915590274419e-005
1.594318181818182e+000 -1.503569008692542e-004
1.594454545454546e+000 -1.926631262767458e-004
1.594590909090909e+000 -2.062559861099213e-004
1.594727272727273e+000 -1.878626408463885e-004
1.594863636363636e+000 -1.441241010629148e-004
1.595000000000000e+000 -8.882320992678071e-005
1.595136363636364e+000 -3.831822816102373e-005
1.595272727272727e+000 -6.742742984837713e-006
1.595409090909091e+000 -2.352425570933819e-006
1.595545454545455e+000 -2.585744927152352e-005
1.595681818181818e+000 -7.090413678125564e-005
1.595818181818182e+000 -1.262759407229411e-004
1.595954545454545e+000 -1.790160484021663e-004
1.596090909090909e+000 -2.175811463266112e-004
1.596227272727273e+000 -2.342829177396697e-004
1.596363636363636e+000 -2.265715831105753e-004
1.596500000000000e+000 -1.970584451698823e-004
1.596636363636364e+000 -1.524708400676026e-004
1.596772727272727e+000 -1.019253960618417e-004
1.596909090909091e+000 -5.497477654935153e-005
1.597045454545455e+000 -1.984251716118330e-005
1.597181818181818e+000 -2.144366037434969e-006
1.597318181818182e+000 -4.244475983143233e-006
1.597454545454546e+000 -2.524907312170661e-005
1.597590909090909e+000 -6.152631592891268e-005
1.597727272727273e+000 -1.075729281742243e-004
1.597863636363637e+000 -1.570272173715515e-004
1.598000000000000e+000 -2.036463091642148e-004
1.598136363636364e+000 -2.421097416612254e-004
1.598272727272727e+000 -2.685677068787614e-004
1.598409090909091e+000 -2.809077826095642e-004
1.598545454545455e+000 -2.787600958406913e-004
1.598681818181818e+000 -2.632927090855018e-004
1.598818181818182e+000 -2.368655198482011e-004
1.598954545454546e+000 -2.026137622531081e-004
1.599090909090909e+000 -1.640246047848032e-004
1.599227272727273e+000 -1.245562660800732e-004
1.599363636363636e+000 -8.733224793370151e-005
1.599500000000000e+000 -5.492675010885467e-005
1.599636363636364e+000 -2.924316513010920e-005
1.599772727272727e+000 -1.147691496181191e-005
1.599909090909091e+000 -2.147100159807301e-006
1.600045454545455e+000 -1.178220703434777e-006
1.600181818181818e+000 -8.012947106033937e-006
1.600318181818182e+000 -2.173874757981332e-005
1.600454545454546e+000 -4.121429401628474e-005
1.600590909090909e+000 -6.518524804294623e-005
1.600727272727273e+000 -9.238270662323833e-005
1.600863636363636e+000 -1.216008741116695e-004
1.601000000000000e+000 -1.517532051769882e-004
1.601136363636364e+000 -1.819082426924604e-004
1.601272727272727e+000 -2.113076751890286e-004
1.601409090909091e+000 -2.393698395141523e-004
1.601545454545455e+000 -2.656821169453039e-004
1.601681818181818e+000 -2.899855378401116e-004
1.601818181818182e+000 -3.121545459942322e-004
1.601954545454545e+000 -3.321743801798788e-004
1.602090909090909e+000 -3.501179902107829e-004
1.602227272727273e+000 -3.661238773065824e-004
1.602363636363636e+000 -3.803757726205912e-004
1.602500000000000e+000 -3.930846663891308e-004
1.602636363636364e+000 -4.044733762868654e-004
1.602772727272727e+000 -4.147636071854286e-004
1.602909090909091e+000 -4.241652852810367e-004
1.603045454545455e+000 -4.328678488739088e-004
1.603181818181818e+000 -4.410331282034616e-004
1.603318181818182e+000 -4.487894411183935e-004
1.603454545454546e+000 -4.562265588874749e-004
1.603590909090909e+000 -4.633912515679448e-004
1.603727272727273e+000 -4.702831988815831e-004
1.603863636363636e+000 -4.768511517824641e-004
1.604000000000000e+000 -4.829893407155628e-004
1.604136363636364e+000 -4.885342622257208e-004
1.604272727272727e+000 -4.932621204532722e-004
1.604409090909091e+000 -4.968873662618105e-004
1.604545454545455e+000 -4.990629489323636e-004
1.604681818181818e+000 -4.993830767203488e-004
1.604818181818182e+000 -4.973894531893068e-004
1.604954545454546e+000 -4.925821051594974e-004
1.605090909090909e+000 -4.844360150072174e-004
1.605227272727273e+000 -4.724247854944113e-004
1.605363636363636e+000 -4.560524549678824e-004
1.605500000000000e+000 -4.348942983775923e-004
1.605636363636364e+000 -4.086469383641304e-004
1.605772727272727e+000 -3.771873031693466e-004
1.605909090909091e+000 -3.406388589895076e-004
1.606045454545455e+000 -2.994420921085140e-004
1.606181818181818e+000 -2.544244413849580e-004
1.606318181818182e+000 -2.068628508878702e-004
1.606454545454545e+000 -1.585299776134238e-004
1.606590909090909e+000 -1.117130894910827e-004
1.606727272727273e+000 -6.919317628795734e-005
1.606863636363636e+000 -3.417122272674840e-005
1.607000000000000e+000 -1.012951280873281e-005
1.607136363636364e+000 -6.188295185866973e-007
1.607272727272727e+000 -8.968039484511451e-006
1.607409090909091e+000 -3.792119763569396e-005
1.607545454545455e+000 -8.921903744721860e-005
1.607681818181818e+000 -1.631560965206287e-004
1.607818181818182e+000 -2.581606188914890e-004
1.607954545454545e+000 -3.704598044070895e-004
1.608090909090909e+000 -4.939050491676248e-004
1.608227272727273e+000 -6.200368757478394e-004
1.608363636363636e+000 -7.384631653734282e-004
1.608500000000000e+000 -8.376031396139452e-004
1.608636363636364e+000 -9.058104717023501e-004
1.608772727272727e+000 -9.328313864933955e-004
1.608909090909091e+000 -9.114806534148473e-004
1.609045454545455e+000 -8.393376915984935e-004
1.609181818181818e+000 -7.201896033876348e-004
1.609318181818182e+000 -5.648958111211535e-004
1.609454545454546e+000 -3.913412585822454e-004
1.609590909090909e+000 -2.232026573812188e-004
1.609727272727273e+000 -8.739004774438325e-005
1.609863636363636e+000 -1.024647236004605e-005
1.610000000000000e+000 -1.287483744252634e-005
1.610136363636364e+000 -1.062715368492411e-004
1.610272727272727e+000 -2.872147590822156e-004
1.610409090909091e+000 -5.359972216325488e-004
1.610545454545455e+000 -8.170219234376610e-004
1.610681818181818e+000 -1.082930900885942e-003
1.610818181818182e+000 -1.282296887723257e-003
1.610954545454546e+000 -1.370038386355888e-003
1.611090909090909e+000 -1.318772297542072e-003
1.611227272727273e+000 -1.128530363203823e-003
1.611363636363636e+000 -8.319196468276409e-004
1.611500000000000e+000 -4.921686392283144e-004
1.611636363636364e+000 -1.927252794907153e-004
1.611772727272727e+000 -1.910624077905326e-005
1.611909090909091e+000 -3.619311779907947e-005
1.612045454545455e+000 -2.664841521717986e-004
1.612181818181818e+000 -6.760950193806450e-004
1.612318181818182e+000 -1.174752016553692e-003
1.612454545454545e+000 -1.633195860893449e-003
1.612590909090909e+000 -1.916555992584575e-003
1.612727272727273e+000 -1.926443209597233e-003
1.612863636363636e+000 -1.639541777108077e-003
1.613000000000000e+000 -1.128454276397393e-003
1.613136363636364e+000 -5.531758001003256e-004
1.613272727272727e+000 -1.193860424439554e-004
1.613409090909091e+000 -1.141240412858268e-005
1.613545454545455e+000 -3.197667447750880e-004
1.613681818181818e+000 -9.906060371895403e-004
1.613818181818182e+000 -1.822531051362596e-003
1.613954545454545e+000 -2.522693539095127e-003
1.614090909090909e+000 -2.811799714339098e-003
1.614227272727273e+000 -2.543794900696141e-003
1.614363636363636e+000 -1.791144658270414e-003
1.614500000000000e+000 -8.499930820245559e-004
1.614636363636364e+000 -1.449304827787828e-004
1.614772727272727e+000 -5.541560968266705e-005
1.614909090909091e+000 -7.295627331176632e-004
1.615045454545455e+000 -1.973874611418671e-003
1.615181818181818e+000 -3.290724425016343e-003
1.615318181818182e+000 -4.076267202705773e-003
1.615454545454546e+000 -3.910624793415444e-003
1.615590909090909e+000 -2.807788427428603e-003
1.615727272727273e+000 -1.283319775158860e-003
1.615863636363636e+000 -1.631590835489362e-004
1.616000000000000e+000 -1.824640628257500e-004
1.616136363636364e+000 -1.556224663728584e-003
1.616272727272727e+000 -3.765230738436591e-003
1.616409090909091e+000 -5.730389726025351e-003
1.616545454545455e+000 -6.352951830326899e-003
1.616681818181818e+000 -5.170973095630701e-003
1.616818181818182e+000 -2.756643886962887e-003
1.616954545454546e+000 -5.530831583840556e-004
1.617090909090909e+000 -1.285418544589311e-004
1.617227272727273e+000 -2.196663161618562e-003
1.617363636363636e+000 -5.994652918109817e-003
1.617500000000000e+000 -9.511393562447464e-003
1.617636363636364e+000 -1.058926485860638e-002
1.617772727272727e+000 -8.339422504902608e-003
1.617909090909091e+000 -3.988831693585920e-003
1.618045454545455e+000 -4.690321309784031e-004
1.618181818181818e+000 -7.483508863678421e-004
1.618318181818182e+000 -5.787831478251727e-003
1.618454545454545e+000 -1.348743187985714e-002
1.618590909090909e+000 -1.956692346092459e-002
1.618727272727273e+000 -2.010810121911705e-002
1.618863636363636e+000 -1.429505045072138e-002
1.619000000000000e+000 -5.563691986824359e-003
1.619136363636364e+000 -1.470251749535020e-004
1.619272727272727e+000 -3.548960790870196e-003
1.619409090909091e+000 -1.700595815869516e-002
1.619545454545455e+000 -3.633515308256627e-002
1.619681818181818e+000 -5.408961849364566e-002
1.619818181818182e+000 -6.365264439878397e-002
1.619954545454545e+000 -6.269613931953916e-002
1.620090909090909e+000 -5.410526380396992e-002
1.620227272727273e+000 -4.437300808488167e-002
1.620363636363637e+000 -4.197188490622751e-002
1.620500000000000e+000 -6.354845250174510e-002
1.620636363636364e+000 -1.748663373312368e-001
1.620772727272727e+000 -5.193267399578913e-001
1.620909090909091e+000 -7.975299233210371e-003
1.621045454545455e+000 -2.349499894369269e+000
1.621181818181818e+000 -1.000000000000000e+002
1.621318181818182e+000 -1.000000000000000e+002
1.621454545454546e+000 -1.000000000000000e+002
1.621590909090909e+000 -2.653767291930080e+000
1.621727272727273e+000 -9.987760100722830e-002
1.621863636363636e+000 -4.800022155861490e-001
1.622000000000000e+000 -2.963458229384960e-001
1.622136363636364e+000 -1.669829328351678e-001
1.622272727272727e+000 -1.248342390742723e-001
1.622409090909091e+000 -1.110217200666178e-001
1.622545454545455e+000 -9.827645767682916e-002
1.622681818181818e+000 -7.512103368504544e-002
1.622818181818182e+000 -4.282989015552211e-002
1.622954545454546e+000 -1.328036744846705e-002
1.623090909090909e+000 -1.441765522020290e-004
1.623227272727273e+000 -6.939089276831357e-003
1.623363636363636e+000 -2.262716413766282e-002
1.623500000000000e+000 -3.056769168202255e-002
1.623636363636364e+000 -2.317199065325208e-002
1.623772727272727e+000 -8.179433337148817e-003
1.623909090909091e+000 -6.934387415387840e-005
1.624045454545455e+000 -4.807910434346740e-003
1.624181818181818e+000 -1.421008399019049e-002
1.624318181818182e+000 -1.619044026957602e-002
1.624454545454545e+000 -8.647726831023781e-003
1.624590909090909e+000 -8.913852325835003e-004
1.624727272727273e+000 -1.538303048071046e-003
1.624863636363636e+000 -8.035990066280550e-003
1.625000000000000e+000 -1.086688083779344e-002
1.625136363636364e+000 -6.292886681068689e-003
1.625272727272727e+000 -6.723929167689315e-004
1.625409090909091e+000 -1.179307477646436e-003
1.625545454545455e+000 -6.024244018521813e-003
1.625681818181818e+000 -7.647292583535385e-003
1.625818181818182e+000 -3.745226413163166e-003
1.625954545454545e+000 -1.213801011952471e-004
1.626090909090909e+000 -1.704712353696808e-003
1.626227272727273e+000 -5.376525951101318e-003
1.626363636363637e+000 -5.190243784755764e-003
1.626500000000000e+000 -1.531588075745116e-003
1.626636363636364e+000 -9.588376806702994e-005
1.626772727272727e+000 -2.709940331098684e-003
1.626909090909091e+000 -4.706736376435529e-003
1.627045454545455e+000 -2.760592874787112e-003
1.627181818181818e+000 -1.531195421931542e-004
1.627318181818182e+000 -1.032300039895409e-003
1.627454545454546e+000 -3.514822205034254e-003
1.627590909090909e+000 -3.174681995709183e-003
1.627727272727273e+000 -6.531173163943954e-004
1.627863636363636e+000 -2.881948350424608e-004
1.628000000000000e+000 -2.430815278428547e-003
1.628136363636364e+000 -3.038311853494252e-003
1.628272727272727e+000 -1.026392065733186e-003
1.628409090909091e+000 -5.186685650809486e-005
1.628545454545455e+000 -1.700370616405787e-003
1.628681818181818e+000 -2.699512695233841e-003
1.628818181818182e+000 -1.156991572676713e-003
1.628954545454546e+000 -5.125617454609613e-006
1.629090909090909e+000 -1.294317690634300e-003
1.629227272727273e+000 -2.353257707883734e-003
1.629363636363636e+000 -1.091938116664039e-003
1.629500000000000e+000 -1.597873925666703e-006
1.629636363636364e+000 -1.122254378061683e-003
1.629772727272727e+000 -2.057713527320573e-003
1.629909090909091e+000 -8.969181128923783e-004
1.630045454545455e+000 -9.806421604236532e-006
1.630181818181818e+000 -1.108567268789247e-003
1.630318181818182e+000 -1.792939193814883e-003
1.630454545454545e+000 -6.229583610488991e-004
1.630590909090909e+000 -5.828262861234869e-005
1.630727272727273e+000 -1.192372930128228e-003
1.630863636363636e+000 -1.503479600813288e-003
1.631000000000000e+000 -3.227574291935168e-004
1.631136363636364e+000 -1.976566602289773e-004
1.631272727272727e+000 -1.300182350713483e-003
1.631409090909091e+000 -1.133520062113261e-003
1.631545454545455e+000 -7.816495418325508e-005
1.631681818181818e+000 -4.596330772501221e-004
1.631818181818182e+000 -1.323810104204802e-003
1.631954545454545e+000 -6.753268067708613e-004
1.632090909090909e+000 -5.552494853716384e-006
1.632227272727273e+000 -7.995183729336925e-004
1.632363636363637e+000 -1.140561924437291e-003
1.632500000000000e+000 -2.274944985370078e-004
1.632636363636364e+000 -1.991258139693751e-004
1.632772727272727e+000 -1.051257904481356e-003
1.632909090909091e+000 -7.093588934284466e-004
1.633045454545455e+000 -2.197299880418251e-006
1.633181818181818e+000 -6.020145171162292e-004
1.633318181818182e+000 -9.850844062947895e-004
1.633454545454546e+000 -2.051335869800773e-004
1.633590909090909e+000 -1.797914733953084e-004
1.633727272727273e+000 -9.141611672765199e-004
1.633863636363636e+000 -5.405356684099100e-004
1.634000000000000e+000 -4.006174266579212e-006
1.634136363636364e+000 -6.264661567043920e-004
1.634272727272727e+000 -7.739728118169204e-004
1.634409090909091e+000 -6.761524220939304e-005
1.634545454545455e+000 -3.148230353039985e-004
1.634681818181818e+000 -8.240705511371706e-004
1.634818181818182e+000 -2.511373649455345e-004
1.634954545454546e+000 -9.994223074344204e-005
1.635090909090909e+000 -7.284799959065705e-004
1.635227272727273e+000 -4.387774651827662e-004
1.635363636363636e+000 -8.540247804118747e-006
1.635500000000000e+000 -5.654026552877108e-004
1.635636363636364e+000 -5.684291351812489e-004
1.635772727272727e+000 -1.042378245388249e-005
1.635909090909091e+000 -3.996362288252135e-004
1.636045454545455e+000 -6.283738798597807e-004
1.636181818181818e+000 -6.025419752730949e-005
1.636318181818182e+000 -2.654057546449143e-004
1.636454545454545e+000 -6.344235088257520e-004
1.636590909090909e+000 -1.213778729101922e-004
1.636727272727273e+000 -1.715356721752135e-004
1.636863636363636e+000 -6.096653075122929e-004
1.637000000000000e+000 -1.723117059218504e-004
1.637136363636364e+000 -1.130738562074988e-004
1.637272727272727e+000 -5.735132363814125e-004
1.637409090909091e+000 -2.040228976171476e-004
1.637545454545455e+000 -8.087233091749503e-005
1.637681818181818e+000 -5.383399853056230e-004
1.637818181818182e+000 -2.148166055105553e-004
1.637954545454545e+000 -6.700097103008558e-005
1.638090909090909e+000 -5.099549620721527e-004
1.638227272727273e+000 -2.062314886489691e-004
1.638363636363637e+000 -6.683138086303478e-005
1.638500000000000e+000 -4.891257077512292e-004
1.638636363636364e+000 -1.808819305668224e-004
1.638772727272727e+000 -7.915609277419065e-005
1.638909090909091e+000 -4.728074347440005e-004
1.639045454545455e+000 -1.420750914370336e-004
1.639181818181818e+000 -1.052164379527985e-004
1.639318181818182e+000 -4.548614707517920e-004
1.639454545454546e+000 -9.470726838348506e-005
1.639590909090909e+000 -1.468887504431046e-004
1.639727272727273e+000 -4.267555744381972e-004
1.639863636363636e+000 -4.679048551879215e-005
1.640000000000000e+000 -2.039548048799273e-004
1.640136363636364e+000 -3.791714357399829e-004
1.640272727272727e+000 -1.059956209024412e-005
1.640409090909091e+000 -2.706172989384908e-004
1.640545454545455e+000 -3.055164082735879e-004
1.640681818181818e+000 -1.837070880801640e-006
1.640818181818182e+000 -3.323962866072792e-004
1.640954545454545e+000 -2.076286751714909e-004
1.641090909090909e+000 -3.488724774532729e-005
1.641227272727273e+000 -3.661018495618622e-004
1.641363636363636e+000 -1.019342555061879e-004
1.641500000000000e+000 -1.133083578187193e-004
1.641636363636364e+000 -3.466448497254772e-004
1.641772727272727e+000 -2.110486153229175e-005
1.641909090909091e+000 -2.184879475866829e-004
1.642045454545455e+000 -2.626453437178306e-004
1.642181818181818e+000 -4.071546778719211e-006
1.642318181818182e+000 -3.054952775112533e-004
1.642454545454545e+000 -1.356125597400001e-004
1.642590909090909e+000 -7.092608023266394e-005
1.642727272727273e+000 -3.188006037520287e-004
1.642863636363636e+000 -2.632769131578355e-005
1.643000000000000e+000 -1.931329956940007e-004
1.643136363636364e+000 -2.320974244264183e-004
1.643272727272727e+000 -7.630893005965176e-006
1.643409090909091e+000 -2.883634793271441e-004
1.643545454545455e+000 -9.011838948579655e-005
1.643681818181818e+000 -1.027516565010141e-004
1.643818181818182e+000 -2.700960312633182e-004
1.643954545454545e+000 -2.356533596596527e-006
1.644090909090909e+000 -2.356298849302766e-004
1.644227272727273e+000 -1.370413578828091e-004
1.644363636363636e+000 -5.480836905651437e-005
1.644500000000000e+000 -2.704386248428470e-004
1.644636363636364e+000 -1.244672492072459e-005
1.644772727272727e+000 -1.974905259370573e-004
1.644909090909091e+000 -1.536112778452527e-004
1.645045454545455e+000 -3.757840064109646e-005
1.645181818181818e+000 -2.578145772815362e-004
1.645318181818182e+000 -1.546657373433937e-005
1.645454545454546e+000 -1.836068654702212e-004
1.645590909090909e+000 -1.434447316737821e-004
1.645727272727273e+000 -4.025550159876478e-005
1.645863636363636e+000 -2.416392288603780e-004
1.646000000000000e+000 -8.107370207001360e-006
1.646136363636364e+000 -1.911908399904136e-004
1.646272727272727e+000 -1.107745761534106e-004
1.646409090909091e+000 -6.198037496321385e-005
1.646545454545455e+000 -2.164583591223895e-004
1.646681818181818e+000 -6.053579053749977e-007
1.646818181818182e+000 -2.094652371544567e-004
1.646954545454545e+000 -6.111244935900254e-005
1.647090909090909e+000 -1.063427100351316e-004
1.647227272727273e+000 -1.684547161268811e-004
1.647363636363636e+000 -1.405029833026752e-005
1.647500000000000e+000 -2.152925899324272e-004
1.647636363636364e+000 -1.288526100040566e-005
1.647772727272727e+000 -1.652295041715359e-004
1.647909090909091e+000 -9.156298552933422e-005
1.648045454545455e+000 -6.911495771792862e-005
1.648181818181818e+000 -1.757631829751900e-004
1.648318181818182e+000 -5.644754093154901e-006
1.648454545454545e+000 -1.996682737891913e-004
1.648590909090909e+000 -1.574671719654721e-005
1.648727272727273e+000 -1.523512572921788e-004
1.648863636363636e+000 -8.196710566290105e-005
1.649000000000000e+000 -7.278530459325368e-005
1.649136363636364e+000 -1.536094733540529e-004
1.649272727272727e+000 -1.298325932755056e-005
1.649409090909091e+000 -1.863032935892003e-004
1.649545454545454e+000 -3.444503735032753e-006
1.649681818181818e+000 -1.663408950692463e-004
1.649818181818182e+000 -4.131424829768324e-005
1.649954545454546e+000 -1.103883116835890e-004
1.650090909090909e+000 -1.004383794566900e-004
1.650227272727273e+000 -4.912660883541086e-005
1.650363636363636e+000 -1.503095027235635e-004
1.650500000000000e+000 -9.032631461097478e-006
1.650636363636364e+000 -1.711030868931747e-004
1.650772727272727e+000 -1.966410046922146e-006
1.650909090909091e+000 -1.590141407613534e-004
1.651045454545455e+000 -2.454536996804033e-005
1.651181818181818e+000 -1.230826317370150e-004
1.651318181818182e+000 -6.391667102128726e-005
1.651454545454546e+000 -7.807212355162777e-005
1.651590909090909e+000 -1.051120462385407e-004
1.651727272727273e+000 -3.775976813912016e-005
1.651863636363636e+000 -1.365293144025801e-004
1.652000000000000e+000 -1.098518783956026e-005
1.652136363636364e+000 -1.522978397488995e-004
1.652272727272727e+000 -7.390411519044627e-007
1.652409090909091e+000 -1.519858615073479e-004
1.652545454545455e+000 -5.347582175360656e-006
1.652681818181818e+000 -1.388433762286502e-004
1.652818181818182e+000 -2.050896882091198e-005
1.652954545454545e+000 -1.177295839275978e-004
1.653090909090909e+000 -4.122019199788899e-005
1.653227272727273e+000 -9.345284703773874e-005
1.653363636363636e+000 -6.310570225211723e-005
1.653500000000000e+000 -6.979300982539427e-005
1.653636363636364e+000 -8.305971536897478e-005
1.653772727272727e+000 -4.915608107221763e-005
1.653909090909091e+000 -9.934598082280037e-005
1.654045454545455e+000 -3.266359448353589e-005
1.654181818181818e+000 -1.113740866853361e-004
1.654318181818182e+000 -2.046096995137680e-005
1.654454545454545e+000 -1.193479917007414e-004
1.654590909090909e+000 -1.207904937035345e-005
1.654727272727273e+000 -1.239186150128868e-004
1.654863636363636e+000 -6.750993222219888e-006
1.655000000000000e+000 -1.259070686079228e-004
1.655136363636364e+000 -3.644704087667718e-006
1.655272727272727e+000 -1.261167502137464e-004
1.655409090909091e+000 -2.008930746087584e-006
1.655545454545454e+000 -1.252245671529722e-004
1.655681818181818e+000 -1.250178718083892e-006
1.655818181818182e+000 -1.237301579610054e-004
1.655954545454546e+000 -9.629329151893671e-007
1.656090909090909e+000 -1.219411563871437e-004
1.656227272727273e+000 -9.332802021886735e-007
1.656363636363636e+000 -1.199771111928200e-004
1.656500000000000e+000 -1.130163252966645e-006
1.656636363636364e+000 -1.177811802766270e-004
1.656772727272727e+000 -1.691787259663573e-006
1.656909090909091e+000 -1.151353349001537e-004
1.657045454545455e+000 -2.908356488608893e-006
1.657181818181818e+000 -1.116807793143371e-004
1.657318181818182e+000 -5.196792848427860e-006
1.657454545454546e+000 -1.069502937842590e-004
1.657590909090909e+000 -9.058712279721890e-006
1.657727272727273e+000 -1.004227937428005e-004
1.657863636363636e+000 -1.501038932403252e-005
1.658000000000000e+000 -9.161156058934539e-005
1.658136363636364e+000 -2.347410591337823e-005
1.658272727272727e+000 -8.019457522638921e-005
1.658409090909091e+000 -3.462626061401400e-005
1.658545454545455e+000 -6.618584612485023e-005
1.658681818181818e+000 -4.821126204530657e-005
1.658818181818182e+000 -5.012850041537580e-005
1.658954545454545e+000 -6.335289343555369e-005
1.659090909090909e+000 -3.326361680309366e-005
1.659227272727273e+000 -7.842467101216937e-005
1.659363636363636e+000 -1.759781663617347e-005
1.659500000000000e+000 -9.106985338479070e-005
1.659636363636364e+000 -5.769335755540332e-006
1.659772727272727e+000 -9.847405649296365e-005
1.659909090909091e+000 -6.169876861328246e-007
1.660045454545455e+000 -9.796526212007063e-005
1.660181818181818e+000 -4.414294276186584e-006
1.660318181818182e+000 -8.792354150584626e-005
1.660454545454545e+000 -1.786051402262409e-005
1.660590909090909e+000 -6.881835788233708e-005
1.660727272727273e+000 -3.911217938335824e-005
1.660863636363636e+000 -4.398710331181444e-005
1.661000000000000e+000 -6.333217054078426e-005
1.661136363636364e+000 -1.961713051790027e-005
1.661272727272727e+000 -8.330470950685244e-005
1.661409090909091e+000 -3.442797197595655e-006
1.661545454545454e+000 -9.145612154930326e-005
1.661681818181818e+000 -2.064373888738903e-006
1.661818181818182e+000 -8.303103508814001e-005
1.661954545454546e+000 -1.755895280037629e-005
1.662090909090909e+000 -5.929842582930404e-005
1.662227272727273e+000 -4.493772162837118e-005
1.662363636363636e+000 -2.891510092658992e-005
1.662500000000000e+000 -7.243783325896446e-005
1.662636363636364e+000 -5.636792010384996e-006
1.662772727272727e+000 -8.591895961981754e-005
1.662909090909091e+000 -2.027794939362942e-006
1.663045454545455e+000 -7.645566525253989e-005
1.663181818181818e+000 -2.153636957407214e-005
1.663318181818182e+000 -4.731978091991495e-005
1.663454545454546e+000 -5.386526620455441e-005
1.663590909090909e+000 -1.494864161294482e-005
1.663727272727273e+000 -7.857341403153729e-005
1.663863636363636e+000 -5.652181524903494e-007
1.664000000000000e+000 -7.751861104706737e-005
1.664136363636364e+000 -1.540186367762474e-005
1.664272727272727e+000 -4.935483762135534e-005
1.664409090909091e+000 -4.959544489654084e-005
1.664545454545455e+000 -1.423031818115120e-005
1.664681818181818e+000 -7.605407241509328e-005
1.664818181818182e+000 -7.916758650216977e-007
1.664954545454545e+000 -7.104179113871246e-005
1.665090909090909e+000 -2.175444420077106e-005
1.665227272727273e+000 -3.699765608158325e-005
1.665363636363636e+000 -5.876256963933846e-005
1.665500000000000e+000 -4.852534654075865e-006
1.665636363636364e+000 -7.545129655858426e-005
1.665772727272727e+000 -6.914786456735168e-006
1.665909090909091e+000 -5.299193632008558e-005
1.666045454545455e+000 -4.199427020291795e-005
1.666181818181818e+000 -1.384312888721767e-005
1.666318181818182e+000 -7.152633822601182e-005
1.666454545454545e+000 -1.873459152018986e-006
1.666590909090909e+000 -5.998422159732325e-005
1.666727272727273e+000 -3.198895924998464e-005
1.666863636363636e+000 -1.959195794916833e-005
1.667000000000000e+000 -6.712211970128500e-005
1.667136363636364e+000 -8.970650019133419e-007
1.667272727272727e+000 -6.060561311353254e-005
1.667409090909091e+000 -2.914817366178349e-005
1.667545454545454e+000 -1.958406119600640e-005
1.667681818181818e+000 -6.548993547425562e-005
1.667818181818182e+000 -1.216080907416739e-006
1.667954545454546e+000 -5.650509152067181e-005
1.668090909090909e+000 -3.280411954847604e-005
1.668227272727273e+000 -1.413278519542265e-005
1.668363636363636e+000 -6.603918140352151e-005
1.668500000000000e+000 -3.772377011957870e-006
1.668636363636364e+000 -4.700818778472953e-005
1.668772727272727e+000 -4.235230177395948e-005
1.668909090909091e+000 -5.742517412975481e-006
1.669045454545455e+000 -6.480895252278571e-005
1.669181818181818e+000 -1.227294335865170e-005
1.669318181818182e+000 -3.090688051946428e-005
1.669454545454546e+000 -5.502369979205179e-005
1.669590909090909e+000 -5.699717706422023e-007
1.669727272727273e+000 -5.514247519721734e-005
1.669863636363636e+000 -2.988132596393128e-005
1.670000000000000e+000 -1.124836368239039e-005
1.670136363636364e+000 -6.224258410695942e-005
1.670272727272727e+000 -8.191445839320552e-006
1.670409090909091e+000 -3.266293874171280e-005
1.670545454545455e+000 -5.175486689570501e-005
1.670681818181818e+000 -5.628343110574128e-007
1.670818181818182e+000 -5.106295199974473e-005
1.670954545454545e+000 -3.281290923938579e-005
1.671090909090909e+000 -6.691721783266169e-006
1.671227272727273e+000 -5.911515172071806e-005
1.671363636363636e+000 -1.514213213520888e-005
1.671500000000000e+000 -2.026965077756812e-005
1.671636363636364e+000 -5.670696090769969e-005
1.671772727272727e+000 -4.142472816104162e-006
1.671909090909091e+000 -3.461825460037939e-005
1.672045454545455e+000 -4.768066123936798e-005
1.672181818181818e+000 -5.760205988885494e-007
1.672318181818182e+000 -4.563382056390044e-005
1.672454545454545e+000 -3.642110820193888e-005
1.672590909090909e+000 -2.487189387285379e-006
1.672727272727273e+000 -5.207877469203211e-005
1.672863636363636e+000 -2.601598528303896e-005
1.673000000000000e+000 -7.206226220492806e-006
1.673136363636364e+000 -5.458440384858584e-005
1.673272727272727e+000 -1.791154078941519e-005
1.673409090909091e+000 -1.252470270147529e-005
1.673545454545454e+000 -5.452015509632549e-005
1.673681818181818e+000 -1.234646500689045e-005
1.673818181818182e+000 -1.705369413508528e-005
1.673954545454546e+000 -5.324050030468457e-005
1.674090909090909e+000 -8.952267051755103e-006
1.674227272727273e+000 -2.011198615473234e-005
1.674363636363636e+000 -5.174836765470537e-005
1.674500000000000e+000 -7.220533310312970e-006
1.674636363636364e+000 -2.146456541906112e-005
1.674772727272727e+000 -5.062478648926318e-005
1.674909090909091e+000 -6.773279724852971e-006
1.675045454545455e+000 -2.109528627623079e-005
1.675181818181818e+000 -5.006586005533532e-005
1.675318181818182e+000 -7.476107101623593e-006
1.675454545454545e+000 -1.908506582818125e-005
1.675590909090909e+000 -4.992691519441412e-005
1.675727272727273e+000 -9.445134577911130e-006
1.675863636363636e+000 -1.560775572703970e-005
1.676000000000000e+000 -4.973913405799413e-005
1.676136363636364e+000 -1.296906789306409e-005
1.676272727272727e+000 -1.103064482405702e-005
1.676409090909091e+000 -4.872047355341641e-005
1.676545454545455e+000 -1.833397340050978e-005
1.676681818181818e+000 -6.084002724804729e-006
1.676818181818182e+000 -4.585187680142268e-005
1.676954545454545e+000 -2.552798854652000e-005
1.677090909090909e+000 -2.018393348264275e-006
1.677227272727273e+000 -4.012486005781304e-005
1.677363636363636e+000 -3.384513836463330e-005
1.677500000000000e+000 -5.939544316026178e-007
1.677636363636364e+000 -3.105321933452438e-005
1.677772727272727e+000 -4.152682673260541e-005
1.677909090909091e+000 -3.680359893892338e-006
1.678045454545455e+000 -1.941601447290749e-005
1.678181818181818e+000 -4.576208934666528e-005
1.678318181818182e+000 -1.229575908028195e-005
1.678454545454545e+000 -7.909583920626932e-006
1.678590909090909e+000 -4.349313220495656e-005
1.678727272727273e+000 -2.523163366342713e-005
1.678863636363636e+000 -1.007194964810914e-006
1.679000000000000e+000 -3.327298976611985e-005
1.679136363636364e+000 -3.805734590673000e-005
1.679272727272727e+000 -3.204491755943859e-006
1.679409090909091e+000 -1.760546075501166e-005
1.679545454545455e+000 -4.394522712772281e-005
1.679681818181818e+000 -1.557240642178230e-005
1.679818181818182e+000 -3.890093063381742e-006
1.679954545454546e+000 -3.747317955122933e-005
1.680090909090909e+000 -3.247291500360125e-005
1.680227272727273e+000 -1.442733670859227e-006
1.680363636363636e+000 -2.028810279631520e-005
1.680500000000000e+000 -4.234131094796467e-005
1.680636363636364e+000 -1.409270921694856e-005
1.680772727272727e+000 -3.768356496302936e-006
1.680909090909091e+000 -3.551618989867504e-005
1.681045454545455e+000 -3.328556034252840e-005
1.681181818181818e+000 -2.576793779051045e-006
1.681318181818182e+000 -1.545498147064759e-005
1.681454545454546e+000 -4.113485980020818e-005
1.681590909090909e+000 -1.985585010239131e-005
1.681727272727273e+000 -9.508259205245803e-007
1.681863636363636e+000 -2.732884094708350e-005
1.682000000000000e+000 -3.831541014324040e-005
1.682136363636364e+000 -9.173332695141242e-006
1.682272727272727e+000 -5.517088449469371e-006
1.682409090909091e+000 -3.490971993044240e-005
1.682545454545455e+000 -3.174041986053655e-005
1.682681818181818e+000 -3.249618208321545e-006
1.682818181818182e+000 -1.172403064372021e-005
1.682954545454545e+000 -3.807972709904587e-005
1.683090909090909e+000 -2.519163292925173e-005
1.683227272727273e+000 -9.901881101475922e-007
1.683363636363636e+000 -1.679420472182322e-005
1.683500000000000e+000 -3.853311213911725e-005
1.683636363636364e+000 -2.047633389728002e-005
1.683772727272727e+000 -5.598369943065904e-007
1.683909090909091e+000 -1.970836295157905e-005
1.684045454545454e+000 -3.794636829086449e-005
1.684181818181818e+000 -1.805411994791194e-005
1.684318181818182e+000 -6.036276007889912e-007
1.684454545454545e+000 -2.034848314320637e-005
1.684590909090909e+000 -3.728092732168528e-005
1.684727272727273e+000 -1.787175771054916e-005
1.684863636363636e+000 -5.686365457812512e-007
1.685000000000000e+000 -1.882460882396367e-005
1.685136363636364e+000 -3.668874850195464e-005
1.685272727272727e+000 -1.981403122303380e-005
1.685409090909091e+000 -6.863759830659492e-007
1.685545454545455e+000 -1.526138288310153e-005
1.685681818181818e+000 -3.557264346091329e-005
1.685818181818182e+000 -2.368587807497792e-005
1.685954545454546e+000 -1.890531610474297e-006
1.686090909090909e+000 -1.003214860047102e-005
1.686227272727273e+000 -3.271547391929988e-005
1.686363636363636e+000 -2.878653859430859e-005
1.686500000000000e+000 -5.575601628928297e-006
1.686636363636364e+000 -4.331234170736007e-006
1.686772727272727e+000 -2.672869613960965e-005
1.686909090909091e+000 -3.327675013154500e-005
1.687045454545455e+000 -1.283619314118152e-005
1.687181818181818e+000 -7.182221901607342e-007
1.687318181818182e+000 -1.720470448424712e-005
1.687454545454545e+000 -3.395097196668030e-005
1.687590909090909e+000 -2.292378623570293e-005
1.687727272727273e+000 -2.729299745119909e-006
1.687863636363636e+000 -6.498443508267555e-006
1.688000000000000e+000 -2.756486202876683e-005
1.688136363636364e+000 -3.160251068807396e-005
1.688272727272727e+000 -1.237732064353946e-005
1.688409090909091e+000 -6.000173448512902e-007
1.688545454545455e+000 -1.447426301983071e-005
1.688681818181818e+000 -3.188432986126226e-005
1.688818181818182e+000 -2.588940604897144e-005
1.688954545454545e+000 -5.965957546357911e-006
1.689090909090909e+000 -2.353265327515356e-006
1.689227272727273e+000 -2.004470475201570e-005
1.689363636363636e+000 -3.233160125285855e-005
1.689500000000000e+000 -2.119894256165640e-005
1.689636363636364e+000 -3.185644386048313e-006
1.689772727272727e+000 -4.256538281689021e-006
1.689909090909091e+000 -2.242083628620997e-005
1.690045454545454e+000 -3.162141854766710e-005
1.690181818181818e+000 -1.909533491502643e-005
1.690318181818182e+000 -2.518650376379022e-006
1.690454545454545e+000 -4.589361515139954e-006
1.690590909090909e+000 -2.204049627306234e-005
1.690727272727273e+000 -3.106114153273397e-005
1.690863636363636e+000 -1.976348140881874e-005
1.691000000000000e+000 -3.336747321278797e-006
1.691136363636364e+000 -3.176934790964143e-006
1.691272727272727e+000 -1.907483780405071e-005
1.691409090909091e+000 -3.037203858117085e-005
1.691545454545455e+000 -2.285687679372203e-005
1.691681818181818e+000 -6.223513074859630e-006
1.691818181818182e+000 -1.105717545396821e-006
1.691954545454546e+000 -1.342866574158916e-005
1.692090909090909e+000 -2.788141588279409e-005
1.692227272727273e+000 -2.710738894508843e-005
1.692363636363636e+000 -1.228549707757281e-005
1.692500000000000e+000 -9.491084500379904e-007
1.692636363636364e+000 -6.031929338311248e-006
1.692772727272727e+000 -2.130997342526119e-005
1.692909090909091e+000 -2.927203561873702e-005
1.693045454545455e+000 -2.115073282121394e-005
1.693181818181818e+000 -6.192917922079564e-006
1.693318181818182e+000 -7.729085563631081e-007
1.693454545454545e+000 -1.044255891089409e-005
1.693590909090909e+000 -2.452245910702822e-005
1.693727272727273e+000 -2.807371251365243e-005
1.693863636363636e+000 -1.760439028932482e-005
1.694000000000000e+000 -4.114434049838252e-006
1.694136363636364e+000 -1.270894441448901e-006
1.694272727272727e+000 -1.160955723047490e-005
1.694409090909091e+000 -2.456221317266196e-005
1.694545454545455e+000 -2.739633806785980e-005
1.694681818181818e+000 -1.758205689449979e-005
1.694818181818182e+000 -4.698863868061453e-006
1.694954545454545e+000 -8.496733417987311e-007
1.695090909090909e+000 -9.325005351955768e-006
1.695227272727273e+000 -2.203494545063541e-005
1.695363636363636e+000 -2.737925933788633e-005
1.695500000000000e+000 -2.074995979156392e-005
1.695636363636364e+000 -8.220534323146840e-006
1.695772727272727e+000 -7.358988266754917e-007
1.695909090909091e+000 -4.509092080350470e-006
1.696045454545454e+000 -1.603314602396309e-005
1.696181818181818e+000 -2.550626754300757e-005
1.696318181818182e+000 -2.519556836572200e-005
1.696454545454545e+000 -1.557212521517012e-005
1.696590909090909e+000 -4.494442541352377e-006
1.696727272727273e+000 -6.412203859299298e-007
1.696863636363636e+000 -6.754947167221494e-006
1.697000000000000e+000 -1.787898482691940e-005
1.697136363636364e+000 -2.550637283613122e-005
1.697272727272727e+000 -2.407026868654026e-005
1.697409090909091e+000 -1.483349328712736e-005
1.697545454545455e+000 -4.594248905969000e-006
1.697681818181818e+000 -5.660702521194901e-007
1.697818181818182e+000 -5.336110187568471e-006
1.697954545454546e+000 -1.536297543015575e-005
1.698090909090909e+000 -2.372360115322822e-005
1.698227272727273e+000 -2.490576531965890e-005
1.698363636363636e+000 -1.832173682117474e-005
1.698500000000000e+000 -8.389222839503808e-006
1.698636363636364e+000 -1.436789391413419e-006
1.698772727272727e+000 -1.654767659964692e-006
1.698909090909091e+000 -8.666916044958868e-006
1.699045454545455e+000 -1.804086960047558e-005
1.699181818181818e+000 -2.416076512212248e-005
1.699318181818182e+000 -2.356233444589836e-005
1.699454545454545e+000 -1.677170351680423e-005
1.699590909090909e+000 -7.753107158304167e-006
1.699727272727273e+000 -1.502048711135668e-006
1.699863636363636e+000 -1.275357519511923e-006
1.700000000000000e+000 -6.976215425790768e-006
