1.450000000000000e+000 -5.460397525127326e+001
1.450181818181818e+000 -9.140736548979747e+001
1.450363636363636e+000 -5.455560417458047e+001
1.450545454545455e+000 -6.817179443797677e+001
1.450727272727273e+000 -5.498375939179263e+001
1.450909090909091e+000 -6.133118432498490e+001
1.451090909090909e+000 -5.622551909925295e+001
1.451272727272727e+000 -5.756030606323692e+001
1.451454545454545e+000 -5.898835869396402e+001
1.451636363636364e+000 -5.534827855702347e+001
1.451818181818182e+000 -6.580223588541355e+001
1.452000000000000e+000 -5.440058612625084e+001
1.452181818181818e+000 -7.227898176401881e+001
1.452363636363636e+000 -5.486000992895357e+001
1.452545454545455e+000 -5.973784749270681e+001
1.452727272727273e+000 -5.744932205100274e+001
1.452909090909091e+000 -5.556007803355230e+001
1.453090909090909e+000 -6.564805730220108e+001
1.453272727272727e+000 -5.426148187654059e+001
1.453454545454545e+000 -6.594971603622351e+001
1.453636363636364e+000 -5.559130018964988e+001
1.453818181818182e+000 -5.678662552944785e+001
1.454000000000000e+000 -6.179066383692265e+001
1.454181818181818e+000 -5.423979190852671e+001
1.454363636363636e+000 -6.804760193997285e+001
1.454545454545455e+000 -5.545380936962469e+001
1.454727272727273e+000 -5.641738260279269e+001
1.454909090909091e+000 -6.356713338471374e+001
1.455090909090909e+000 -5.409742256255024e+001
1.455272727272727e+000 -6.252806791791021e+001
1.455454545454545e+000 -5.692337755599748e+001
1.455636363636364e+000 -5.480912786989577e+001
1.455818181818182e+000 -9.143181342835004e+001
1.456000000000000e+000 -5.471138616569647e+001
1.456181818181818e+000 -5.675799260644268e+001
1.456363636363636e+000 -6.383521004732454e+001
1.456545454545455e+000 -5.401560416712153e+001
1.456727272727273e+000 -5.945170436977035e+001
1.456909090909091e+000 -5.950863708815670e+001
1.457090909090909e+000 -5.394350673797693e+001
1.457272727272727e+000 -6.227863054858945e+001
1.457454545454545e+000 -5.776638678951696e+001
1.457636363636364e+000 -5.402909415687854e+001
1.457818181818182e+000 -6.417116906898316e+001
1.458000000000000e+000 -5.719608913442979e+001
1.458181818181818e+000 -5.402043238005745e+001
1.458363636363636e+000 -6.396658152905414e+001
1.458545454545455e+000 -5.748217047575829e+001
1.458727272727273e+000 -5.386331584598231e+001
1.458909090909091e+000 -6.177460980404840e+001
1.459090909090909e+000 -5.882329474309393e+001
1.459272727272727e+000 -5.370467619224420e+001
1.459454545454545e+000 -5.881764250805111e+001
1.459636363636364e+000 -6.226193992056884e+001
1.459818181818182e+000 -5.388655240122514e+001
1.460000000000000e+000 -5.609395128186763e+001
1.460181818181818e+000 -7.493743360564177e+001
1.460363636363636e+000 -5.501299564131826e+001
1.460545454545455e+000 -5.417304921493946e+001
1.460727272727273e+000 -6.427692094861379e+001
1.460909090909091e+000 -5.844550905651131e+001
1.461090909090909e+000 -5.355269076839564e+001
1.461272727272727e+000 -5.671383635472004e+001
1.461454545454545e+000 -7.281911498859925e+001
1.461636363636364e+000 -5.514338272524922e+001
1.461818181818182e+000 -5.373738011508629e+001
1.462000000000000e+000 -6.023483079339943e+001
1.462181818181818e+000 -6.251551815855095e+001
1.462363636363636e+000 -5.407472395366445e+001
1.462545454545455e+000 -5.419958879969200e+001
1.462727272727273e+000 -6.291454952446004e+001
1.462909090909091e+000 -6.047877364391325e+001
1.463090909090909e+000 -5.381086424798288e+001
1.463272727272727e+000 -5.421000283893066e+001
1.463454545454545e+000 -6.241663374118695e+001
1.463636363636364e+000 -6.147529103938349e+001
1.463818181818182e+000 -5.406183804611016e+001
1.464000000000000e+000 -5.367571979768811e+001
1.464181818181818e+000 -5.917428147213730e+001
1.464363636363636e+000 -6.764556497853006e+001
1.464545454545455e+000 -5.530472219296816e+001
1.464727272727273e+000 -5.316934446056670e+001
1.464909090909091e+000 -5.561995001335345e+001
1.465090909090909e+000 -6.852457312395670e+001
1.465272727272727e+000 -5.948789625683169e+001
1.465454545454545e+000 -5.383755468381268e+001
1.465636363636364e+000 -5.333267823495541e+001
1.465818181818182e+000 -5.703431892479559e+001
1.466000000000000e+000 -7.880833888894546e+001
1.466181818181818e+000 -5.834482933750160e+001
1.466363636363636e+000 -5.365577677740097e+001
1.466545454545455e+000 -5.319055437800958e+001
1.466727272727273e+000 -5.623717567428296e+001
1.466909090909091e+000 -6.837994376876722e+001
1.467090909090909e+000 -6.098495109046687e+001
1.467272727272727e+000 -5.455684220689268e+001
1.467454545454545e+000 -5.289034546751008e+001
1.467636363636364e+000 -5.403204747484092e+001
1.467818181818182e+000 -5.883692567316055e+001
1.468000000000000e+000 -1.000000000000000e+002
1.468181818181818e+000 -5.884235607354528e+001
1.468363636363636e+000 -5.411177499270190e+001
1.468545454545455e+000 -5.277382325327574e+001
1.468727272727273e+000 -5.367113841579137e+001
1.468909090909091e+000 -5.724798296302873e+001
1.469090909090909e+000 -6.842868472198965e+001
1.469272727272727e+000 -6.333037808973376e+001
1.469454545454545e+000 -5.598720245189006e+001
1.469636363636364e+000 -5.327889411202566e+001
1.469818181818182e+000 -5.264548654746974e+001
1.470000000000000e+000 -5.366704380104164e+001
1.470181818181818e+000 -5.670532058254045e+001
1.470363636363636e+000 -6.416827736601104e+001
1.470545454545455e+000 -7.027834023571892e+001
1.470727272727273e+000 -5.864608760594989e+001
1.470909090909091e+000 -5.466667534178038e+001
1.471090909090909e+000 -5.290863599864973e+001
1.471272727272727e+000 -5.248307555244311e+001
1.471454545454545e+000 -5.316920987998628e+001
1.471636363636364e+000 -5.507286901596967e+001
1.471818181818182e+000 -5.881125308711313e+001
1.472000000000000e+000 -6.743801722867217e+001
1.472181818181818e+000 -6.984851451910102e+001
1.472363636363636e+000 -5.982632480383396e+001
1.472545454545455e+000 -5.585177166144251e+001
1.472727272727273e+000 -5.373470299473603e+001
1.472909090909091e+000 -5.264148617999945e+001
1.473090909090909e+000 -5.226988757962450e+001
1.473272727272727e+000 -5.249553138577461e+001
1.473454545454545e+000 -5.328660451130876e+001
1.473636363636364e+000 -5.469057942098805e+001
1.473818181818182e+000 -5.687192236569980e+001
1.474000000000000e+000 -6.026922069243091e+001
1.474181818181818e+000 -6.637839080113567e+001
1.474363636363636e+000 -1.000000000000000e+002
1.474545454545455e+000 -6.639468340789871e+001
1.474727272727273e+000 -6.080696170269823e+001
1.474909090909091e+000 -5.774716431764317e+001
1.475090909090909e+000 -5.577194897260172e+001
1.475272727272727e+000 -5.441721763994660e+001
1.475454545454545e+000 -5.347013449597632e+001
1.475636363636364e+000 -5.281272743021670e+001
1.475818181818182e+000 -5.237093999311564e+001
1.476000000000000e+000 -5.209382811151457e+001
1.476181818181818e+000 -5.194372618301663e+001
1.476363636363636e+000 -5.189109862945468e+001
1.476545454545454e+000 -5.191164631584545e+001
1.476727272727273e+000 -5.198461127453599e+001
1.476909090909091e+000 -5.209177947365437e+001
1.477090909090909e+000 -5.221692802259189e+001
1.477272727272727e+000 -5.234557822633699e+001
1.477454545454545e+000 -5.246496923298073e+001
1.477636363636364e+000 -5.256418820877807e+001
1.477818181818182e+000 -5.263439783810743e+001
1.478000000000000e+000 -5.266910050215599e+001
1.478181818181818e+000 -5.266437863268854e+001
1.478363636363636e+000 -5.261905797980169e+001
1.478545454545454e+000 -5.253475749584184e+001
1.478727272727273e+000 -5.241581435295518e+001
1.478909090909091e+000 -5.226910026876820e+001
1.479090909090909e+000 -5.210376874136913e+001
1.479272727272727e+000 -5.193098826935129e+001
1.479454545454545e+000 -5.176372186355149e+001
1.479636363636364e+000 -5.161661239921227e+001
1.479818181818182e+000 -5.150603186371488e+001
1.480000000000000e+000 -5.145035845345765e+001
1.480181818181818e+000 -5.147056948526370e+001
1.480363636363636e+000 -5.159129562397443e+001
1.480545454545454e+000 -5.184260612893711e+001
1.480727272727273e+000 -5.226306071727998e+001
1.480909090909091e+000 -5.290516755963397e+001
1.481090909090909e+000 -5.384589395572791e+001
1.481272727272727e+000 -5.520916454934621e+001
1.481454545454545e+000 -5.722192298139355e+001
1.481636363636364e+000 -6.039120567911912e+001
1.481818181818182e+000 -6.638058558365017e+001
1.482000000000000e+000 -8.792503051520798e+001
1.482181818181818e+000 -6.463888094150966e+001
1.482363636363636e+000 -5.889833935391575e+001
1.482545454545454e+000 -5.560590734300636e+001
1.482727272727273e+000 -5.346226817123249e+001
1.482909090909091e+000 -5.206891420801710e+001
1.483090909090909e+000 -5.127486507297061e+001
1.483272727272727e+000 -5.103855195350275e+001
1.483454545454545e+000 -5.139502684775005e+001
1.483636363636364e+000 -5.247121652207147e+001
1.483818181818182e+000 -5.457317426238188e+001
1.484000000000000e+000 -5.854679518711043e+001
1.484181818181818e+000 -6.870681829986592e+001
1.484363636363636e+000 -6.582604960652529e+001
1.484545454545454e+000 -5.727259476913940e+001
1.484727272727273e+000 -5.351035041792918e+001
1.484909090909091e+000 -5.156010404347009e+001
1.485090909090909e+000 -5.081039669868046e+001
1.485272727272727e+000 -5.115008638670368e+001
1.485454545454545e+000 -5.278028037347032e+001
1.485636363636364e+000 -5.651104208781793e+001
1.485818181818182e+000 -6.683731239910715e+001
1.486000000000000e+000 -6.332419572858637e+001
1.486181818181818e+000 -5.517089517181839e+001
1.486363636363636e+000 -5.187722342528644e+001
1.486545454545454e+000 -5.064561332238148e+001
1.486727272727273e+000 -5.103196339719907e+001
1.486909090909091e+000 -5.334131647099316e+001
1.487090909090909e+000 -5.948208944322828e+001
1.487272727272727e+000 -7.131879650355536e+001
1.487454545454545e+000 -5.602568883708954e+001
1.487636363636364e+000 -5.178614015960242e+001
1.487818181818182e+000 -5.043573104448166e+001
1.488000000000000e+000 -5.123862606841330e+001
1.488181818181818e+000 -5.489182286942266e+001
1.488363636363636e+000 -6.835363980279735e+001
1.488545454545454e+000 -5.865291148493103e+001
1.488727272727273e+000 -5.226958214217454e+001
1.488909090909091e+000 -5.032164079501829e+001
1.489090909090909e+000 -5.108796461764985e+001
1.489272727272727e+000 -5.542799679069922e+001
1.489454545454545e+000 -8.596884378902603e+001
1.489636363636364e+000 -5.569422043173453e+001
1.489818181818182e+000 -5.096853490732922e+001
1.490000000000000e+000 -5.022356931957245e+001
1.490181818181818e+000 -5.289482655930654e+001
1.490363636363636e+000 -6.413620372339740e+001
1.490545454545454e+000 -5.782524533047240e+001
1.490727272727273e+000 -5.125055549451363e+001
1.490909090909091e+000 -5.003429933364318e+001
1.491090909090909e+000 -5.274678520170734e+001
1.491272727272727e+000 -6.611674781048809e+001
1.491454545454545e+000 -5.614936035046559e+001
1.491636363636364e+000 -5.054519334871110e+001
1.491818181818182e+000 -5.022109038293966e+001
1.492000000000000e+000 -5.495196953755421e+001
1.492181818181818e+000 -6.870485472506691e+001
1.492363636363636e+000 -5.245880325897868e+001
1.492545454545454e+000 -4.973742995393134e+001
1.492727272727273e+000 -5.201547803858469e+001
1.492909090909091e+000 -6.695976265860460e+001
1.493090909090909e+000 -5.451378955522277e+001
1.493272727272727e+000 -4.981302722446507e+001
1.493454545454545e+000 -5.100596096755260e+001
1.493636363636364e+000 -6.190980969330914e+001
1.493818181818182e+000 -5.535606842039148e+001
1.494000000000000e+000 -4.977025992203791e+001
1.494181818181818e+000 -5.089977307930831e+001
1.494363636363636e+000 -6.320640401275762e+001
1.494545454545454e+000 -5.426002170152208e+001
1.494727272727273e+000 -4.947562773866048e+001
1.494909090909091e+000 -5.170209981879076e+001
1.495090909090909e+000 -8.102042545408935e+001
1.495272727272727e+000 -5.197495371584689e+001
1.495454545454545e+000 -4.934253905860670e+001
1.495636363636364e+000 -5.445263803014043e+001
1.495818181818182e+000 -5.986758561334363e+001
1.496000000000000e+000 -4.985115906675370e+001
1.496181818181818e+000 -5.036580277502826e+001
1.496363636363636e+000 -6.562690801565192e+001
1.496545454545454e+000 -5.229476694057441e+001
1.496727272727273e+000 -4.913829030665534e+001
1.496909090909091e+000 -5.514826789798532e+001
1.497090909090909e+000 -5.672841997866703e+001
1.497272727272727e+000 -4.915381619359366e+001
1.497454545454545e+000 -5.179356591058324e+001
1.497636363636364e+000 -6.470227059664076e+001
1.497818181818182e+000 -4.972307871145653e+001
1.498000000000000e+000 -5.029350888146742e+001
1.498181818181818e+000 -8.413286390836711e+001
1.498363636363636e+000 -5.037441655133117e+001
1.498545454545454e+000 -4.960604017769006e+001
1.498727272727273e+000 -6.735673560877346e+001
1.498909090909091e+000 -5.073942708195463e+001
1.499090909090909e+000 -4.933728025619996e+001
1.499272727272727e+000 -6.588571748266503e+001
1.499454545454545e+000 -5.060397208219905e+001
1.499636363636364e+000 -4.936481243444074e+001
1.499818181818182e+000 -7.069250460529496e+001
1.500000000000000e+000 -4.998829483881181e+001
1.500181818181818e+000 -4.977269721151601e+001
1.500363636363636e+000 -7.272552931502412e+001
1.500545454545454e+000 -4.913728809023432e+001
1.500727272727273e+000 -5.089268543005358e+001
1.500909090909091e+000 -5.951897229077783e+001
1.501090909090909e+000 -4.843456565035926e+001
1.501272727272727e+000 -5.357698506849789e+001
1.501454545454545e+000 -5.349766502565723e+001
1.501636363636364e+000 -4.836732008502117e+001
1.501818181818182e+000 -6.127222858232079e+001
1.502000000000000e+000 -4.991311631722431e+001
1.502181818181818e+000 -4.968054076435736e+001
1.502363636363636e+000 -6.181654447387461e+001
1.502545454545454e+000 -4.817488412174989e+001
1.502727272727273e+000 -5.430512520730544e+001
1.502909090909091e+000 -5.163204462278932e+001
1.503090909090909e+000 -4.862512224677192e+001
1.503272727272727e+000 -7.288015926485494e+001
1.503454545454545e+000 -4.820283577488318e+001
1.503636363636364e+000 -5.322143414833113e+001
1.503818181818182e+000 -5.165304180202155e+001
1.504000000000000e+000 -4.854657557947721e+001
1.504181818181818e+000 -6.578812248686617e+001
1.504363636363636e+000 -4.782685933496359e+001
1.504545454545454e+000 -5.562414822494942e+001
1.504727272727273e+000 -4.977332200575327e+001
1.504909090909091e+000 -4.963336195993177e+001
1.505090909090909e+000 -5.547852398551068e+001
1.505272727272727e+000 -4.770624928953807e+001
1.505454545454545e+000 -7.640420811568855e+001
1.505636363636364e+000 -4.775613467650175e+001
1.505818181818182e+000 -5.464504923709858e+001
1.506000000000000e+000 -4.937381794672423e+001
1.506181818181818e+000 -4.999445090882460e+001
1.506363636363636e+000 -5.282890877214018e+001
1.506545454545454e+000 -4.799060474058086e+001
1.506727272727273e+000 -6.002963895551358e+001
1.506909090909091e+000 -4.726097663980688e+001
1.507090909090909e+000 -7.147460008168511e+001
1.507272727272727e+000 -4.732430624425732e+001
1.507454545454545e+000 -5.718057017579088e+001
1.507636363636364e+000 -4.793564945478000e+001
1.507818181818182e+000 -5.278369959598327e+001
1.508000000000000e+000 -4.893432914267577e+001
1.508181818181818e+000 -5.047787817710494e+001
1.508363636363636e+000 -5.018552978818921e+001
1.508545454545454e+000 -4.912274132706979e+001
1.508727272727273e+000 -5.154606799213364e+001
1.508909090909091e+000 -4.829874048157833e+001
1.509090909090909e+000 -5.283972393512910e+001
1.509272727272727e+000 -4.779920973227146e+001
1.509454545454545e+000 -5.385019071553487e+001
1.509636363636364e+000 -4.751103846499527e+001
1.509818181818182e+000 -5.435567286253912e+001
1.510000000000000e+000 -4.737639632843221e+001
1.510181818181818e+000 -5.421402162789070e+001
1.510363636363636e+000 -4.737939364549049e+001
1.510545454545454e+000 -5.344182547216891e+001
1.510727272727273e+000 -4.754304127145947e+001
1.510909090909091e+000 -5.220416122469104e+001
1.511090909090909e+000 -4.793355517725275e+001
1.511272727272727e+000 -5.072684318033362e+001
1.511454545454545e+000 -4.867634803901449e+001
1.511636363636364e+000 -4.921900388772189e+001
1.511818181818182e+000 -5.000195677538299e+001
1.512000000000000e+000 -4.784838619854608e+001
1.512181818181818e+000 -5.239442094763430e+001
1.512363636363636e+000 -4.675318048431628e+001
1.512545454545454e+000 -5.728209768891482e+001
1.512727272727273e+000 -4.606818108891816e+001
1.512909090909091e+000 -8.343289335275341e+001
1.513090909090909e+000 -4.596080799533984e+001
1.513272727272727e+000 -5.687280969776397e+001
1.513454545454545e+000 -4.669639869744931e+001
1.513636363636364e+000 -5.050541261072972e+001
1.513818181818182e+000 -4.882034017578994e+001
1.514000000000000e+000 -4.725660467727393e+001
1.514181818181818e+000 -5.402608291887599e+001
1.514363636363636e+000 -4.572963332476617e+001
1.514545454545454e+000 -7.631195900654909e+001
1.514727272727273e+000 -4.576838231857939e+001
1.514909090909091e+000 -5.212012916208969e+001
1.515090909090909e+000 -4.789286397252135e+001
1.515272727272727e+000 -4.702770221409492e+001
1.515454545454545e+000 -5.475084364006916e+001
1.515636363636364e+000 -4.529098339146697e+001
1.515818181818182e+000 -5.945538146923364e+001
1.516000000000000e+000 -4.620397158728402e+001
1.516181818181818e+000 -4.827869008940612e+001
1.516363636363636e+000 -5.143354297651806e+001
1.516545454545454e+000 -4.519461085369035e+001
1.516727272727273e+000 -6.317996006048569e+001
1.516909090909091e+000 -4.584202982456183e+001
1.517090909090909e+000 -4.791919042152817e+001
1.517272727272727e+000 -5.215810398695306e+001
1.517454545454545e+000 -4.482963634805211e+001
1.517636363636364e+000 -5.635193959527393e+001
1.517818181818182e+000 -4.657174469410060e+001
1.518000000000000e+000 -4.608210718888540e+001
1.518181818181818e+000 -5.981758096162206e+001
1.518363636363636e+000 -4.475638172100033e+001
1.518545454545454e+000 -4.918142087490295e+001
1.518727272727273e+000 -5.026213147465184e+001
1.518909090909091e+000 -4.445372965021879e+001
1.519090909090909e+000 -5.463869432120085e+001
1.519272727272727e+000 -4.698303046055147e+001
1.519454545454545e+000 -4.487607126988152e+001
1.519636363636364e+000 -6.662330662772185e+001
1.519818181818182e+000 -4.545786380933666e+001
1.520000000000000e+000 -4.553329180811549e+001
1.520181818181818e+000 -6.569920893069401e+001
1.520363636363636e+000 -4.471045507995603e+001
1.520545454545454e+000 -4.603250028512557e+001
1.520727272727273e+000 -5.960224543431080e+001
1.520909090909091e+000 -4.435594221654722e+001
1.521090909090909e+000 -4.608605684476015e+001
1.521272727272727e+000 -5.918102612635630e+001
1.521454545454545e+000 -4.425824039252584e+001
1.521636363636364e+000 -4.559928826565602e+001
1.521818181818182e+000 -6.375823900952705e+001
1.522000000000000e+000 -4.446512182273632e+001
1.522181818181818e+000 -4.471331328060249e+001
1.522363636363636e+000 -6.935088300071318e+001
1.522545454545454e+000 -4.522740989984882e+001
1.522727272727273e+000 -4.374231817785024e+001
1.522909090909091e+000 -5.453499579443582e+001
1.523090909090909e+000 -4.715505805771066e+001
1.523272727272727e+000 -4.309199797784992e+001
1.523454545454545e+000 -4.831024439913943e+001
1.523636363636364e+000 -5.213152257422503e+001
1.523818181818182e+000 -4.327892011309778e+001
1.524000000000000e+000 -4.462220944302302e+001
1.524181818181818e+000 -6.939266117220736e+001
1.524363636363636e+000 -4.520185516527806e+001
1.524545454545454e+000 -4.277439235747168e+001
1.524727272727273e+000 -4.859528425347316e+001
1.524909090909091e+000 -5.191189318255969e+001
1.525090909090909e+000 -4.304621976346785e+001
1.525272727272727e+000 -4.349865207193415e+001
1.525454545454545e+000 -5.507429385692551e+001
1.525636363636364e+000 -4.717994289688387e+001
1.525818181818182e+000 -4.228907313694327e+001
1.526000000000000e+000 -4.434716226147919e+001
1.526181818181818e+000 -6.449264023952334e+001
1.526363636363636e+000 -4.554805992416988e+001
1.526545454545454e+000 -4.195085976178149e+001
1.526727272727273e+000 -4.449935109623638e+001
1.526909090909091e+000 -6.727848892680414e+001
1.527090909090909e+000 -4.538550597935357e+001
1.527272727272727e+000 -4.170393963238598e+001
1.527454545454545e+000 -4.364988815410877e+001
1.527636363636364e+000 -5.720993091146955e+001
1.527818181818182e+000 -4.679476523723722e+001
1.528000000000000e+000 -4.170742641841509e+001
1.528181818181818e+000 -4.221542957653517e+001
1.528363636363636e+000 -4.920599199917643e+001
1.528545454545454e+000 -5.198363370027312e+001
1.528727272727273e+000 -4.266644967875705e+001
1.528909090909091e+000 -4.106155567669166e+001
1.529090909090909e+000 -4.390334691736300e+001
1.529272727272727e+000 -5.920287781837310e+001
1.529454545454545e+000 -4.656911942889579e+001
1.529636363636364e+000 -4.134714426996366e+001
1.529818181818182e+000 -4.094452135404994e+001
1.530000000000000e+000 -4.471098909945687e+001
1.530181818181818e+000 -6.833822082577477e+001
1.530363636363636e+000 -4.563054959868892e+001
1.530545454545454e+000 -4.095794397921400e+001
1.530727272727273e+000 -4.044768735893990e+001
1.530909090909091e+000 -4.344022329820616e+001
1.531090909090909e+000 -5.560937511913020e+001
1.531272727272727e+000 -4.796848415305139e+001
1.531454545454545e+000 -4.151147761075140e+001
1.531636363636364e+000 -3.981448043466015e+001
1.531818181818182e+000 -4.097083103238113e+001
1.532000000000000e+000 -4.597419925438476e+001
1.532181818181818e+000 -6.907576505538316e+001
1.532363636363636e+000 -4.493272185764850e+001
1.532545454545454e+000 -4.045327535080951e+001
1.532727272727273e+000 -3.927931147836242e+001
1.532909090909091e+000 -4.044286248771596e+001
1.533090909090909e+000 -4.471952786837623e+001
1.533272727272727e+000 -6.290916668895807e+001
1.533454545454545e+000 -4.679819488208463e+001
1.533636363636364e+000 -4.103300184707082e+001
1.533818181818182e+000 -3.892855610488218e+001
1.534000000000000e+000 -3.884164066940763e+001
1.534181818181818e+000 -4.066210014189340e+001
1.534363636363636e+000 -4.549102131236635e+001
1.534545454545454e+000 -6.893472714036349e+001
1.534727272727273e+000 -4.657659654583838e+001
1.534909090909091e+000 -4.095335578401939e+001
1.535090909090909e+000 -3.857913254907494e+001
1.535272727272727e+000 -3.789306119115013e+001
1.535454545454545e+000 -3.857477797989593e+001
1.535636363636364e+000 -4.081812158699793e+001
1.535818181818182e+000 -4.578565681800443e+001
1.536000000000000e+000 -6.656927988183756e+001
1.536181818181818e+000 -4.737472718605041e+001
1.536363636363636e+000 -4.138769618014860e+001
1.536545454545454e+000 -3.856718978175766e+001
1.536727272727273e+000 -3.722258163295093e+001
1.536909090909091e+000 -3.689525932606383e+001
1.537090909090909e+000 -3.746226498701320e+001
1.537272727272727e+000 -3.900651413883282e+001
1.537454545454545e+000 -4.192499426202502e+001
1.537636363636364e+000 -4.770157057109215e+001
1.537818181818182e+000 -7.900041519962970e+001
1.538000000000000e+000 -4.724526223650467e+001
1.538181818181818e+000 -4.165484209602904e+001
1.538363636363636e+000 -3.868679430950321e+001
1.538545454545454e+000 -3.691629930725650e+001
1.538727272727273e+000 -3.589336445882080e+001
1.538909090909091e+000 -3.542375756171482e+001
1.539090909090909e+000 -3.541610664050367e+001
1.539272727272727e+000 -3.583559520872024e+001
1.539454545454545e+000 -3.669160358933098e+001
1.539636363636364e+000 -3.804534093046081e+001
1.539818181818182e+000 -4.004617157197517e+001
1.540000000000000e+000 -4.304940337049690e+001
1.540181818181818e+000 -4.811623856178375e+001
1.540363636363636e+000 -6.274423576135651e+001
1.540545454545454e+000 -5.218839367784766e+001
1.540727272727273e+000 -4.511239698139350e+001
1.540909090909091e+000 -4.142521081128288e+001
1.541090909090909e+000 -3.900078864816881e+001
1.541272727272727e+000 -3.725327563742111e+001
1.541454545454545e+000 -3.593218643987629e+001
1.541636363636364e+000 -3.490495907619224e+001
1.541818181818182e+000 -3.409146675950152e+001
1.542000000000000e+000 -3.343854171481734e+001
1.542181818181818e+000 -3.290834402975507e+001
1.542363636363636e+000 -3.247243321612766e+001
1.542545454545454e+000 -3.210849874724367e+001
1.542727272727273e+000 -3.179845355042794e+001
1.542909090909091e+000 -3.152728128817148e+001
1.543090909090909e+000 -3.128232722110469e+001
1.543272727272727e+000 -3.105286307189054e+001
1.543454545454545e+000 -3.082982642651228e+001
1.543636363636364e+000 -3.060567179996570e+001
1.543818181818182e+000 -3.037429041981708e+001
1.544000000000000e+000 -3.013096739483219e+001
1.544181818181818e+000 -2.987235258051641e+001
1.544363636363636e+000 -2.959642743789363e+001
1.544545454545454e+000 -2.930245559559859e+001
1.544727272727273e+000 -2.899090998698680e+001
1.544909090909091e+000 -2.866337413196681e+001
1.545090909090909e+000 -2.832241894351714e+001
1.545272727272727e+000 -2.797145884929252e+001
1.545454545454545e+000 -2.761459169157246e+001
1.545636363636364e+000 -2.725642558018607e+001
1.545818181818182e+000 -2.690189254809518e+001
1.546000000000000e+000 -2.655604333894748e+001
1.546181818181818e+000 -2.622380951426724e+001
1.546363636363636e+000 -2.590970730300547e+001
1.546545454545454e+000 -2.561744035356833e+001
1.546727272727273e+000 -2.534933270054137e+001
1.546909090909091e+000 -2.510548445363746e+001
1.547090909090909e+000 -2.488248611684873e+001
1.547272727272727e+000 -2.467145201497894e+001
1.547454545454545e+000 -2.445505540652048e+001
1.547636363636364e+000 -2.420323864559234e+001
1.547818181818182e+000 -2.386754019029593e+001
1.548000000000000e+000 -2.337500351959119e+001
1.548181818181818e+000 -2.262517170561180e+001
1.548363636363636e+000 -2.149808780740556e+001
1.548545454545454e+000 -1.988569443970312e+001
1.548727272727273e+000 -1.776090818537539e+001
1.548909090909091e+000 -1.531484362970480e+001
1.549090909090909e+000 -1.335269587121796e+001
1.549272727272727e+000 -1.629081196124535e+001
1.549454545454545e+000 -9.260610113105187e+000
1.549636363636364e+000 -7.403533912445318e+000
1.549818181818182e+000 -4.342848745624900e-012
1.550000000000000e+000 -4.342848745624900e-012
1.550181818181818e+000 -1.262423240835367e+001
1.550363636363636e+000 -2.489760336980987e+001
1.550545454545454e+000 -1.533215425188137e+001
1.550727272727273e+000 -1.801186786583318e+001
1.550909090909091e+000 -1.529727469771875e+001
1.551090909090909e+000 -1.596974575271060e+001
1.551272727272727e+000 -1.710418308081217e+001
1.551454545454545e+000 -1.826581837495573e+001
1.551636363636364e+000 -1.947823535754496e+001
1.551818181818182e+000 -2.090154143053746e+001
1.552000000000000e+000 -2.277288538767879e+001
1.552181818181818e+000 -2.547320068672477e+001
1.552363636363636e+000 -2.986118048113383e+001
1.552545454545455e+000 -3.978753881004561e+001
1.552727272727273e+000 -3.923927612926649e+001
1.552909090909091e+000 -3.059000098746495e+001
1.553090909090909e+000 -2.717137294023555e+001
1.553272727272727e+000 -2.566509868643281e+001
1.553454545454545e+000 -2.544587432341483e+001
1.553636363636364e+000 -2.644814796813679e+001
1.553818181818182e+000 -2.901882508110736e+001
1.554000000000000e+000 -3.459975791039568e+001
1.554181818181818e+000 -7.827150716425248e+001
1.554363636363636e+000 -3.503136070067119e+001
1.554545454545455e+000 -3.013845948716375e+001
1.554727272727273e+000 -2.841700083487272e+001
1.554909090909091e+000 -2.864340474722175e+001
1.555090909090909e+000 -3.090870333644603e+001
1.555272727272727e+000 -3.686833986186565e+001
1.555454545454545e+000 -5.277127847127727e+001
1.555636363636364e+000 -3.508372278898020e+001
1.555818181818182e+000 -3.106021671162258e+001
1.556000000000000e+000 -3.018819968762956e+001
1.556181818181818e+000 -3.176327148959721e+001
1.556363636363636e+000 -3.706310819101235e+001
1.556545454545455e+000 -5.880775386660106e+001
1.556727272727273e+000 -3.625897384640549e+001
1.556909090909091e+000 -3.219963400865435e+001
1.557090909090909e+000 -3.171984239890132e+001
1.557272727272727e+000 -3.433218777188277e+001
1.557454545454545e+000 -4.368381412093422e+001
1.557636363636364e+000 -4.211921468860924e+001
1.557818181818182e+000 -3.439974802833216e+001
1.558000000000000e+000 -3.267339906379687e+001
1.558181818181818e+000 -3.444174607247563e+001
1.558363636363636e+000 -4.212070802776832e+001
1.558545454545455e+000 -4.456740336529786e+001
1.558727272727273e+000 -3.542266286436791e+001
1.558909090909091e+000 -3.359827400291331e+001
1.559090909090909e+000 -3.579697600150383e+001
1.559272727272727e+000 -4.618126164886601e+001
1.559454545454545e+000 -4.173678939232699e+001
1.559636363636364e+000 -3.522316172475002e+001
1.559818181818182e+000 -3.467609362288592e+001
1.560000000000000e+000 -3.909975965793502e+001
1.560181818181818e+000 -5.782340408155137e+001
1.560363636363636e+000 -3.790663836178002e+001
1.560545454545455e+000 -3.507137883547573e+001
1.560727272727273e+000 -3.733178757794551e+001
1.560909090909091e+000 -5.137790146413715e+001
1.561090909090909e+000 -4.058734234216492e+001
1.561272727272727e+000 -3.585343628577594e+001
1.561454545454545e+000 -3.710170647100041e+001
1.561636363636364e+000 -4.774458951937662e+001
1.561818181818182e+000 -4.209079006062562e+001
1.562000000000000e+000 -3.647183603811924e+001
1.562181818181818e+000 -3.761306856372301e+001
1.562363636363636e+000 -4.923899216752257e+001
1.562545454545455e+000 -4.176248047042854e+001
1.562727272727273e+000 -3.680696325091499e+001
1.562909090909091e+000 -3.884598178043843e+001
1.563090909090909e+000 -5.936988449627643e+001
1.563272727272727e+000 -4.020384018402030e+001
1.563454545454545e+000 -3.717383098373009e+001
1.563636363636364e+000 -4.151644996305021e+001
1.563818181818182e+000 -5.114138021379565e+001
1.564000000000000e+000 -3.858555684765805e+001
1.564181818181818e+000 -3.831669270132591e+001
1.564363636363636e+000 -4.879072260944573e+001
1.564545454545455e+000 -4.260343981573867e+001
1.564727272727273e+000 -3.795522124530570e+001
1.564909090909091e+000 -4.183970354834170e+001
1.565090909090909e+000 -5.137140476748125e+001
1.565272727272727e+000 -3.904833415760523e+001
1.565454545454545e+000 -3.959065669359713e+001
1.565636363636364e+000 -5.808105453257967e+001
1.565818181818182e+000 -4.104820936737435e+001
1.566000000000000e+000 -3.891919432957388e+001
1.566181818181818e+000 -4.785080670245862e+001
1.566363636363636e+000 -4.358048088593569e+001
1.566545454545455e+000 -3.895863217179556e+001
1.566727272727273e+000 -4.479349738721734e+001
1.566909090909091e+000 -4.620408333331164e+001
1.567090909090909e+000 -3.927940191235376e+001
1.567272727272727e+000 -4.362870571505906e+001
1.567454545454545e+000 -4.825154263688047e+001
1.567636363636364e+000 -3.962928486206339e+001
1.567818181818182e+000 -4.343756378092855e+001
1.568000000000000e+000 -4.895846613808819e+001
1.568181818181818e+000 -3.988685165521594e+001
1.568363636363636e+000 -4.399452764883053e+001
1.568545454545455e+000 -4.809124626019303e+001
1.568727272727273e+000 -4.006074136261450e+001
1.568909090909091e+000 -4.543995224449009e+001
1.569090909090909e+000 -4.621678617910784e+001
1.569272727272727e+000 -4.028862968063324e+001
1.569454545454545e+000 -4.846562060325923e+001
1.569636363636364e+000 -4.410635268690369e+001
1.569818181818182e+000 -4.083861374090699e+001
1.570000000000000e+000 -5.623424237602691e+001
1.570181818181818e+000 -4.231041838694586e+001
1.570363636363636e+000 -4.216551823500954e+001
1.570545454545455e+000 -5.781485693169977e+001
1.570727272727273e+000 -4.121057257364835e+001
1.570909090909091e+000 -4.521726731882865e+001
1.571090909090909e+000 -4.713532074484726e+001
1.571272727272727e+000 -4.121306208606412e+001
1.571454545454545e+000 -5.379402697696037e+001
1.571636363636364e+000 -4.296632007285050e+001
1.571818181818182e+000 -4.306672640344505e+001
1.572000000000000e+000 -5.331855907085900e+001
1.572181818181818e+000 -4.152585165058371e+001
1.572363636363636e+000 -4.931205955523897e+001
1.572545454545455e+000 -4.434997275755342e+001
1.572727272727273e+000 -4.283891380450760e+001
1.572909090909091e+000 -5.635994952946340e+001
1.573090909090909e+000 -4.190135806699171e+001
1.573272727272727e+000 -4.980923315420637e+001
1.573454545454545e+000 -4.433434400237535e+001
1.573636363636364e+000 -4.362394095115167e+001
1.573818181818182e+000 -5.239440236588979e+001
1.574000000000000e+000 -4.218484603162729e+001
1.574181818181818e+000 -5.570011711775914e+001
1.574363636363636e+000 -4.328124398414313e+001
1.574545454545455e+000 -4.610607504107840e+001
1.574727272727273e+000 -4.706638918522491e+001
1.574909090909091e+000 -4.320930063637840e+001
1.575090909090909e+000 -5.755723608160837e+001
1.575272727272727e+000 -4.262903687069690e+001
1.575454545454545e+000 -5.521724095140848e+001
1.575636363636364e+000 -4.359998594007079e+001
1.575818181818182e+000 -4.746143737624650e+001
1.576000000000000e+000 -4.607299645344438e+001
1.576181818181818e+000 -4.453608973565149e+001
1.576363636363636e+000 -5.072470499125569e+001
1.576545454545455e+000 -4.335655814106128e+001
1.576727272727273e+000 -6.207484597983654e+001
1.576909090909091e+000 -4.317212426272064e+001
1.577090909090909e+000 -5.883353559200884e+001
1.577272727272727e+000 -4.366757046916224e+001
1.577454545454545e+000 -5.122235631203461e+001
1.577636363636364e+000 -4.467307077631999e+001
1.577818181818182e+000 -4.800656529480355e+001
1.578000000000000e+000 -4.607900746263020e+001
1.578181818181818e+000 -4.627587903569702e+001
1.578363636363636e+000 -4.779807708271754e+001
1.578545454545455e+000 -4.529994125947353e+001
1.578727272727273e+000 -4.973761992289606e+001
1.578909090909091e+000 -4.476554796226751e+001
1.579090909090909e+000 -5.176795808513231e+001
1.579272727272727e+000 -4.450307454156386e+001
1.579454545454545e+000 -5.368365233562083e+001
1.579636363636364e+000 -4.441035403941451e+001
1.579818181818182e+000 -5.518044692363419e+001
1.580000000000000e+000 -4.442588486057024e+001
1.580181818181818e+000 -5.591590393580604e+001
1.580363636363636e+000 -4.451859360136796e+001
1.580545454545455e+000 -5.569504817867289e+001
1.580727272727273e+000 -4.468416999674916e+001
1.580909090909091e+000 -5.462272008024508e+001
1.581090909090909e+000 -4.494458312654135e+001
1.581272727272727e+000 -5.301776876543892e+001
1.581454545454545e+000 -4.535036207979463e+001
1.581636363636364e+000 -5.120978089112776e+001
1.581818181818182e+000 -4.598782965724654e+001
1.582000000000000e+000 -4.943572374822813e+001
1.582181818181818e+000 -4.699816408549056e+001
1.582363636363636e+000 -4.784505629869000e+001
1.582545454545455e+000 -4.862933763741284e+001
1.582727272727273e+000 -4.653782014600287e+001
1.582909090909091e+000 -5.140420232684708e+001
1.583090909090909e+000 -4.559881325196012e+001
1.583272727272727e+000 -5.694070931703303e+001
1.583454545454545e+000 -4.512509149786040e+001
1.583636363636364e+000 -8.370244295769574e+001
1.583818181818182e+000 -4.525724843452380e+001
1.584000000000000e+000 -5.551840053507766e+001
1.584181818181818e+000 -4.623906072454660e+001
1.584363636363636e+000 -4.979318283122029e+001
1.584545454545455e+000 -4.859142301484683e+001
1.584727272727273e+000 -4.690209883068724e+001
1.584909090909091e+000 -5.394239560638450e+001
1.585090909090909e+000 -4.562234807473081e+001
1.585272727272727e+000 -7.999082195672571e+001
1.585454545454545e+000 -4.579533441579208e+001
1.585636363636364e+000 -5.279242226086828e+001
1.585818181818182e+000 -4.783609654943701e+001
1.586000000000000e+000 -4.770528989489486e+001
1.586181818181818e+000 -5.368836992556028e+001
1.586363636363636e+000 -4.589278045493291e+001
1.586545454545455e+000 -6.611915358200656e+001
1.586727272727273e+000 -4.644882855584470e+001
1.586909090909091e+000 -5.043960575124108e+001
1.587090909090909e+000 -5.025879184551505e+001
1.587272727272727e+000 -4.659116288368464e+001
1.587454545454546e+000 -6.899821728119942e+001
1.587636363636364e+000 -4.631341205186661e+001
1.587818181818182e+000 -5.186270151720812e+001
1.588000000000000e+000 -4.987504098920780e+001
1.588181818181818e+000 -4.686220323378077e+001
1.588363636363636e+000 -7.195747083668488e+001
1.588545454545455e+000 -4.665178615525032e+001
1.588727272727273e+000 -5.084301278892335e+001
1.588909090909091e+000 -5.160649875758133e+001
1.589090909090909e+000 -4.661068314014242e+001
1.589272727272727e+000 -6.270382148530381e+001
1.589454545454546e+000 -4.778051358317621e+001
1.589636363636364e+000 -4.852887715286522e+001
1.589818181818182e+000 -5.835058103711994e+001
1.590000000000000e+000 -4.669124669270718e+001
1.590181818181818e+000 -5.231717220784859e+001
1.590363636363636e+000 -5.154521032037364e+001
1.590545454545455e+000 -4.687425698108019e+001
1.590727272727273e+000 -5.908974070112386e+001
1.590909090909091e+000 -4.899875838069585e+001
1.591090909090909e+000 -4.772590331635462e+001
1.591272727272727e+000 -8.858061304779625e+001
1.591454545454546e+000 -4.790408052776349e+001
1.591636363636364e+000 -4.884104376632927e+001
1.591818181818182e+000 -6.289545168400041e+001
1.592000000000000e+000 -4.748517088624755e+001
1.592181818181818e+000 -4.986353064918801e+001
1.592363636363636e+000 -5.879712716392375e+001
1.592545454545455e+000 -4.739627589105718e+001
1.592727272727273e+000 -5.048076225476471e+001
1.592909090909091e+000 -5.783799304943111e+001
1.593090909090909e+000 -4.747928000582742e+001
1.593272727272727e+000 -5.050835778414147e+001
1.593454545454546e+000 -5.888013772687267e+001
1.593636363636364e+000 -4.770920128483204e+001
1.593818181818182e+000 -4.997781299066693e+001
1.594000000000000e+000 -6.288108874913936e+001
1.594181818181818e+000 -4.818789256405685e+001
1.594363636363636e+000 -4.911919929516587e+001
1.594545454545455e+000 -9.313260746208302e+001
1.594727272727273e+000 -4.917193558174641e+001
1.594909090909091e+000 -4.826116186409653e+001
1.595090909090909e+000 -6.064833476863957e+001
1.595272727272727e+000 -5.120219525493801e+001
1.595454545454546e+000 -4.776503548943884e+001
1.595636363636364e+000 -5.377764240409478e+001
1.595818181818182e+000 -5.576956446073174e+001
1.596000000000000e+000 -4.806011776729212e+001
1.596181818181818e+000 -5.006555219238538e+001
1.596363636363636e+000 -8.017816830264145e+001
1.596545454545455e+000 -4.985377948673960e+001
1.596727272727273e+000 -4.823762822390363e+001
1.596909090909091e+000 -5.562853328960755e+001
1.597090909090909e+000 -5.518382868140758e+001
1.597272727272727e+000 -4.831354393782053e+001
1.597454545454546e+000 -4.990571415940880e+001
1.597636363636364e+000 -6.938306068023044e+001
1.597818181818182e+000 -5.133937564752126e+001
1.598000000000000e+000 -4.819494654933464e+001
1.598181818181818e+000 -5.211097727876842e+001
1.598363636363636e+000 -6.553716496079774e+001
1.598545454545455e+000 -5.001755639729198e+001
1.598727272727273e+000 -4.850226121416339e+001
1.598909090909091e+000 -5.388055086177250e+001
1.599090909090909e+000 -6.073948000277636e+001
1.599272727272727e+000 -4.971546034743317e+001
1.599454545454546e+000 -4.872734290816659e+001
1.599636363636364e+000 -5.427034689574116e+001
1.599818181818182e+000 -6.125707770853265e+001
1.600000000000000e+000 -5.005839199892294e+001
1.600181818181818e+000 -4.872036752329741e+001
1.600363636363636e+000 -5.310832955461913e+001
1.600545454545455e+000 -6.825923398166040e+001
1.600727272727273e+000 -5.123041716856612e+001
1.600909090909091e+000 -4.869863581994838e+001
1.601090909090909e+000 -5.118702264744334e+001
1.601272727272727e+000 -6.585072184438647e+001
1.601454545454546e+000 -5.420790134575670e+001
1.601636363636364e+000 -4.923616289898325e+001
1.601818181818182e+000 -4.951198333914277e+001
1.602000000000000e+000 -5.523827952510868e+001
1.602181818181818e+000 -6.410201656607859e+001
1.602363636363636e+000 -5.147019903022715e+001
1.602545454545455e+000 -4.899105731310957e+001
1.602727272727273e+000 -5.061572320557899e+001
1.602909090909091e+000 -5.875876087245936e+001
1.603090909090909e+000 -5.943191226413192e+001
1.603272727272727e+000 -5.094254082321443e+001
1.603454545454546e+000 -4.912205152940704e+001
1.603636363636364e+000 -5.090693901056261e+001
1.603818181818182e+000 -5.859975735430596e+001
1.604000000000000e+000 -6.103704716176587e+001
1.604181818181818e+000 -5.167839534664483e+001
1.604363636363636e+000 -4.933677209221499e+001
1.604545454545455e+000 -5.023728941794390e+001
1.604727272727273e+000 -5.512058465031562e+001
1.604909090909091e+000 -8.014926171095321e+001
1.605090909090909e+000 -5.448458376636514e+001
1.605272727272727e+000 -5.023394543701151e+001
1.605454545454546e+000 -4.950123162559466e+001
1.605636363636364e+000 -5.149424875726183e+001
1.605818181818182e+000 -5.805577268834454e+001
1.606000000000000e+000 -6.652566345322099e+001
1.606181818181818e+000 -5.381627298660098e+001
1.606363636363636e+000 -5.030395444105150e+001
1.606545454545455e+000 -4.965374262923975e+001
1.606727272727273e+000 -5.128072089988474e+001
1.606909090909091e+000 -5.626532805189707e+001
1.607090909090909e+000 -9.446222891676098e+001
1.607272727272727e+000 -5.663580216804898e+001
1.607454545454546e+000 -5.163990701293594e+001
1.607636363636364e+000 -4.991242125647072e+001
1.607818181818182e+000 -5.013589608844153e+001
1.608000000000000e+000 -5.230807745167450e+001
1.608181818181818e+000 -5.778448914092220e+001
1.608363636363636e+000 -8.508720930287208e+001
1.608545454545455e+000 -5.731234896395538e+001
1.608727272727273e+000 -5.237120674669966e+001
1.608909090909091e+000 -5.037607013964610e+001
1.609090909090909e+000 -5.003248891766206e+001
1.609272727272727e+000 -5.111080101945234e+001
1.609454545454546e+000 -5.394315463907773e+001
1.609636363636364e+000 -6.032188288271026e+001
1.609818181818182e+000 -7.444671272633877e+001
1.610000000000000e+000 -5.779252101380872e+001
1.610181818181818e+000 -5.316436320337064e+001
1.610363636363636e+000 -5.102345142181186e+001
1.610545454545455e+000 -5.023832577209420e+001
1.610727272727273e+000 -5.049658794524751e+001
1.610909090909091e+000 -5.178811751270301e+001
1.611090909090909e+000 -5.440583183788546e+001
1.611272727272727e+000 -5.947009097720950e+001
1.611454545454546e+000 -7.684989849701174e+001
1.611636363636364e+000 -6.235439170220293e+001
1.611818181818182e+000 -5.604552746873632e+001
1.612000000000000e+000 -5.300878946533668e+001
1.612181818181818e+000 -5.137046770400647e+001
1.612363636363636e+000 -5.060656337575842e+001
1.612545454545455e+000 -5.051442088078159e+001
1.612727272727273e+000 -5.102388908920875e+001
1.612909090909091e+000 -5.215405039733633e+001
1.613090909090909e+000 -5.403132002271382e+001
1.613272727272727e+000 -5.700174435089141e+001
1.613454545454546e+000 -6.214320468630257e+001
1.613636363636364e+000 -7.745718929957826e+001
1.613818181818182e+000 -6.609656084376253e+001
1.614000000000000e+000 -5.933532686886630e+001
1.614181818181818e+000 -5.593834274910786e+001
1.614363636363636e+000 -5.384622756584788e+001
1.614545454545455e+000 -5.248561422926886e+001
1.614727272727273e+000 -5.161197470520886e+001
1.614909090909091e+000 -5.109766802734101e+001
1.615090909090909e+000 -5.086775535093727e+001
1.615272727272727e+000 -5.087501678298579e+001
1.615454545454546e+000 -5.108862710288772e+001
1.615636363636364e+000 -5.148852575434293e+001
1.615818181818182e+000 -5.206252272417836e+001
1.616000000000000e+000 -5.280492379148519e+001
1.616181818181818e+000 -5.371618026183271e+001
1.616363636363636e+000 -5.480344872828443e+001
1.616545454545455e+000 -5.608225587448681e+001
1.616727272727273e+000 -5.757989664547714e+001
1.616909090909091e+000 -5.934208044523399e+001
1.617090909090909e+000 -6.144658119165671e+001
1.617272727272727e+000 -6.403438974602196e+001
1.617454545454546e+000 -6.739408634409544e+001
1.617636363636364e+000 -7.226744697087457e+001
1.617818181818182e+000 -8.197081720018316e+001
1.618000000000000e+000 -8.385989863299943e+001
1.618181818181818e+000 -7.453300061505290e+001
1.618363636363636e+000 -7.072469484948439e+001
1.618545454545455e+000 -6.853988722760292e+001
1.618727272727273e+000 -6.717944406763010e+001
1.618909090909091e+000 -6.634726979297069e+001
1.619090909090909e+000 -6.591002183669302e+001
1.619272727272727e+000 -6.580799955575004e+001
1.619454545454545e+000 -6.602620162795013e+001
1.619636363636364e+000 -6.658805111310124e+001
1.619818181818182e+000 -6.756536155114821e+001
1.620000000000000e+000 -6.911504719073787e+001
1.620181818181818e+000 -7.159425539235581e+001
1.620363636363636e+000 -7.604113382706707e+001
1.620545454545455e+000 -8.939357932504990e+001
1.620727272727273e+000 -7.933456622823253e+001
1.620909090909091e+000 -7.146097530382382e+001
1.621090909090909e+000 -6.707115092784312e+001
1.621272727272727e+000 -6.396078073491904e+001
1.621454545454546e+000 -6.153985699589330e+001
1.621636363636364e+000 -5.956396839554841e+001
1.621818181818182e+000 -5.790975559508340e+001
1.622000000000000e+000 -5.650790915583931e+001
1.622181818181818e+000 -5.531732677940021e+001
1.622363636363636e+000 -5.431347372021529e+001
1.622545454545455e+000 -5.348262111665699e+001
1.622727272727273e+000 -5.281888691467550e+001
1.622909090909091e+000 -5.232281752090497e+001
1.623090909090909e+000 -5.200099054503681e+001
1.623272727272727e+000 -5.186650181758094e+001
1.623454545454545e+000 -5.194049710524811e+001
1.623636363636364e+000 -5.225530543536444e+001
1.623818181818182e+000 -5.286051803595099e+001
1.624000000000000e+000 -5.383529932139519e+001
1.624181818181818e+000 -5.531591724185410e+001
1.624363636363636e+000 -5.756804331577367e+001
1.624545454545455e+000 -6.123489126820375e+001
1.624727272727273e+000 -6.882726335627893e+001
1.624909090909091e+000 -7.518455354799984e+001
1.625090909090909e+000 -6.289912852161385e+001
1.625272727272727e+000 -5.816114691393855e+001
1.625454545454545e+000 -5.538485755917026e+001
1.625636363636364e+000 -5.363934848619584e+001
1.625818181818182e+000 -5.261385178812664e+001
1.626000000000000e+000 -5.219477145713803e+001
1.626181818181818e+000 -5.236898184009615e+001
1.626363636363636e+000 -5.321021279672852e+001
1.626545454545455e+000 -5.492456929260781e+001
1.626727272727273e+000 -5.804323126035542e+001
1.626909090909091e+000 -6.447764212555391e+001
1.627090909090909e+000 -7.824911144664574e+001
1.627272727272727e+000 -6.147843218249330e+001
1.627454545454545e+000 -5.649806516960320e+001
1.627636363636364e+000 -5.393032307677724e+001
1.627818181818182e+000 -5.267123154845673e+001
1.628000000000000e+000 -5.242705053812067e+001
1.628181818181818e+000 -5.319828757456073e+001
1.628363636363636e+000 -5.526759833504997e+001
1.628545454545455e+000 -5.963795503950925e+001
1.628727272727273e+000 -7.321086612838789e+001
1.628909090909091e+000 -6.379944776050441e+001
1.629090909090909e+000 -5.687646345368091e+001
1.629272727272727e+000 -5.386660989766820e+001
1.629454545454545e+000 -5.265964309905876e+001
1.629636363636364e+000 -5.284752715697945e+001
1.629818181818182e+000 -5.457329542690349e+001
1.630000000000000e+000 -5.880778005269443e+001
1.630181818181818e+000 -7.297955923641496e+001
1.630363636363636e+000 -6.252571943879256e+001
1.630545454545455e+000 -5.594270622479172e+001
1.630727272727273e+000 -5.333065223748850e+001
1.630909090909091e+000 -5.273940968660427e+001
1.631090909090909e+000 -5.396309419528675e+001
1.631272727272727e+000 -5.779410260643148e+001
1.631454545454545e+000 -7.054433434762740e+001
1.631636363636364e+000 -6.228769399775287e+001
1.631818181818182e+000 -5.553241367730303e+001
1.632000000000000e+000 -5.314411766165532e+001
1.632181818181818e+000 -5.308172220869061e+001
1.632363636363636e+000 -5.540335577453072e+001
1.632545454545455e+000 -6.248072984548764e+001
1.632727272727273e+000 -6.809733751773273e+001
1.632909090909091e+000 -5.680432394308567e+001
1.633090909090909e+000 -5.349126835984195e+001
1.633272727272727e+000 -5.311808160665662e+001
1.633454545454546e+000 -5.550404314164324e+001
1.633636363636364e+000 -6.363792464352245e+001
1.633818181818182e+000 -6.496477915345902e+001
1.634000000000000e+000 -5.579042017130686e+001
1.634181818181818e+000 -5.321482561979895e+001
1.634363636363636e+000 -5.375657657603672e+001
1.634545454545455e+000 -5.806319124118507e+001
1.634727272727273e+000 -9.180561752128971e+001
1.634909090909091e+000 -5.831243673616918e+001
1.635090909090909e+000 -5.381637218491816e+001
1.635272727272727e+000 -5.339609912355540e+001
1.635454545454545e+000 -5.670913988069928e+001
1.635636363636364e+000 -7.259355357315896e+001
1.635818181818182e+000 -5.927439003801737e+001
1.636000000000000e+000 -5.400907989216940e+001
1.636181818181818e+000 -5.350176313875848e+001
1.636363636363636e+000 -5.721525456133183e+001
1.636545454545455e+000 -8.309094492447343e+001
1.636727272727273e+000 -5.790066356018377e+001
1.636909090909091e+000 -5.365784168083619e+001
1.637090909090909e+000 -5.410594838571534e+001
1.637272727272727e+000 -6.012890302372702e+001
1.637454545454546e+000 -6.686828627776141e+001
1.637636363636364e+000 -5.545489694471467e+001
1.637818181818182e+000 -5.343994886052424e+001
1.638000000000000e+000 -5.622170673110417e+001
1.638181818181818e+000 -7.392050212067967e+001
1.638363636363636e+000 -5.807761114819054e+001
1.638545454545455e+000 -5.369267051795568e+001
1.638727272727273e+000 -5.480402494985555e+001
1.638909090909091e+000 -6.427638543588553e+001
1.639090909090909e+000 -6.064788394537746e+001
1.639272727272727e+000 -5.412852865209849e+001
1.639454545454545e+000 -5.435175961304979e+001
1.639636363636364e+000 -6.210482516621019e+001
1.639818181818182e+000 -6.193790353847491e+001
1.640000000000000e+000 -5.432228939497077e+001
1.640181818181818e+000 -5.438745613693281e+001
1.640363636363636e+000 -6.256936684408411e+001
1.640545454545455e+000 -6.112196591909070e+001
1.640727272727273e+000 -5.416011959413570e+001
1.640909090909091e+000 -5.487775093012730e+001
1.641090909090909e+000 -6.619227174598537e+001
1.641272727272727e+000 -5.882021659861288e+001
1.641454545454546e+000 -5.386496955422584e+001
1.641636363636364e+000 -5.620629269198187e+001
1.641818181818182e+000 -9.820655067848308e+001
1.642000000000000e+000 -5.628047840133731e+001
1.642181818181818e+000 -5.395270996426002e+001
1.642363636363636e+000 -5.958789956546372e+001
1.642545454545455e+000 -6.349272226678576e+001
1.642727272727273e+000 -5.443200291972893e+001
1.642909090909091e+000 -5.530293963995175e+001
1.643090909090909e+000 -7.239345940570470e+001
1.643272727272727e+000 -5.693616441911471e+001
1.643454545454545e+000 -5.404796232265301e+001
1.643636363636364e+000 -6.012483947690195e+001
1.643818181818182e+000 -6.193988903773789e+001
1.644000000000000e+000 -5.423868787476509e+001
1.644181818181818e+000 -5.651146689980551e+001
1.644363636363636e+000 -7.429331639545397e+001
1.644545454545455e+000 -5.529197663777278e+001
1.644727272727273e+000 -5.497654704754086e+001
1.644909090909091e+000 -7.021317275849019e+001
1.645090909090909e+000 -5.685278568894325e+001
1.645272727272727e+000 -5.437067780032174e+001
1.645454545454545e+000 -6.342242243477509e+001
1.645636363636364e+000 -5.859387884170193e+001
1.645818181818182e+000 -5.421329572775608e+001
1.646000000000000e+000 -6.083660423657848e+001
1.646181818181818e+000 -6.012544215697362e+001
1.646363636363636e+000 -5.423824255960798e+001
1.646545454545455e+000 -5.977844814236350e+001
1.646727272727273e+000 -6.100747340270609e+001
1.646909090909091e+000 -5.429665537782816e+001
1.647090909090909e+000 -5.965315354806030e+001
1.647272727272727e+000 -6.093302638379537e+001
1.647454545454545e+000 -5.433685380029566e+001
1.647636363636364e+000 -6.038221341170124e+001
1.647818181818182e+000 -5.995168091949856e+001
1.648000000000000e+000 -5.440213887849578e+001
1.648181818181818e+000 -6.228958189659911e+001
1.648363636363636e+000 -5.842832162118836e+001
1.648545454545455e+000 -5.463188167872460e+001
1.648727272727273e+000 -6.668713654861125e+001
1.648909090909091e+000 -5.679954176325656e+001
1.649090909090909e+000 -5.527784793996003e+001
1.649272727272727e+000 -8.911912724247053e+001
1.649454545454545e+000 -5.543342306820890e+001
1.649636363636364e+000 -5.678745612427660e+001
1.649818181818182e+000 -6.602755975329524e+001
1.650000000000000e+000 -5.464940750105568e+001
