1.450000000000000e+000 -1.504483878690600e-005
1.450181818181818e+000 -3.140854097125931e-009
1.450363636363636e+000 -1.521334291344081e-005
1.450545454545455e+000 -6.616143261770070e-007
1.450727272727273e+000 -1.378507271700452e-005
1.450909090909091e+000 -3.196436186513247e-006
1.451090909090909e+000 -1.035697479228362e-005
1.451272727272727e+000 -7.616476137972655e-006
1.451454545454545e+000 -5.482122250465378e-006
1.451636363636364e+000 -1.267526621199641e-005
1.451818181818182e+000 -1.141723078457536e-006
1.452000000000000e+000 -1.576618023441519e-005
1.452181818181818e+000 -2.569722030265241e-007
1.452363636363636e+000 -1.418352007098695e-005
1.452545454545455e+000 -4.613173543494087e-006
1.452727272727273e+000 -7.813623787841933e-006
1.452909090909091e+000 -1.207194120363307e-005
1.453090909090909e+000 -1.182983371991174e-006
1.453272727272727e+000 -1.627934539591388e-005
1.453454545454545e+000 -1.103602721686738e-006
1.453636363636364e+000 -1.198546509913651e-005
1.453818181818182e+000 -9.101693644876790e-006
1.454000000000000e+000 -2.875531115626021e-006
1.454181818181818e+000 -1.636085284580885e-005
1.454363636363636e+000 -6.808072176870195e-007
1.454545454545455e+000 -1.237097681265483e-005
1.454727272727273e+000 -9.909381452313935e-006
1.454909090909091e+000 -1.910165814234386e-006
1.455090909090909e+000 -1.690607924527727e-005
1.455272727272727e+000 -2.426485166988461e-006
1.455454545454545e+000 -8.819561575310920e-006
1.455636363636364e+000 -1.435067211756038e-005
1.455818181818182e+000 -3.123222815878489e-009
1.456000000000000e+000 -1.467730869946659e-005
1.456181818181818e+000 -9.161899187973110e-006
1.456363636363636e+000 -1.795822449519024e-006
1.456545454545455e+000 -1.722759906586957e-005
1.456727272727273e+000 -4.927358038091489e-006
1.456909090909091e+000 -4.863185613677015e-006
1.457090909090909e+000 -1.751598293073006e-005
1.457272727272727e+000 -2.569930537310410e-006
1.457454545454545e+000 -7.263500914139862e-006
1.457636363636364e+000 -1.717416987486398e-005
1.457818181818182e+000 -1.662139565352274e-006
1.458000000000000e+000 -8.282774008336100e-006
1.458181818181818e+000 -1.720845710905504e-005
1.458363636363636e+000 -1.742313274627353e-006
1.458545454545455e+000 -7.754747321692608e-006
1.458727272727273e+000 -1.784241427433648e-005
1.458909090909091e+000 -2.886180414145097e-006
1.459090909090909e+000 -5.694493764278409e-006
1.459272727272727e+000 -1.850621559719599e-005
1.459454545454545e+000 -5.701909836511021e-006
1.459636363636364e+000 -2.579826195359372e-006
1.459818181818182e+000 -1.774720469843873e-005
1.460000000000000e+000 -1.067553667547776e-005
1.460181818181818e+000 -1.393288195802913e-007
1.460363636363636e+000 -1.369258456495877e-005
1.460545454545455e+000 -1.661423008292408e-005
1.460727272727273e+000 -1.622154805862184e-006
1.460909090909091e+000 -6.212032457867798e-006
1.461090909090909e+000 -1.916532519570310e-005
1.461272727272727e+000 -9.255526713135376e-006
1.461454545454545e+000 -2.269200255472168e-007
1.461636363636364e+000 -1.328760480944321e-005
1.461818181818182e+000 -1.836738029691096e-005
1.462000000000000e+000 -4.114351933901534e-006
1.462181818181818e+000 -2.433507096872728e-006
1.462363636363636e+000 -1.699467116349153e-005
1.462545454545455e+000 -1.651301049734581e-005
1.462727272727273e+000 -2.219879853862137e-006
1.462909090909091e+000 -3.889619702569932e-006
1.463090909090909e+000 -1.805921171646675e-005
1.463272727272727e+000 -1.647346096239492e-005
1.463454545454545e+000 -2.489551195843680e-006
1.463636363636364e+000 -3.092113037863444e-006
1.463818181818182e+000 -1.704517086052460e-005
1.464000000000000e+000 -1.863001750788472e-005
1.464181818181818e+000 -5.252383480035033e-006
1.464363636363636e+000 -7.468404823887526e-007
1.464545454545455e+000 -1.280302908689489e-005
1.464727272727273e+000 -2.093393695669705e-005
1.464909090909091e+000 -1.190665871054465e-005
1.465090909090909e+000 -6.099960593231954e-007
1.465272727272727e+000 -4.886466547297324e-006
1.465454545454545e+000 -1.794856533825578e-005
1.465636363636364e+000 -2.016125190089311e-005
1.465818181818182e+000 -8.597117227491073e-006
1.466000000000000e+000 -5.714134060798705e-008
1.466181818181818e+000 -6.357724365060542e-006
1.466363636363636e+000 -1.871576439271515e-005
1.466545454545455e+000 -2.083194954830412e-005
1.466727272727273e+000 -1.032921364632798e-005
1.466909090909091e+000 -6.306522738709317e-007
1.467090909090909e+000 -3.461699579675689e-006
1.467272727272727e+000 -1.520900669468817e-005
1.467454545454545e+000 -2.232291372103636e-005
1.467636363636364e+000 -1.716249492967218e-005
1.467818181818182e+000 -5.676648819199881e-006
1.468000000000000e+000 -2.424242104785301e-010
1.468181818181818e+000 -5.669555192017143e-006
1.468363636363636e+000 -1.685030066581896e-005
1.468545454545455e+000 -2.292995130631803e-005
1.468727272727273e+000 -1.864968076548802e-005
1.468909090909091e+000 -8.184392038204800e-006
1.469090909090909e+000 -6.236140198709457e-007
1.469272727272727e+000 -2.017189055544923e-006
1.469454545454545e+000 -1.094119134280982e-005
1.469636363636364e+000 -2.041248697951175e-005
1.469818181818182e+000 -2.361765843543989e-005
1.470000000000000e+000 -1.866727238477690e-005
1.470181818181818e+000 -9.273693042484088e-006
1.470363636363636e+000 -1.663246651798660e-006
1.470545454545455e+000 -4.073336680849290e-007
1.470727272727273e+000 -5.931654506376280e-006
1.470909090909091e+000 -1.482919303684481e-005
1.471090909090909e+000 -2.222909709883989e-005
1.471272727272727e+000 -2.451760150178508e-005
1.471454545454545e+000 -2.093458567592923e-005
1.471636363636364e+000 -1.350510872703111e-005
1.471818181818182e+000 -5.710304771371204e-006
1.472000000000000e+000 -7.833983050933852e-007
1.472181818181818e+000 -4.497103489503435e-007
1.472363636363636e+000 -4.520141776877650e-006
1.472545454545455e+000 -1.128775850955296e-005
1.472727272727273e+000 -1.837870601074321e-005
1.472909090909091e+000 -2.363942318272835e-005
1.473090909090909e+000 -2.575116258671638e-005
1.473272727272727e+000 -2.444738405422389e-005
1.473454545454545e+000 -2.037627902142491e-005
1.473636363636364e+000 -1.474779549154035e-005
1.473818181818182e+000 -8.924677283354110e-006
1.474000000000000e+000 -4.081900800412410e-006
1.474181818181818e+000 -9.998740131993086e-007
1.474363636363636e+000 -4.289714302427499e-010
1.474545454545455e+000 -9.961300013067726e-007
1.474727272727273e+000 -3.606519804339120e-006
1.474909090909091e+000 -7.295721450172680e-006
1.475090909090909e+000 -1.149714447729620e-005
1.475272727272727e+000 -1.570591825004975e-005
1.475454545454545e+000 -1.953312990541413e-005
1.475636363636364e+000 -2.272546113796096e-005
1.475818181818182e+000 -2.515889542421950e-005
1.476000000000000e+000 -2.681654608983723e-005
1.476181818181818e+000 -2.775959214345322e-005
1.476363636363636e+000 -2.809802879646536e-005
1.476545454545454e+000 -2.796540272984478e-005
1.476727272727273e+000 -2.749948488713587e-005
1.476909090909091e+000 -2.682919891484212e-005
1.477090909090909e+000 -2.606710566524415e-005
1.477272727272727e+000 -2.530624766140708e-005
1.477454545454545e+000 -2.462003233625968e-005
1.477636363636364e+000 -2.406393764829034e-005
1.477818181818182e+000 -2.367803790093411e-005
1.478000000000000e+000 -2.348958995298605e-005
1.478181818181818e+000 -2.351514298223383e-005
1.478363636363636e+000 -2.376181998417938e-005
1.478545454545454e+000 -2.422756531708340e-005
1.478727272727273e+000 -2.490027371133039e-005
1.478909090909091e+000 -2.575583132386321e-005
1.479090909090909e+000 -2.675523531091852e-005
1.479272727272727e+000 -2.784113116845535e-005
1.479454545454545e+000 -2.893433941516204e-005
1.479636363636364e+000 -2.993123025831341e-005
1.479818181818182e+000 -3.070313061027549e-005
1.480000000000000e+000 -3.109925754438727e-005
1.480181818181818e+000 -3.095486472940076e-005
1.480363636363636e+000 -3.010622161637000e-005
1.480545454545454e+000 -2.841352520720440e-005
1.480727272727273e+000 -2.579167390286225e-005
1.480909090909091e+000 -2.224685722801817e-005
1.481090909090909e+000 -1.791413370983880e-005
1.481272727272727e+000 -1.308785608313712e-005
1.481454545454545e+000 -8.233650435877712e-006
1.481636363636364e+000 -3.968843205258269e-006
1.481818181818182e+000 -9.993688371212568e-007
1.482000000000000e+000 -7.002953782375799e-009
1.482181818181818e+000 -1.492437977280147e-006
1.482363636363636e+000 -5.596940058295272e-006
1.482545454545454e+000 -1.194522059196635e-005
1.482727272727273e+000 -1.956854217423946e-005
1.482909090909091e+000 -2.697082549182552e-005
1.483090909090909e+000 -3.238168345753165e-005
1.483272727272727e+000 -3.419249763651953e-005
1.483454545454545e+000 -3.149801615637110e-005
1.483636363636364e+000 -2.458464198989131e-005
1.483818181818182e+000 -1.515191909312103e-005
1.484000000000000e+000 -6.068831730295537e-006
1.484181818181818e+000 -5.849281338715930e-007
1.484363636363636e+000 -1.135479786470676e-006
1.484545454545454e+000 -8.138141584674346e-006
1.484727272727273e+000 -1.935308647475028e-005
1.484909090909091e+000 -3.032322742204205e-005
1.485090909090909e+000 -3.603681856922832e-005
1.485272727272727e+000 -3.332555101512928e-005
1.485454545454545e+000 -2.289588413923596e-005
1.485636363636364e+000 -9.697964441858876e-006
1.485818181818182e+000 -8.996076012756025e-007
1.486000000000000e+000 -2.020062652923023e-006
1.486181818181818e+000 -1.320369410481000e-005
1.486363636363636e+000 -2.818794258116015e-005
1.486545454545454e+000 -3.743043295393486e-005
1.486727272727273e+000 -3.424440965999997e-005
1.486909090909091e+000 -2.012119038143140e-005
1.487090909090909e+000 -4.893004460067870e-006
1.487272727272727e+000 -3.205565659661188e-007
1.487454545454545e+000 -1.084466072890021e-005
1.487636363636364e+000 -2.878536459594710e-005
1.487818181818182e+000 -3.928377102973504e-005
1.488000000000000e+000 -3.265301870520355e-005
1.488181818181818e+000 -1.408000238458878e-005
1.488363636363636e+000 -6.344835440784422e-007
1.488545454545454e+000 -5.922341669433576e-006
1.488727272727273e+000 -2.575297372401452e-005
1.488909090909091e+000 -4.032944526302997e-005
1.489090909090909e+000 -3.380566938571794e-005
1.489272727272727e+000 -1.244472357676636e-005
1.489454545454545e+000 -1.098752643476669e-008
1.489636363636364e+000 -1.170476916943310e-005
1.489818181818182e+000 -3.474821963968730e-005
1.490000000000000e+000 -4.125052135575943e-005
1.490181818181818e+000 -2.229989254585185e-005
1.490363636363636e+000 -1.675575581751244e-006
1.490545454545454e+000 -7.165724989569236e-006
1.490727272727273e+000 -3.256344843787698e-005
1.490909090909091e+000 -4.308801947249350e-005
1.491090909090909e+000 -2.307315293942677e-005
1.491272727272727e+000 -1.061963483318178e-006
1.491454545454545e+000 -1.054019882494483e-005
1.491636363636364e+000 -3.830600770886768e-005
1.491818181818182e+000 -4.127407383189185e-005
1.492000000000000e+000 -1.388634822803538e-005
1.492181818181818e+000 -5.851926571280873e-007
1.492363636363636e+000 -2.465501199473215e-005
1.492545454545454e+000 -4.613639139480704e-005
1.492727272727273e+000 -2.730472913621553e-005
1.492909090909091e+000 -8.745972131730300e-007
1.493090909090909e+000 -1.536052727467793e-005
1.493272727272727e+000 -4.534024430250708e-005
1.493454545454545e+000 -3.445005638384827e-005
1.493636363636364e+000 -2.797715067796973e-006
1.493818181818182e+000 -1.265255115577425e-005
1.494000000000000e+000 -4.578894196976197e-005
1.494181818181818e+000 -3.530276880161203e-005
1.494363636363636e+000 -2.075601681253098e-006
1.494545454545454e+000 -1.628481973085061e-005
1.494727272727273e+000 -4.900314881834545e-005
1.494909090909091e+000 -2.934781662620378e-005
1.495090909090909e+000 -3.433537283585686e-008
1.495272727272727e+000 -2.756070469313404e-005
1.495454545454545e+000 -5.052809581184423e-005
1.495636363636364e+000 -1.557834391143518e-005
1.495818181818182e+000 -4.477400813523555e-006
1.496000000000000e+000 -4.494388926451526e-005
1.496181818181818e+000 -3.992142452038094e-005
1.496363636363636e+000 -1.188758318997422e-006
1.496545454545454e+000 -2.560406360833871e-005
1.496727272727273e+000 -5.296121364148586e-005
1.496909090909091e+000 -1.327266659311466e-005
1.497090909090909e+000 -9.224498714157592e-006
1.497272727272727e+000 -5.277221590097133e-005
1.497454545454545e+000 -2.873618805168062e-005
1.497636363636364e+000 -1.470812544109186e-006
1.497818181818182e+000 -4.628910189084138e-005
1.498000000000000e+000 -4.059153293650895e-005
1.498181818181818e+000 -1.676864309622214e-008
1.498363636363636e+000 -3.984232266283562e-005
1.498545454545454e+000 -4.755352015950713e-005
1.498727272727273e+000 -7.981982850081121e-007
1.498909090909091e+000 -3.663054958481277e-005
1.499090909090909e+000 -5.058931688944394e-005
1.499272727272727e+000 -1.119986064673007e-006
1.499454545454545e+000 -3.779105295463251e-005
1.499636363636364e+000 -5.026961757267415e-005
1.499818181818182e+000 -3.702830815079375e-007
1.500000000000000e+000 -4.354687600590447e-005
1.500181818181818e+000 -4.576325198537920e-005
1.500363636363636e+000 -2.318629683039026e-007
1.500545454545454e+000 -5.297343692519529e-005
1.500727272727273e+000 -3.536042989501095e-005
1.500909090909091e+000 -4.851626111938199e-006
1.501090909090909e+000 -6.227745550773765e-005
1.501272727272727e+000 -1.905841402688862e-005
1.501454545454545e+000 -1.940969804769368e-005
1.501636363636364e+000 -6.324926240495163e-005
1.501818181818182e+000 -3.240123880922198e-006
1.502000000000000e+000 -4.430726012555326e-005
1.502181818181818e+000 -4.674472101068202e-005
1.502363636363636e+000 -2.858446096300228e-006
1.502545454545454e+000 -6.611487860655377e-005
1.502727272727273e+000 -1.611656916782510e-005
1.502909090909091e+000 -2.982506097839781e-005
1.503090909090909e+000 -5.960395344363298e-005
1.503272727272727e+000 -2.237527573932546e-007
1.503454545454545e+000 -6.569071945339340e-005
1.503636363636364e+000 -2.068435251583197e-005
1.503818181818182e+000 -2.968121092333934e-005
1.504000000000000e+000 -6.069176784844149e-005
1.504181818181818e+000 -1.145439406073211e-006
1.504363636363636e+000 -7.163115590071877e-005
1.504545454545454e+000 -1.189515439940357e-005
1.504727272727273e+000 -4.575666873109079e-005
1.504909090909091e+000 -4.725529493419615e-005
1.505090909090909e+000 -1.230077650476356e-005
1.505272727272727e+000 -7.364835734311106e-005
1.505454545454545e+000 -9.939476350273535e-008
1.505636363636364e+000 -7.280722592055183e-005
1.505818181818182e+000 -1.490322069439400e-005
1.506000000000000e+000 -5.016548610167385e-005
1.506181818181818e+000 -4.348519227257131e-005
1.506363636363636e+000 -2.264094585606887e-005
1.506545454545454e+000 -6.898065061821776e-005
1.506727272727273e+000 -4.313408913202183e-006
1.506909090909091e+000 -8.160010682827304e-005
1.507090909090909e+000 -3.092604037918371e-007
1.507272727272727e+000 -8.041882212541960e-005
1.507454545454545e+000 -8.312424416143288e-006
1.507636363636364e+000 -6.985907948796368e-005
1.507818181818182e+000 -2.287786514004609e-005
1.508000000000000e+000 -5.550782014381488e-005
1.508181818181818e+000 -3.890437464654829e-005
1.508363636363636e+000 -4.161342032463383e-005
1.508545454545454e+000 -5.315117088079587e-005
1.508727272727273e+000 -3.042138855729064e-005
1.508909090909091e+000 -6.425596880287122e-005
1.509090909090909e+000 -2.258463348591045e-005
1.509272727272727e+000 -7.208865828447008e-005
1.509454545454545e+000 -1.789641881202275e-005
1.509636363636364e+000 -7.703433121216250e-005
1.509818181818182e+000 -1.593007503861946e-005
1.510000000000000e+000 -7.946001660077422e-005
1.510181818181818e+000 -1.645822409670707e-005
1.510363636363636e+000 -7.940519507247252e-005
1.510545454545454e+000 -1.966087070310245e-005
1.510727272727273e+000 -7.646875291488951e-005
1.510909090909091e+000 -2.614384716601521e-005
1.511090909090909e+000 -6.989277569304665e-005
1.511272727272727e+000 -3.673684281900474e-005
1.511454545454545e+000 -5.890503964870103e-005
1.511636363636364e+000 -5.198601428907894e-005
1.511818181818182e+000 -4.341010179719504e-005
1.512000000000000e+000 -7.127697423834958e-005
1.512181818181818e+000 -2.502323575981201e-005
1.512363636363636e+000 -9.172143673149697e-005
1.512545454545454e+000 -8.120353739545157e-006
1.512727272727273e+000 -1.073919113545553e-004
1.512909090909091e+000 -1.970130420829807e-008
1.513090909090909e+000 -1.100801507812110e-004
1.513272727272727e+000 -8.922854015541262e-006
1.513454545454545e+000 -9.292853443014691e-005
1.513636363636364e+000 -3.865849860438306e-005
1.513818181818182e+000 -5.698402776195959e-005
1.514000000000000e+000 -8.168229428624023e-005
1.514181818181818e+000 -1.718608196457886e-005
1.514363636363636e+000 -1.160985468024462e-004
1.514545454545454e+000 -1.015286042262256e-007
1.514727272727273e+000 -1.150672761796795e-004
1.514909090909091e+000 -2.665463426411108e-005
1.515090909090909e+000 -7.055071858788126e-005
1.515272727272727e+000 -8.610302213232225e-005
1.515454545454545e+000 -1.454456291215895e-005
1.515636363636364e+000 -1.284376627936687e-004
1.515818181818182e+000 -4.923187888915529e-006
1.516000000000000e+000 -1.040860090685180e-004
1.516181818181818e+000 -6.455331211117034e-005
1.516363636363636e+000 -3.121990481615288e-005
1.516545454545454e+000 -1.313196727821554e-004
1.516727272727273e+000 -2.088278463782949e-006
1.516909090909091e+000 -1.131323961108219e-004
1.517090909090909e+000 -7.012433815804681e-005
1.517272727272727e+000 -2.642258074465016e-005
1.517454545454545e+000 -1.428327566574125e-004
1.517636363636364e+000 -1.005983493568692e-005
1.517818181818182e+000 -9.563450704503192e-005
1.518000000000000e+000 -1.070480954185269e-004
1.518181818181818e+000 -4.529251549756306e-006
1.518363636363636e+000 -1.452624625747408e-004
1.518545454545454e+000 -5.243784623154811e-005
1.518727272727273e+000 -4.088586667666250e-005
1.518909090909091e+000 -1.557468004519149e-004
1.519090909090909e+000 -1.492504418216782e-005
1.519272727272727e+000 -8.699326178847485e-005
1.519454545454545e+000 -1.413136942584061e-004
1.519636363636364e+000 -9.450476266533535e-007
1.519818181818182e+000 -1.235959130463371e-004
1.520000000000000e+000 -1.214678106727080e-004
1.520181818181818e+000 -1.169131809012391e-006
1.520363636363636e+000 -1.468067903073660e-004
1.520545454545454e+000 -1.082778681947299e-004
1.520727272727273e+000 -4.759485475719977e-006
1.520909090909091e+000 -1.592934998527159e-004
1.521090909090909e+000 -1.069507844553184e-004
1.521272727272727e+000 -5.244232780608053e-006
1.521454545454545e+000 -1.629177553808565e-004
1.521636363636364e+000 -1.196358849744236e-004
1.521818181818182e+000 -1.827933961472368e-006
1.522000000000000e+000 -1.553387821367003e-004
1.522181818181818e+000 -1.467102032402639e-004
1.522363636363636e+000 -5.043082077151125e-007
1.522545454545454e+000 -1.303316333190478e-004
1.522727272727273e+000 -1.834685661715189e-004
1.522909090909091e+000 -1.528570578470544e-005
1.523090909090909e+000 -8.361470969471785e-005
1.523272727272727e+000 -2.131057503890794e-004
1.523454545454545e+000 -6.408598675354134e-005
1.523636363636364e+000 -2.658479912426750e-005
1.523818181818182e+000 -2.041279651613419e-004
1.524000000000000e+000 -1.498203674867352e-004
1.524181818181818e+000 -4.994801334207122e-007
1.524363636363636e+000 -1.311008024020885e-004
1.524545454545454e+000 -2.292749140172865e-004
1.524727272727273e+000 -6.001487234865463e-005
1.524909090909091e+000 -2.796381312799932e-005
1.525090909090909e+000 -2.153639971482702e-004
1.525272727272727e+000 -1.940567737841173e-004
1.525454545454545e+000 -1.350067866712925e-005
1.525636363636364e+000 -8.313696736585986e-005
1.525818181818182e+000 -2.563833493032878e-004
1.526000000000000e+000 -1.596158687167799e-004
1.526181818181818e+000 -1.543548800256462e-006
1.526363636363636e+000 -1.210554570205820e-004
1.526545454545454e+000 -2.771482830538458e-004
1.526727272727273e+000 -1.541192573475899e-004
1.526909090909091e+000 -8.127097299444945e-007
1.527090909090909e+000 -1.256724254564074e-004
1.527272727272727e+000 -2.933627824536187e-004
1.527454545454545e+000 -1.874152241234541e-004
1.527636363636364e+000 -8.256417258292598e-006
1.527818181818182e+000 -9.084736388898472e-005
1.528000000000000e+000 -2.931273391565698e-004
1.528181818181818e+000 -2.607680575586636e-004
1.528363636363636e+000 -5.214200398415564e-005
1.528545454545454e+000 -2.750567559430418e-005
1.528727272727273e+000 -2.350450425069754e-004
1.528909090909091e+000 -3.401306351384879e-004
1.529090909090909e+000 -1.767903106934007e-004
1.529272727272727e+000 -5.217912479411844e-006
1.529454545454545e+000 -9.569233522837547e-005
1.529636363636364e+000 -3.184826720831345e-004
1.529818181818182e+000 -3.494215186078345e-004
1.530000000000000e+000 -1.467887393771369e-004
1.530181818181818e+000 -6.367401868819076e-007
1.530363636363636e+000 -1.187778036337690e-004
1.530545454545454e+000 -3.483431946438149e-004
1.530727272727273e+000 -3.917735969333567e-004
1.530909090909091e+000 -1.966852606762953e-004
1.531090909090909e+000 -1.193568630686098e-005
1.531272727272727e+000 -6.933289947982189e-005
1.531454545454545e+000 -3.066562940785275e-004
1.531636363636364e+000 -4.532720407592499e-004
1.531818181818182e+000 -3.473110280196952e-004
1.532000000000000e+000 -1.097412424758458e-004
1.532181818181818e+000 -5.372888556791291e-007
1.532363636363636e+000 -1.394822998553380e-004
1.532545454545454e+000 -3.912698101007866e-004
1.532727272727273e+000 -5.127182770032393e-004
1.532909090909091e+000 -3.922091062555473e-004
1.533090909090909e+000 -1.465004131516363e-004
1.533272727272727e+000 -2.222632976435806e-006
1.533454545454545e+000 -9.077564885046537e-005
1.533636363636364e+000 -3.423743692732036e-004
1.533818181818182e+000 -5.558485702952638e-004
1.534000000000000e+000 -5.670855725007350e-004
1.534181818181818e+000 -3.729004796679922e-004
1.534363636363636e+000 -1.226558630993191e-004
1.534545454545454e+000 -5.550238236333587e-007
1.534727272727273e+000 -9.552772455594645e-005
1.534909090909091e+000 -3.487114183717106e-004
1.535090909090909e+000 -6.024224904582563e-004
1.535272727272727e+000 -7.055267230246891e-004
1.535454545454545e+000 -6.030268702832644e-004
1.535636363636364e+000 -3.597411672981593e-004
1.535818181818182e+000 -1.146104875502494e-004
1.536000000000000e+000 -9.568775622452184e-007
1.536181818181818e+000 -7.949056195452163e-005
1.536363636363636e+000 -3.155225980591787e-004
1.536545454545454e+000 -6.040815016525265e-004
1.536727272727273e+000 -8.233174366517146e-004
1.536909090909091e+000 -8.877747049629935e-004
1.537090909090909e+000 -7.791063918263848e-004
1.537272727272727e+000 -5.459592080128658e-004
1.537454545454545e+000 -2.788038876076351e-004
1.537636363636364e+000 -7.372774323126548e-005
1.537818181818182e+000 -5.466920948729373e-008
1.538000000000000e+000 -8.189590423541669e-005
1.538181818181818e+000 -2.966982170549406e-004
1.538363636363636e+000 -5.876710048753531e-004
1.538545454545454e+000 -8.834837258233378e-004
1.538727272727273e+000 -1.118159536654065e-003
1.538909090909091e+000 -1.245864602609666e-003
1.539090909090909e+000 -1.248061679580771e-003
1.539272727272727e+000 -1.133134456730587e-003
1.539454545454545e+000 -9.304016493754774e-004
1.539636363636364e+000 -6.812151195721737e-004
1.539818181818182e+000 -4.297230406606024e-004
1.540000000000000e+000 -2.152061779486821e-004
1.540181818181818e+000 -6.701373220078890e-005
1.540363636363636e+000 -2.308664636547828e-006
1.540545454545454e+000 -2.623893812832634e-005
1.540727272727273e+000 -1.338293302728521e-004
1.540909090909091e+000 -3.128087339483201e-004
1.541090909090909e+000 -5.466794894706640e-004
1.541272727272727e+000 -8.175185631611383e-004
1.541454545454545e+000 -1.108207478325971e-003
1.541636363636364e+000 -1.403972497364678e-003
1.541818181818182e+000 -1.693254721740156e-003
1.542000000000000e+000 -1.968015601010920e-003
1.542181818181818e+000 -2.223622627291685e-003
1.542363636363636e+000 -2.458464305296021e-003
1.542545454545454e+000 -2.673425591237262e-003
1.542727272727273e+000 -2.871326073561148e-003
1.542909090909091e+000 -3.056391569562756e-003
1.543090909090909e+000 -3.233800837668074e-003
1.543272727272727e+000 -3.409325440648651e-003
1.543454545454545e+000 -3.589063229235320e-003
1.543636363636364e+000 -3.779253990350691e-003
1.543818181818182e+000 -3.986158487296466e-003
1.544000000000000e+000 -4.215978171989227e-003
1.544181818181818e+000 -4.474791182058187e-003
1.544363636363636e+000 -4.768480046614184e-003
1.544545454545454e+000 -5.102627415834836e-003
1.544727272727273e+000 -5.482358125636339e-003
1.544909090909091e+000 -5.912109512008092e-003
1.545090909090909e+000 -6.395317991928010e-003
1.545272727272727e+000 -6.934019860528842e-003
1.545454545454545e+000 -7.528379557429233e-003
1.545636363636364e+000 -8.176181021015767e-003
1.545818181818182e+000 -8.872348625063760e-003
1.546000000000000e+000 -9.608604528952345e-003
1.546181818181818e+000 -1.037341917798569e-002
1.546363636363636e+000 -1.115247055287431e-002
1.546545454545454e+000 -1.192989535397838e-002
1.546727272727273e+000 -1.269069543307382e-002
1.546909090909091e+000 -1.342477240390036e-002
1.547090909090909e+000 -1.413325421491746e-002
1.547272727272727e+000 -1.483818590107256e-002
1.547454545454545e+000 -1.559762297498840e-002
1.547636363636364e+000 -1.653052744410961e-002
1.547818181818182e+000 -1.786171155501658e-002
1.548000000000000e+000 -2.001170815056391e-002
1.548181818181818e+000 -2.379338691640033e-002
1.548363636363636e+000 -3.086867940737198e-002
1.548545454545454e+000 -4.481814189853570e-002
1.548727272727273e+000 -7.334245699109827e-002
1.548909090909091e+000 -1.296481213730567e-001
1.549090909090909e+000 -2.054696607123133e-001
1.549272727272727e+000 -1.032416583563276e-001
1.549454545454545e+000 -5.480735231488155e-001
1.549636363636364e+000 -8.715224202364921e-001
1.549818181818182e+000 -1.000000000000000e+002
1.550000000000000e+000 -1.000000000000000e+002
1.550181818181818e+000 -2.440659641895169e-001
1.550363636363636e+000 -1.408406391266298e-002
1.550545454545454e+000 -1.291246394264321e-001
1.550727272727273e+000 -6.919146158956656e-002
1.550909090909091e+000 -1.301816174473143e-001
1.551090909090909e+000 -1.112656582221438e-001
1.551272727272727e+000 -8.543399207911437e-002
1.551454545454545e+000 -6.523189364239135e-002
1.551636363636364e+000 -4.925167808239311e-002
1.551818181818182e+000 -3.543240111832706e-002
1.552000000000000e+000 -2.299561590314100e-002
1.552181818181818e+000 -1.233334169467233e-002
1.552363636363636e+000 -4.486323226642234e-003
1.552545454545455e+000 -4.560928192483155e-004
1.552727272727273e+000 -5.174668955720098e-004
1.552909090909091e+000 -3.792921415979834e-003
1.553090909090909e+000 -8.338037662075854e-003
1.553272727272727e+000 -1.179951848594627e-002
1.553454545454545e+000 -1.241130065453934e-002
1.553636363636364e+000 -9.850583360188906e-003
1.553818181818182e+000 -5.447210210501388e-003
1.554000000000000e+000 -1.506204109852913e-003
1.554181818181818e+000 -6.465968701926463e-008
1.554363636363636e+000 -1.363692412343951e-003
1.554545454545455e+000 -4.208707859716397e-003
1.554727272727273e+000 -6.257445309198014e-003
1.554909090909091e+000 -5.939375340424690e-003
1.555090909090909e+000 -3.524440537393043e-003
1.555272727272727e+000 -8.932951768278290e-004
1.555454545454545e+000 -2.294339126079200e-005
1.555636363636364e+000 -1.347346808585673e-003
1.555818181818182e+000 -3.403555264703558e-003
1.556000000000000e+000 -4.160757108055316e-003
1.556181818181818e+000 -2.894688853134854e-003
1.556363636363636e+000 -8.541147014684759e-004
1.556545454545455e+000 -5.714907565461476e-006
1.556727272727273e+000 -1.027870304089667e-003
1.556909090909091e+000 -2.617892437193718e-003
1.557090909090909e+000 -2.923790514002411e-003
1.557272727272727e+000 -1.601937723409427e-003
1.557454545454545e+000 -1.859568569096904e-004
1.557636363636364e+000 -2.666098391452131e-004
1.557818181818182e+000 -1.577205803256862e-003
1.558000000000000e+000 -2.347263052791986e-003
1.558181818181818e+000 -1.562024361617264e-003
1.558363636363636e+000 -2.665181772196660e-004
1.558545454545455e+000 -1.517230487471694e-004
1.558727272727273e+000 -1.246178724098752e-003
1.558909090909091e+000 -1.896931961986479e-003
1.559090909090909e+000 -1.143257009377924e-003
1.559272727272727e+000 -1.046317232317742e-004
1.559454545454545e+000 -2.911521018031390e-004
1.559636363636364e+000 -1.304768236445644e-003
1.559818181818182e+000 -1.479956480452251e-003
1.560000000000000e+000 -5.343613806727680e-004
1.560181818181818e+000 -7.168763640093948e-006
1.560363636363636e+000 -7.033243295190175e-004
1.560545454545455e+000 -1.351182417052619e-003
1.560727272727273e+000 -8.028708615533514e-004
1.560909090909091e+000 -3.162246685254505e-005
1.561090909090909e+000 -3.793752946386953e-004
1.561272727272727e+000 -1.128488417412955e-003
1.561454545454545e+000 -8.465565832256983e-004
1.561636363636364e+000 -7.300103363338212e-005
1.561818181818182e+000 -2.683605808434091e-004
1.562000000000000e+000 -9.787001200163010e-004
1.562181818181818e+000 -7.525148595024059e-004
1.562363636363636e+000 -5.174729847667438e-005
1.562545454545455e+000 -2.894347925939982e-004
1.562727272727273e+000 -9.060106149277535e-004
1.562909090909091e+000 -5.665189726320062e-004
1.563090909090909e+000 -5.021068112029743e-006
1.563272727272727e+000 -4.144012080622647e-004
1.563454545454545e+000 -8.326123393852640e-004
1.563636363636364e+000 -3.063053837230242e-004
1.563818181818182e+000 -3.339242502527739e-005
1.564000000000000e+000 -6.015319544491436e-004
1.564181818181818e+000 -6.399514660941503e-004
1.564363636363636e+000 -5.737397225388906e-005
1.564545454545455e+000 -2.384801596049513e-004
1.564727272727273e+000 -6.954997228918472e-004
1.564909090909091e+000 -2.843335930016260e-004
1.565090909090909e+000 -3.166980709552428e-005
1.565272727272727e+000 -5.407268455562861e-004
1.565454545454545e+000 -4.772462274260255e-004
1.565636363636364e+000 -6.755837515762720e-006
1.565818181818182e+000 -3.411775398879146e-004
1.566000000000000e+000 -5.570481425730575e-004
1.566181818181818e+000 -7.123725935646484e-005
1.566363636363636e+000 -1.904345501698516e-004
1.566545454545455e+000 -5.520122232338726e-004
1.566727272727273e+000 -1.440262900374252e-004
1.566909090909091e+000 -1.040833308885573e-004
1.567090909090909e+000 -5.127076000509819e-004
1.567272727272727e+000 -1.883315827862465e-004
1.567454545454545e+000 -6.495809731439942e-005
1.567636363636364e+000 -4.730199696398387e-004
1.567818181818182e+000 -1.968057457210876e-004
1.568000000000000e+000 -5.520017537255902e-005
1.568181818181818e+000 -4.457808773569559e-004
1.568363636363636e+000 -1.731171932434809e-004
1.568545454545455e+000 -6.740049022406684e-005
1.568727272727273e+000 -4.282837425062367e-004
1.568909090909091e+000 -1.241067183759717e-004
1.569090909090909e+000 -1.037793347280948e-004
1.569272727272727e+000 -4.063887365099247e-004
1.569454545454545e+000 -6.183371539124886e-005
1.569636363636364e+000 -1.687164692939195e-004
1.569818181818182e+000 -3.580476597566784e-004
1.570000000000000e+000 -1.033619253648765e-005
1.570181818181818e+000 -2.551262989275794e-004
1.570363636363636e+000 -2.637823158904626e-004
1.570545454545455e+000 -7.182886057882434e-006
1.570727272727273e+000 -3.286574540856384e-004
1.570909090909091e+000 -1.306363721321682e-004
1.571090909090909e+000 -8.399558063620578e-005
1.571272727272727e+000 -3.284691041718162e-004
1.571454545454545e+000 -1.812936196641511e-005
1.571636363636364e+000 -2.193629470834500e-004
1.571818181818182e+000 -2.143494573512778e-004
1.572000000000000e+000 -2.022690410803851e-005
1.572181818181818e+000 -3.056429820589727e-004
1.572363636363636e+000 -5.088395969837414e-005
1.572545454545455e+000 -1.595126063211907e-004
1.572727272727273e+000 -2.258937554132838e-004
1.572909090909091e+000 -1.004129810179455e-005
1.573090909090909e+000 -2.803254453592166e-004
1.573272727272727e+000 -4.537987182305054e-005
1.573454545454545e+000 -1.600876816871025e-004
1.573636363636364e+000 -1.885383244078124e-004
1.573818181818182e+000 -2.502334282488587e-005
1.574000000000000e+000 -2.626109547517201e-004
1.574181818181818e+000 -1.168888763979239e-005
1.574363636363636e+000 -2.040187647605162e-004
1.574545454545455e+000 -1.064589381598119e-004
1.574727272727273e+000 -8.533941466366233e-005
1.574909090909091e+000 -2.074266812988373e-004
1.575090909090909e+000 -7.621862052292452e-006
1.575272727272727e+000 -2.370786677660759e-004
1.575454545454545e+000 -1.306353969728638e-005
1.575636363636364e+000 -1.895811687470558e-004
1.575818181818182e+000 -7.791919724737717e-005
1.576000000000000e+000 -1.072729020143494e-004
1.576181818181818e+000 -1.528209794340350e-004
1.576363636363636e+000 -3.675493422738730e-005
1.576545454545455e+000 -2.005111476407517e-004
1.576727272727273e+000 -2.693393749858516e-006
1.576909090909091e+000 -2.092099547231030e-004
1.577090909090909e+000 -5.681081715890521e-006
1.577272727272727e+000 -1.866536973151422e-004
1.577454545454545e+000 -3.277557495306373e-005
1.577636363636364e+000 -1.480759874554571e-004
1.577818181818182e+000 -6.872760629664656e-005
1.578000000000000e+000 -1.071245279646643e-004
1.578181818181818e+000 -1.023767943217554e-004
1.578363636363636e+000 -7.210746177295895e-005
1.578545454545455e+000 -1.281730131376577e-004
1.578727272727273e+000 -4.613437333154801e-005
1.578909090909091e+000 -1.449561890958443e-004
1.579090909090909e+000 -2.890612977280763e-005
1.579272727272727e+000 -1.539871767217528e-004
1.579454545454545e+000 -1.859602012608323e-005
1.579636363636364e+000 -1.573101600234238e-004
1.579818181818182e+000 -1.317468613523177e-005
1.580000000000000e+000 -1.567485971236104e-004
1.580181818181818e+000 -1.112229663947441e-005
1.580363636363636e+000 -1.534378918956252e-004
1.580545454545455e+000 -1.170253849944834e-005
1.580727272727273e+000 -1.476980278867366e-004
1.580909090909091e+000 -1.498004273359781e-005
1.581090909090909e+000 -1.391018652922775e-004
1.581272727272727e+000 -2.167746624469426e-005
1.581454545454545e+000 -1.266935303307633e-004
1.581636363636364e+000 -3.287061772715722e-005
1.581818181818182e+000 -1.093973533986897e-004
1.582000000000000e+000 -4.945547862193906e-005
1.582181818181818e+000 -8.669064560960027e-005
1.582363636363636e+000 -7.133164639286541e-005
1.582545454545455e+000 -5.954612775580967e-005
1.582727272727273e+000 -9.638448160926366e-005
1.582909090909091e+000 -3.143153929314012e-005
1.583090909090909e+000 -1.196489711583569e-004
1.583272727272727e+000 -8.784434700151578e-006
1.583454545454545e+000 -1.334387095698085e-004
1.583636363636364e+000 -1.851569492359691e-008
1.583818181818182e+000 -1.294392356693645e-004
1.584000000000000e+000 -1.218834860528160e-005
1.584181818181818e+000 -1.032484168716483e-004
1.584363636363636e+000 -4.554789445005996e-005
1.584545454545455e+000 -6.006825465055649e-005
1.584727272727273e+000 -8.862961437496676e-005
1.584909090909091e+000 -1.752046493361464e-005
1.585090909090909e+000 -1.190023270428442e-004
1.585272727272727e+000 -4.352132589031802e-008
1.585454545454545e+000 -1.143553763389668e-004
1.585636363636364e+000 -2.283196167673090e-005
1.585818181818182e+000 -7.147896087074020e-005
1.586000000000000e+000 -7.366462884708351e-005
1.586181818181818e+000 -1.857583084030482e-005
1.586363636363636e+000 -1.118180351669427e-004
1.586545454545455e+000 -1.061375372157528e-006
1.586727272727273e+000 -9.837989952985788e-005
1.586909090909091e+000 -3.924873814165749e-005
1.587090909090909e+000 -4.091731924946520e-005
1.587272727272727e+000 -9.520785555973632e-005
1.587454545454546e+000 -5.469688709830005e-007
1.587636363636364e+000 -1.014958256661732e-004
1.587818181818182e+000 -2.828235529081761e-005
1.588000000000000e+000 -4.469741912535406e-005
1.588181818181818e+000 -8.944755220489225e-005
1.588363636363636e+000 -2.767178925393525e-007
1.588545454545455e+000 -9.388806536210874e-005
1.588727272727273e+000 -3.576718991969023e-005
1.588909090909091e+000 -3.000101413589178e-005
1.589090909090909e+000 -9.478087993469081e-005
1.589272727272727e+000 -2.330248726399855e-006
1.589454545454546e+000 -7.239966771406921e-005
1.589636363636364e+000 -6.093960613894425e-005
1.589818181818182e+000 -6.349309903217804e-006
1.590000000000000e+000 -9.303884148986118e-005
1.590181818181818e+000 -2.547231191459351e-005
1.590363636363636e+000 -3.042739697666853e-005
1.590545454545455e+000 -8.919963415707307e-005
1.590727272727273e+000 -5.355629301262327e-006
1.590909090909091e+000 -5.469041359747246e-005
1.591090909090909e+000 -7.331581141626184e-005
1.591272727272727e+000 -6.021753958832628e-009
1.591454545454546e+000 -7.036874035591380e-005
1.591636363636364e+000 -5.671301947633904e-005
1.591818181818182e+000 -2.229663140386937e-006
1.592000000000000e+000 -7.749453870011941e-005
1.592181818181818e+000 -4.481604083359488e-005
1.592363636363636e+000 -5.728908439831893e-006
1.592545454545455e+000 -7.909712115231387e-005
1.592727272727273e+000 -3.887854735732107e-005
1.592909090909091e+000 -7.144722468323064e-006
1.593090909090909e+000 -7.759972651912557e-005
1.593272727272727e+000 -3.863229106637926e-005
1.593454545454546e+000 -5.620446518583792e-006
1.593636363636364e+000 -7.359831351741304e-005
1.593818181818182e+000 -4.365210536794828e-005
1.594000000000000e+000 -2.237049264319699e-006
1.594181818181818e+000 -6.591713920072744e-005
1.594363636363636e+000 -5.319453801928530e-005
1.594545454545455e+000 -2.111171746723052e-009
1.594727272727273e+000 -5.255249998341847e-005
1.594909090909091e+000 -6.481437919168769e-005
1.595090909090909e+000 -3.740683994947236e-006
1.595272727272727e+000 -3.292808181902881e-005
1.595454545454546e+000 -7.265815994906024e-005
1.595636363636364e+000 -1.819788770560339e-005
1.595818181818182e+000 -1.150345877381536e-005
1.596000000000000e+000 -6.788532926916989e-005
1.596181818181818e+000 -4.277905936811139e-005
1.596363636363636e+000 -4.168381724266990e-008
1.596545454545455e+000 -4.491677932959140e-005
1.596727272727273e+000 -6.516655266063986e-005
1.596909090909091e+000 -1.188314992546543e-005
1.597090909090909e+000 -1.316443126793718e-005
1.597272727272727e+000 -6.403731575865106e-005
1.597454545454546e+000 -4.438284263436159e-005
1.597636363636364e+000 -5.005855030676287e-007
1.597818181818182e+000 -3.190423545491365e-005
1.598000000000000e+000 -6.581016002992175e-005
1.598181818181818e+000 -2.671086294577704e-005
1.598363636363636e+000 -1.213578505870873e-006
1.598545454545455e+000 -4.325445399937002e-005
1.598727272727273e+000 -6.131422674459237e-005
1.598909090909091e+000 -1.777174666232718e-005
1.599090909090909e+000 -3.662996419680885e-006
1.599272727272727e+000 -4.637037361179071e-005
1.599454545454546e+000 -5.821741682181077e-005
1.599636363636364e+000 -1.624614907581782e-005
1.599818181818182e+000 -3.251447178236039e-006
1.600000000000000e+000 -4.284964753077310e-005
1.600181818181818e+000 -5.831099800383753e-005
1.600363636363636e+000 -2.123011845468239e-005
1.600545454545455e+000 -6.484267839779287e-007
1.600727272727273e+000 -3.271479703009046e-005
1.600909090909091e+000 -5.860351418814022e-005
1.601090909090909e+000 -3.304332171229544e-005
1.601272727272727e+000 -1.129047421650248e-006
1.601454545454546e+000 -1.648143419485981e-005
1.601636363636364e+000 -5.178102111937746e-005
1.601818181818182e+000 -4.859464425124982e-005
1.602000000000000e+000 -1.300040879481358e-005
1.602181818181818e+000 -1.688817572054911e-006
1.602363636363636e+000 -3.095750531453273e-005
1.602545454545455e+000 -5.478747927291501e-005
1.602727272727273e+000 -3.768893584161878e-005
1.602909090909091e+000 -5.779742805379711e-006
1.603090909090909e+000 -4.949864749294865e-006
1.603272727272727e+000 -3.495682471328767e-005
1.603454545454546e+000 -5.315961369810178e-005
1.603636363636364e+000 -3.524456643963318e-005
1.603818181818182e+000 -5.995271782007640e-006
1.604000000000000e+000 -3.420422590775833e-006
1.604181818181818e+000 -2.950844009938521e-005
1.604363636363636e+000 -5.059523667976337e-005
1.604545454545455e+000 -4.112040898579923e-005
1.604727272727273e+000 -1.335754094628481e-005
1.604909090909091e+000 -4.196218965512059e-008
1.605090909090909e+000 -1.546417329582476e-005
1.605272727272727e+000 -4.115208322367670e-005
1.605454545454546e+000 -4.871509844175519e-005
1.605636363636364e+000 -3.078654653678636e-005
1.605818181818182e+000 -6.795280401456430e-006
1.606000000000000e+000 -9.665359548825551e-007
1.606181818181818e+000 -1.803673458087533e-005
1.606363636363636e+000 -4.049401989479076e-005
1.606545454545455e+000 -4.703405255211504e-005
1.606727272727273e+000 -3.233805074611739e-005
1.606909090909091e+000 -1.026247280410974e-005
1.607090909090909e+000 -1.554395104141813e-009
1.607272727272727e+000 -9.423333591374447e-006
1.607454545454546e+000 -2.977111487904898e-005
1.607636363636364e+000 -4.431435182497150e-005
1.607818181818182e+000 -4.209173301564040e-005
1.608000000000000e+000 -2.552571067882893e-005
1.608181818181818e+000 -7.233288026613961e-006
1.608363636363636e+000 -1.346056785572637e-008
1.608545454545455e+000 -8.063986983862779e-006
1.608727272727273e+000 -2.515735015041654e-005
1.608909090909091e+000 -3.982715540581626e-005
1.609090909090909e+000 -4.310598513656801e-005
1.609272727272727e+000 -3.362837570107777e-005
1.609454545454546e+000 -1.751740307789199e-005
1.609636363636364e+000 -4.032702873197975e-006
1.609818181818182e+000 -1.559958505791861e-007
1.610000000000000e+000 -7.219923083841950e-006
1.610181818181818e+000 -2.095796153101627e-005
1.610363636363636e+000 -3.431159323585931e-005
1.610545454545455e+000 -4.111059757309676e-005
1.610727272727273e+000 -3.873713111969962e-005
1.610909090909091e+000 -2.877226149076466e-005
1.611090909090909e+000 -1.574714820427116e-005
1.611272727272727e+000 -4.906541301226914e-006
1.611454545454546e+000 -8.970041784352416e-008
1.611636363636364e+000 -2.525487756207418e-006
1.611818181818182e+000 -1.079523508247494e-005
1.612000000000000e+000 -2.172233218998266e-005
1.612181818181818e+000 -3.167664115186264e-005
1.612363636363636e+000 -3.776851089329733e-005
1.612545454545455e+000 -3.857839470416040e-005
1.612727272727273e+000 -3.430813558926835e-005
1.612909090909091e+000 -2.644725446958578e-005
1.613090909090909e+000 -1.716536992908370e-005
1.613272727272727e+000 -8.661843032532635e-006
1.613454545454546e+000 -2.651331155748925e-006
1.613636363636364e+000 -7.799475267500762e-008
1.613818181818182e+000 -1.066911214912320e-006
1.614000000000000e+000 -5.061181098727211e-006
1.614181818181818e+000 -1.106497888823383e-005
1.614363636363636e+000 -1.791275765756674e-005
1.614545454545455e+000 -2.450327383783563e-005
1.614727272727273e+000 -2.996321005883812e-005
1.614909090909091e+000 -3.373022165129055e-005
1.615090909090909e+000 -3.556399613744466e-005
1.615272727272727e+000 -3.550458234496781e-005
1.615454545454546e+000 -3.380051294534558e-005
1.615636363636364e+000 -3.082714301445988e-005
1.615818181818182e+000 -2.701054762716373e-005
1.616000000000000e+000 -2.276633229452898e-005
1.616181818181818e+000 -1.845725906440368e-005
1.616363636363636e+000 -1.436945037700787e-005
1.616545454545455e+000 -1.070432432431762e-005
1.616727272727273e+000 -7.582196333483606e-006
1.616909090909091e+000 -5.053316727621431e-006
1.617090909090909e+000 -3.112621749492023e-006
1.617272727272727e+000 -1.715321070779004e-006
1.617454545454546e+000 -7.913629551666841e-007
1.617636363636364e+000 -2.576556243533809e-007
1.617818181818182e+000 -2.758688043908975e-008
1.618000000000000e+000 -1.785642232288866e-008
1.618181818181818e+000 -1.529270311536379e-007
1.618363636363636e+000 -3.675486608305062e-007
1.618545454545455e+000 -6.078488773596739e-007
1.618727272727273e+000 -8.314572912734375e-007
1.618909090909091e+000 -1.007064721266587e-006
1.619090909090909e+000 -1.113735808824810e-006
1.619272727272727e+000 -1.140208863588411e-006
1.619454545454545e+000 -1.084336814235894e-006
1.619636363636364e+000 -9.527506366018016e-007
1.619818181818182e+000 -7.607609187112068e-007
1.620000000000000e+000 -5.324509654575786e-007
1.620181818181818e+000 -3.008560762141162e-007
1.620363636363636e+000 -1.080614856472562e-007
1.620545454545455e+000 -4.993745198066835e-009
1.620727272727273e+000 -5.062064691638129e-008
1.620909090909091e+000 -3.102321455594233e-007
1.621090909090909e+000 -8.524506792177146e-007
1.621272727272727e+000 -1.744642006817344e-006
1.621454545454546e+000 -3.046483035216937e-006
1.621636363636364e+000 -4.801619168492943e-006
1.621818181818182e+000 -7.027633480064698e-006
1.622000000000000e+000 -9.704962932450210e-006
1.622181818181818e+000 -1.276592450152206e-005
1.622363636363636e+000 -1.608561772821517e-005
1.622545454545455e+000 -1.947704974614630e-005
1.622727272727273e+000 -2.269325297507768e-005
1.622909090909091e+000 -2.543922234485444e-005
1.623090909090909e+000 -2.739596650725009e-005
1.623272727272727e+000 -2.825761751790975e-005
1.623454545454545e+000 -2.778023976955609e-005
1.623636363636364e+000 -2.583777188562763e-005
1.623818181818182e+000 -2.247675602532014e-005
1.624000000000000e+000 -1.795788876234516e-005
1.624181818181818e+000 -1.277006846316039e-005
1.624363636363636e+000 -7.602918934271345e-006
1.624545454545455e+000 -3.268100082198441e-006
1.624727272727273e+000 -5.689289115851786e-007
1.624909090909091e+000 -1.316221447014569e-007
1.625090909090909e+000 -2.227776254329729e-006
1.625272727272727e+000 -6.632388407237934e-006
1.625454545454545e+000 -1.256895536111707e-005
1.625636363636364e+000 -1.878669574887687e-005
1.625818181818182e+000 -2.379032209790349e-005
1.626000000000000e+000 -2.620043341536756e-005
1.626181818181818e+000 -2.517024169268188e-005
1.626363636363636e+000 -2.073786622020731e-005
1.626545454545455e+000 -1.397423623519662e-005
1.626727272727273e+000 -6.814931988205241e-006
1.626909090909091e+000 -1.548888574566782e-006
1.627090909090909e+000 -6.499398560544736e-008
1.627272727272727e+000 -3.089877397815631e-006
1.627454545454545e+000 -9.726985773592310e-006
1.627636363636364e+000 -1.756923622322035e-005
1.627818181818182e+000 -2.347806660609369e-005
1.628000000000000e+000 -2.483593412698660e-005
1.628181818181818e+000 -2.079488838137245e-005
1.628363636363636e+000 -1.291293971342096e-005
1.628545454545455e+000 -4.720511319425699e-006
1.628727272727273e+000 -2.073469774045575e-007
1.628909090909091e+000 -1.810671332985801e-006
1.629090909090909e+000 -8.915350292798146e-006
1.629272727272727e+000 -1.782888620202419e-005
1.629454545454545e+000 -2.354079787554088e-005
1.629636363636364e+000 -2.254409068818789e-005
1.629818181818182e+000 -1.515149637243315e-005
1.630000000000000e+000 -5.714873107102769e-006
1.630181818181818e+000 -2.186897351371247e-007
1.630363636363636e+000 -2.427797661763017e-006
1.630545454545455e+000 -1.105386716960510e-005
1.630727272727273e+000 -2.017065940453117e-005
1.630909090909091e+000 -2.311237089712276e-005
1.631090909090909e+000 -1.743716044400750e-005
1.631272727272727e+000 -7.217294243723762e-006
1.631454545454545e+000 -3.831341781407567e-007
1.631636363636364e+000 -2.564572846940600e-006
1.631818181818182e+000 -1.214908445308064e-005
1.632000000000000e+000 -2.105588974918726e-005
1.632181818181818e+000 -2.136058578525932e-005
1.632363636363636e+000 -1.251553328680409e-005
1.632545454545455e+000 -2.453078518583749e-006
1.632727272727273e+000 -6.730550593353078e-007
1.632909090909091e+000 -9.064677765079784e-006
1.633090909090909e+000 -1.943830746250072e-005
1.633272727272727e+000 -2.118249974054451e-005
1.633454545454546e+000 -1.222870894715319e-005
1.633636363636364e+000 -1.879281943142682e-006
1.633818181818182e+000 -1.384543053970790e-006
1.634000000000000e+000 -1.144834916546995e-005
1.634181818181818e+000 -2.071585130741690e-005
1.634363636363636e+000 -1.828637274244757e-005
1.634545454545455e+000 -6.783682705219025e-006
1.634727272727273e+000 -2.865646127747175e-009
1.634909090909091e+000 -6.405321867761939e-006
1.635090909090909e+000 -1.803632260304141e-005
1.635272727272727e+000 -1.986897175515053e-005
1.635454545454545e+000 -9.265541092971448e-006
1.635636363636364e+000 -2.390170962280941e-007
1.635818181818182e+000 -5.132696254833743e-006
1.636000000000000e+000 -1.725349906903316e-005
1.636181818181818e+000 -1.939139116123529e-005
1.636363636363636e+000 -8.246302603554954e-006
1.636545454545455e+000 -2.131522002183729e-008
1.636727272727273e+000 -7.042361383198728e-006
1.636909090909091e+000 -1.870686786165993e-005
1.637090909090909e+000 -1.687292268024871e-005
1.637272727272727e+000 -4.215938041264381e-006
1.637454545454546e+000 -8.932144251521718e-007
1.637636363636364e+000 -1.236787921380600e-005
1.637818181818182e+000 -1.966936813436394e-005
1.638000000000000e+000 -1.036607046010000e-005
1.638181818181818e+000 -1.760897626346652e-007
1.638363636363636e+000 -6.761196135130252e-006
1.638545454545455e+000 -1.855744522643767e-005
1.638727272727273e+000 -1.436754396280211e-005
1.638909090909091e+000 -1.622354840240602e-006
1.639090909090909e+000 -3.741072320309234e-006
1.639272727272727e+000 -1.678542281559215e-005
1.639454545454545e+000 -1.594443547118294e-005
1.639636363636364e+000 -2.674865371295808e-006
1.639818181818182e+000 -2.779675482104463e-006
1.640000000000000e+000 -1.605299884523528e-005
1.640181818181818e+000 -1.581391821065881e-005
1.640363636363636e+000 -2.403520037456253e-006
1.640545454545455e+000 -3.354191755325189e-006
1.640727272727273e+000 -1.666376702249457e-005
1.640909090909091e+000 -1.412569824543580e-005
1.641090909090909e+000 -1.043655554616671e-006
1.641272727272727e+000 -5.698531278010380e-006
1.641454545454546e+000 -1.783562151218836e-005
1.641636363636364e+000 -1.040292727080965e-005
1.641818181818182e+000 -6.563405603350940e-010
1.642000000000000e+000 -1.022673453029757e-005
1.642181818181818e+000 -1.747890366748800e-005
1.642363636363636e+000 -4.775233289853383e-006
1.642545454545455e+000 -1.943176196353393e-006
1.642727272727273e+000 -1.565253926685072e-005
1.642909090909091e+000 -1.280828515092719e-005
1.643090909090909e+000 -2.502870521370927e-007
1.643272727272727e+000 -8.793632444729490e-006
1.643454545454545e+000 -1.709971743841814e-005
1.643636363636364e+000 -4.219884600095413e-006
1.643818181818182e+000 -2.778404965389367e-006
1.644000000000000e+000 -1.636501252658134e-005
1.644181818181818e+000 -9.697015865527715e-006
1.644363636363636e+000 -1.616042134654059e-007
1.644545454545455e+000 -1.284065831022593e-005
1.644727272727273e+000 -1.380798469351623e-005
1.644909090909091e+000 -4.134919472826279e-007
1.645090909090909e+000 -8.964089636377337e-006
1.645272727272727e+000 -1.587513126651665e-005
1.645454545454545e+000 -1.974886616008526e-006
1.645636363636364e+000 -6.003392347569158e-006
1.645818181818182e+000 -1.646097523648093e-005
1.646000000000000e+000 -3.581987506403269e-006
1.646181818181818e+000 -4.219299037709260e-006
1.646363636363636e+000 -1.636669064495481e-005
1.646545454545455e+000 -4.570247561233330e-006
1.646727272727273e+000 -3.443793826965203e-006
1.646909090909091e+000 -1.614803123975215e-005
1.647090909090909e+000 -4.704020348134431e-006
1.647272727272727e+000 -3.503336453375686e-006
1.647454545454545e+000 -1.599925392741794e-005
1.647636363636364e+000 -3.977069395218654e-006
1.647818181818182e+000 -4.391535915644254e-006
1.648000000000000e+000 -1.576054427970879e-005
1.648181818181818e+000 -2.563458256828006e-006
1.648363636363636e+000 -6.236665636082875e-006
1.648545454545455e+000 -1.494847504794551e-005
1.648727272727273e+000 -9.312594718709569e-007
1.648909090909091e+000 -9.074664730517277e-006
1.649090909090909e+000 -1.288250030541904e-005
1.649272727272727e+000 -5.319509481567332e-009
1.649454545454545e+000 -1.242918424712603e-005
1.649636363636364e+000 -9.099953096690868e-006
1.649818181818182e+000 -1.083997773489746e-006
1.650000000000000e+000 -1.488827238078675e-005
