1.600000000000000e+000 -5.836354479336747e+001
1.600272727272727e+000 -6.383974609592080e+001
1.600545454545455e+000 -5.922923167670508e+001
1.600818181818182e+000 -6.108747024559639e+001
1.601090909090909e+000 -6.122654116547080e+001
1.601363636363637e+000 -5.888546205015945e+001
1.601636363636364e+000 -6.612583973824276e+001
1.601909090909091e+000 -5.760388899407059e+001
1.602181818181818e+000 -8.866982877708416e+001
1.602454545454546e+000 -5.771833675632831e+001
1.602727272727273e+000 -6.367736871738299e+001
1.603000000000000e+000 -6.032156042658672e+001
1.603272727272727e+000 -5.855696879807896e+001
1.603545454545455e+000 -7.125731641213650e+001
1.603818181818182e+000 -5.741463017838778e+001
1.604090909090909e+000 -6.434230034670367e+001
1.604363636363636e+000 -6.067778036325293e+001
1.604636363636364e+000 -5.790739079752029e+001
1.604909090909091e+000 -8.760793853982956e+001
1.605181818181818e+000 -5.817576208745275e+001
1.605454545454546e+000 -5.950742078156741e+001
1.605727272727273e+000 -6.991222046547468e+001
1.606000000000000e+000 -5.747894449953618e+001
1.606272727272727e+000 -6.075436980683755e+001
1.606545454545455e+000 -6.690207342550113e+001
1.606818181818182e+000 -5.735143836333265e+001
1.607090909090909e+000 -6.059046619505327e+001
1.607363636363637e+000 -6.877030417095250e+001
1.607636363636364e+000 -5.758607641720289e+001
1.607909090909091e+000 -5.911861611096375e+001
1.608181818181818e+000 -8.706218310515398e+001
1.608454545454546e+000 -5.880234942128612e+001
1.608727272727273e+000 -5.749656233778780e+001
1.609000000000000e+000 -6.594431717045474e+001
1.609272727272727e+000 -6.329167484292459e+001
1.609545454545455e+000 -5.721396040826696e+001
1.609818181818182e+000 -5.891656060338669e+001
1.610090909090909e+000 -7.607328192660970e+001
1.610363636363636e+000 -6.088940223467894e+001
1.610636363636364e+000 -5.700993074764401e+001
1.610909090909091e+000 -5.909502671934170e+001
1.611181818181818e+000 -7.351303751909910e+001
1.611454545454546e+000 -6.213247176983968e+001
1.611727272727273e+000 -5.724877023388991e+001
1.612000000000000e+000 -5.766784714367386e+001
1.612272727272727e+000 -6.359567481276700e+001
1.612545454545455e+000 -7.193224459013025e+001
1.612818181818182e+000 -5.959912143608062e+001
1.613090909090909e+000 -5.690967928118415e+001
1.613363636363637e+000 -5.780232144970439e+001
1.613636363636364e+000 -6.288739242012721e+001
1.613909090909091e+000 -8.343850344923773e+001
1.614181818181818e+000 -6.181022295404496e+001
1.614454545454546e+000 -5.765311074927814e+001
1.614727272727273e+000 -5.675320655334511e+001
1.615000000000000e+000 -5.813769948716686e+001
1.615272727272727e+000 -6.247807050524202e+001
1.615545454545455e+000 -7.821828239991892e+001
1.615818181818182e+000 -6.586866842713556e+001
1.616090909090909e+000 -5.976422960981542e+001
1.616363636363636e+000 -5.733469249224007e+001
1.616636363636364e+000 -5.662397998463201e+001
1.616909090909091e+000 -5.716471586684119e+001
1.617181818181818e+000 -5.893311555329262e+001
1.617454545454546e+000 -6.235772712766858e+001
1.617727272727273e+000 -6.945481157776666e+001
1.618000000000000e+000 -8.035843991869146e+001
1.618272727272727e+000 -6.607844796683474e+001
1.618545454545455e+000 -6.152162477408668e+001
1.618818181818182e+000 -5.909306621993100e+001
1.619090909090909e+000 -5.768380272775348e+001
1.619363636363636e+000 -5.689136032957462e+001
1.619636363636364e+000 -5.651504367373705e+001
1.619909090909091e+000 -5.643382363171678e+001
1.620181818181818e+000 -5.656380276970916e+001
1.620454545454546e+000 -5.683991045161123e+001
1.620727272727273e+000 -5.720692647361218e+001
1.621000000000000e+000 -5.761491592777646e+001
1.621272727272727e+000 -5.801731894075589e+001
1.621545454545455e+000 -5.837107093583608e+001
1.621818181818182e+000 -5.863842842649493e+001
1.622090909090909e+000 -5.878999670539480e+001
1.622363636363637e+000 -5.880804573119969e+001
1.622636363636364e+000 -5.868892068092991e+001
1.622909090909091e+000 -5.844356717305444e+001
1.623181818181818e+000 -5.809594369630479e+001
1.623454545454546e+000 -5.767998317249680e+001
1.623727272727273e+000 -5.723626630742688e+001
1.624000000000000e+000 -5.680949613483306e+001
1.624272727272727e+000 -5.644746221982691e+001
1.624545454545455e+000 -5.620184832668087e+001
1.624818181818182e+000 -5.613126034725395e+001
1.625090909090909e+000 -5.630746917892299e+001
1.625363636363636e+000 -5.682766411361496e+001
1.625636363636364e+000 -5.784070275115544e+001
1.625909090909091e+000 -5.961344526463828e+001
1.626181818181818e+000 -6.274902312122959e+001
1.626454545454546e+000 -6.939121139728880e+001
1.626727272727273e+000 -7.969397200121510e+001
1.627000000000000e+000 -6.493675901887698e+001
1.627272727272727e+000 -5.997583708270425e+001
1.627545454545455e+000 -5.735671808349954e+001
1.627818181818182e+000 -5.611044432209847e+001
1.628090909090909e+000 -5.604268125066984e+001
1.628363636363637e+000 -5.732943674949507e+001
1.628636363636364e+000 -6.076539760626313e+001
1.628909090909091e+000 -7.068609774872685e+001
1.629181818181818e+000 -6.767427262999421e+001
1.629454545454546e+000 -5.946118447721150e+001
1.629727272727273e+000 -5.643743853419791e+001
1.630000000000000e+000 -5.585534571421563e+001
1.630272727272727e+000 -5.763956386590117e+001
1.630545454545455e+000 -6.377443248208762e+001
1.630818181818182e+000 -7.289125147551903e+001
1.631090909090909e+000 -5.949179237305039e+001
1.631363636363636e+000 -5.605581205864126e+001
1.631636363636364e+000 -5.613285176033566e+001
1.631909090909091e+000 -6.021368174934167e+001
1.632181818181818e+000 -1.000000000000000e+002
1.632454545454546e+000 -5.992834866010837e+001
1.632727272727273e+000 -5.587383774548463e+001
1.633000000000000e+000 -5.648705799335980e+001
1.633272727272727e+000 -6.339353939054935e+001
1.633545454545455e+000 -6.599438424180626e+001
1.633818181818182e+000 -5.678939205477364e+001
1.634090909090909e+000 -5.576625954319395e+001
1.634363636363637e+000 -6.102802751858480e+001
1.634636363636364e+000 -6.808544277536069e+001
1.634909090909091e+000 -5.670886289544648e+001
1.635181818181818e+000 -5.586599376712506e+001
1.635454545454546e+000 -6.329847122240494e+001
1.635727272727273e+000 -6.266751579544502e+001
1.636000000000000e+000 -5.564545217463206e+001
1.636272727272727e+000 -5.742001983275338e+001
1.636545454545455e+000 -9.956662182061378e+001
1.636818181818182e+000 -5.718787909820470e+001
1.637090909090909e+000 -5.577716128504736e+001
1.637363636363636e+000 -6.650425342080956e+001
1.637636363636364e+000 -5.901526702342753e+001
1.637909090909091e+000 -5.534951310992542e+001
1.638181818181818e+000 -6.329788789396705e+001
1.638454545454546e+000 -5.978630358388644e+001
1.638727272727273e+000 -5.526620242846747e+001
1.639000000000000e+000 -6.385265160967775e+001
1.639272727272727e+000 -5.884200850891877e+001
1.639545454545455e+000 -5.542729253691578e+001
1.639818181818182e+000 -6.952654943258050e+001
1.640090909090909e+000 -5.688930954466100e+001
1.640363636363637e+000 -5.643695414616891e+001
1.640636363636364e+000 -7.154919193114273e+001
1.640909090909091e+000 -5.527126986151899e+001
1.641181818181818e+000 -6.023440207718606e+001
1.641454545454546e+000 -5.938455791383252e+001
1.641727272727273e+000 -5.546392692427056e+001
1.642000000000000e+000 -8.853498732984551e+001
1.642272727272727e+000 -5.526732228714971e+001
1.642545454545455e+000 -6.074340641250338e+001
1.642818181818182e+000 -5.797679596734493e+001
1.643090909090909e+000 -5.624501008538437e+001
1.643363636363636e+000 -6.480738548479572e+001
1.643636363636364e+000 -5.492083347371825e+001
1.643909090909091e+000 -7.904502997793622e+001
1.644181818181818e+000 -5.504477211803400e+001
1.644454545454546e+000 -6.344075329171444e+001
1.644727272727273e+000 -5.596376141774120e+001
1.645000000000000e+000 -5.939201049710916e+001
1.645272727272727e+000 -5.724978737812665e+001
1.645545454545455e+000 -5.755303689569092e+001
1.645818181818182e+000 -5.850059048929161e+001
1.646090909090909e+000 -5.668795494338247e+001
1.646363636363637e+000 -5.930463267601218e+001
1.646636363636364e+000 -5.638212140017907e+001
1.646909090909091e+000 -5.935093138534920e+001
1.647181818181818e+000 -5.651229251347066e+001
1.647454545454546e+000 -5.860564730366960e+001
1.647727272727273e+000 -5.715656710630287e+001
1.648000000000000e+000 -5.733548656590075e+001
1.648272727272727e+000 -5.864768583161516e+001
1.648545454545455e+000 -5.594385669227494e+001
1.648818181818182e+000 -6.193142298669316e+001
1.649090909090909e+000 -5.483423465886688e+001
1.649363636363636e+000 -7.177327403974428e+001
1.649636363636364e+000 -5.441512756859950e+001
1.649909090909091e+000 -6.710460789053089e+001
1.650181818181818e+000 -5.525131350499199e+001
1.650454545454546e+000 -5.847009834060950e+001
1.650727272727273e+000 -5.862923011300437e+001
1.651000000000000e+000 -5.499378034834246e+001
1.651272727272727e+000 -7.309506430714228e+001
1.651545454545455e+000 -5.440355097648737e+001
1.651818181818182e+000 -6.073169455176628e+001
1.652090909090909e+000 -5.756796046043299e+001
1.652363636363637e+000 -5.491548669881001e+001
1.652636363636364e+000 -8.269787597762881e+001
1.652909090909091e+000 -5.467591936350716e+001
1.653181818181818e+000 -5.754878571169465e+001
1.653454545454546e+000 -6.199143920854778e+001
1.653727272727273e+000 -5.409068095093425e+001
1.654000000000000e+000 -6.104214263246865e+001
1.654272727272727e+000 -5.851418352664503e+001
1.654545454545455e+000 -5.413393107861233e+001
1.654818181818182e+000 -6.352071538466959e+001
1.655090909090909e+000 -5.766011646764285e+001
1.655363636363636e+000 -5.410127050979416e+001
1.655636363636364e+000 -6.278572197658070e+001
1.655909090909091e+000 -5.845691381211708e+001
1.656181818181818e+000 -5.390381138679059e+001
1.656454545454546e+000 -5.950602738776716e+001
1.656727272727273e+000 -6.197283083590349e+001
1.657000000000000e+000 -5.406008066689638e+001
1.657272727272727e+000 -5.604848953952803e+001
1.657545454545455e+000 -8.762264255644908e+001
1.657818181818182e+000 -5.583760376330502e+001
1.658090909090909e+000 -5.391910445304644e+001
1.658363636363637e+000 -5.987806810608311e+001
1.658636363636364e+000 -6.370396758475602e+001
1.658909090909091e+000 -5.450123072703197e+001
1.659181818181818e+000 -5.425734801960441e+001
1.659454545454546e+000 -6.151503863948867e+001
1.659727272727273e+000 -6.281700465395029e+001
1.660000000000000e+000 -5.455625408939432e+001
1.660272727272727e+000 -5.387178320661609e+001
1.660545454545455e+000 -5.870177347451492e+001
1.660818181818182e+000 -7.215046279356156e+001
1.661090909090909e+000 -5.635604363579290e+001
1.661363636363636e+000 -5.350634402553116e+001
1.661636363636364e+000 -5.482259571823771e+001
1.661909090909091e+000 -6.188366649115111e+001
1.662181818181818e+000 -6.620164755141813e+001
1.662454545454545e+000 -5.599348025124323e+001
1.662727272727273e+000 -5.344899394988470e+001
1.663000000000000e+000 -5.408321092396844e+001
1.663272727272727e+000 -5.817297372766654e+001
1.663545454545455e+000 -7.603768343851024e+001
1.663818181818182e+000 -6.057510857005025e+001
1.664090909090909e+000 -5.504631842080975e+001
1.664363636363637e+000 -5.328833061971221e+001
1.664636363636364e+000 -5.365068317686383e+001
1.664909090909091e+000 -5.610030342937400e+001
1.665181818181818e+000 -6.222999681463855e+001
1.665454545454546e+000 -7.762353199117793e+001
1.665727272727273e+000 -6.012197818654412e+001
1.666000000000000e+000 -5.557634744820058e+001
1.666272727272727e+000 -5.359937316134803e+001
1.666545454545455e+000 -5.300830899802408e+001
1.666818181818182e+000 -5.346280939955556e+001
1.667090909090909e+000 -5.492346440701832e+001
1.667363636363636e+000 -5.763279877832339e+001
1.667636363636364e+000 -6.254348826330650e+001
1.667909090909091e+000 -7.632305221080068e+001
1.668181818181818e+000 -6.757120951099078e+001
1.668454545454545e+000 -6.061467685256736e+001
1.668727272727273e+000 -5.728926384563754e+001
1.669000000000000e+000 -5.532575332050862e+001
1.669272727272727e+000 -5.410310449329984e+001
1.669545454545455e+000 -5.335047834255900e+001
1.669818181818182e+000 -5.291888580227713e+001
1.670090909090909e+000 -5.271296110805179e+001
1.670363636363637e+000 -5.266452932484857e+001
1.670636363636364e+000 -5.272069000446216e+001
1.670909090909091e+000 -5.283803952140747e+001
1.671181818181818e+000 -5.297995205062756e+001
1.671454545454546e+000 -5.311561001120514e+001
1.671727272727273e+000 -5.322010577458150e+001
1.672000000000000e+000 -5.327513874614271e+001
1.672272727272727e+000 -5.326988162994280e+001
1.672545454545455e+000 -5.320163288592659e+001
1.672818181818182e+000 -5.307598791408913e+001
1.673090909090909e+000 -5.290645728308154e+001
1.673363636363636e+000 -5.271368046429524e+001
1.673636363636364e+000 -5.252455282695300e+001
1.673909090909091e+000 -5.237166600585946e+001
1.674181818181818e+000 -5.229349093506183e+001
1.674454545454545e+000 -5.233580871783178e+001
1.674727272727273e+000 -5.255518918661977e+001
1.675000000000000e+000 -5.302618459244749e+001
1.675272727272727e+000 -5.385634868868081e+001
1.675545454545455e+000 -5.522081292245952e+001
1.675818181818182e+000 -5.745746639480804e+001
1.676090909090909e+000 -6.142493896312313e+001
1.676363636363637e+000 -7.131900763083212e+001
1.676636363636364e+000 -6.875853505674304e+001
1.676909090909091e+000 -5.983786830687141e+001
1.677181818181818e+000 -5.574023568636169e+001
1.677454545454546e+000 -5.340112295647411e+001
1.677727272727273e+000 -5.218844846372401e+001
1.678000000000000e+000 -5.195583472203650e+001
1.678272727272727e+000 -5.280791071193036e+001
1.678545454545455e+000 -5.520210948265461e+001
1.678818181818182e+000 -6.083606450984221e+001
1.679090909090909e+000 -7.983614651832322e+001
1.679363636363636e+000 -5.886260487939779e+001
1.679636363636364e+000 -5.391857540408804e+001
1.679909090909091e+000 -5.194338980517280e+001
1.680181818181818e+000 -5.193802195266979e+001
1.680454545454545e+000 -5.415178424919522e+001
1.680727272727273e+000 -6.093350639206876e+001
1.681000000000000e+000 -6.726342058385761e+001
1.681272727272727e+000 -5.542371958340440e+001
1.681545454545455e+000 -5.201467269356324e+001
1.681818181818182e+000 -5.176165074841968e+001
1.682090909090909e+000 -5.478014265847196e+001
1.682363636363637e+000 -6.752950499231173e+001
1.682636363636364e+000 -5.858330099349272e+001
1.682909090909091e+000 -5.247818488383332e+001
1.683181818181818e+000 -5.147355072797951e+001
1.683454545454546e+000 -5.462119624261752e+001
1.683727272727273e+000 -7.340253491714761e+001
1.684000000000000e+000 -5.607177327365489e+001
1.684272727272727e+000 -5.152015953624505e+001
1.684545454545455e+000 -5.224134098625397e+001
1.684818181818182e+000 -6.037866099970117e+001
1.685090909090909e+000 -5.930859104838272e+001
1.685363636363636e+000 -5.182837376879281e+001
1.685636363636364e+000 -5.178384431727502e+001
1.685909090909091e+000 -5.981536411801171e+001
1.686181818181818e+000 -5.832693792148823e+001
1.686454545454545e+000 -5.136953336157922e+001
1.686727272727273e+000 -5.244150390542104e+001
1.687000000000000e+000 -6.821822191172693e+001
1.687272727272727e+000 -5.426737282354189e+001
1.687545454545455e+000 -5.090673866276718e+001
1.687818181818182e+000 -5.610629902975798e+001
1.688090909090909e+000 -6.000164089514311e+001
1.688363636363636e+000 -5.110171835379106e+001
1.688636363636364e+000 -5.305787909157223e+001
1.688909090909091e+000 -7.024809159986084e+001
1.689181818181818e+000 -5.168340887712913e+001
1.689454545454546e+000 -5.200807350411552e+001
1.689727272727273e+000 -1.000000000000000e+002
1.690000000000000e+000 -5.186118558462798e+001
1.690272727272727e+000 -5.185735445355566e+001
1.690545454545455e+000 -7.909415687848889e+001
1.690818181818182e+000 -5.137519382375732e+001
1.691090909090909e+000 -5.254638046397967e+001
1.691363636363636e+000 -6.375582742653499e+001
1.691636363636364e+000 -5.059977007789204e+001
1.691909090909091e+000 -5.495414924238744e+001
1.692181818181818e+000 -5.611000882779491e+001
1.692454545454545e+000 -5.040415398921442e+001
1.692727272727273e+000 -6.376498988856447e+001
1.693000000000000e+000 -5.170244993462895e+001
1.693272727272727e+000 -5.230003363761399e+001
1.693545454545455e+000 -5.953446101354763e+001
1.693818181818182e+000 -5.013702457299404e+001
1.694090909090909e+000 -6.229070386406302e+001
1.694363636363637e+000 -5.130240763306490e+001
1.694636363636364e+000 -5.308302509964096e+001
1.694909090909091e+000 -5.565067621016405e+001
1.695181818181818e+000 -5.041470777737624e+001
1.695454545454546e+000 -6.904464717166481e+001
1.695727272727273e+000 -4.991817602552478e+001
1.696000000000000e+000 -6.153071450423349e+001
1.696272727272727e+000 -5.063556475274766e+001
1.696545454545455e+000 -5.506653622504894e+001
1.696818181818182e+000 -5.213113682011726e+001
1.697090909090909e+000 -5.239508081094908e+001
1.697363636363636e+000 -5.408734487615165e+001
1.697636363636364e+000 -5.107944335967727e+001
1.697909090909091e+000 -5.613656788014293e+001
1.698181818181818e+000 -5.042193213962140e+001
1.698454545454545e+000 -5.775081401859743e+001
1.698727272727273e+000 -5.012112828768419e+001
1.699000000000000e+000 -5.831456356317400e+001
1.699272727272727e+000 -5.005308166023589e+001
1.699545454545455e+000 -5.753521986589548e+001
1.699818181818182e+000 -5.022075545954085e+001
1.700090909090909e+000 -5.573649734801384e+001
1.700363636363636e+000 -5.075465388597864e+001
1.700636363636364e+000 -5.353662205045088e+001
1.700909090909091e+000 -5.196633650251263e+001
1.701181818181818e+000 -5.145231921432586e+001
1.701454545454546e+000 -5.458123719149858e+001
1.701727272727273e+000 -4.984249754506198e+001
1.702000000000000e+000 -6.121576467208317e+001
1.702272727272727e+000 -4.902178753150808e+001
1.702545454545455e+000 -6.690959123118867e+001
1.702818181818182e+000 -4.942962400612839e+001
1.703090909090909e+000 -5.431218822296705e+001
1.703363636363636e+000 -5.204691101700986e+001
1.703636363636364e+000 -4.996785696795618e+001
1.703909090909091e+000 -6.150317722042048e+001
1.704181818181818e+000 -4.873849382593353e+001
1.704454545454545e+000 -5.774488866139912e+001
1.704727272727273e+000 -5.082786645509366e+001
1.705000000000000e+000 -5.002103225602354e+001
1.705272727272727e+000 -6.237817394897033e+001
1.705545454545455e+000 -4.863477653257396e+001
1.705818181818182e+000 -5.422523144184952e+001
1.706090909090909e+000 -5.301738905699856e+001
1.706363636363636e+000 -4.860798868142970e+001
1.706636363636364e+000 -6.202621227750483e+001
1.706909090909091e+000 -5.030829317519581e+001
1.707181818181818e+000 -4.922579135851082e+001
1.707454545454546e+000 -8.533192291237631e+001
1.707727272727273e+000 -4.933761355308303e+001
1.708000000000000e+000 -4.959760647445200e+001
1.708272727272727e+000 -7.558610278378176e+001
1.708545454545455e+000 -4.916103061474627e+001
1.708818181818182e+000 -4.927825932302209e+001
1.709090909090909e+000 -7.595068205785259e+001
1.709363636363636e+000 -4.972593427708426e+001
1.709636363636364e+000 -4.843297912572267e+001
1.709909090909091e+000 -5.962845533330289e+001
1.710181818181818e+000 -5.179390151002767e+001
1.710454545454545e+000 -4.775622322363682e+001
1.710727272727273e+000 -5.243720620025738e+001
1.711000000000000e+000 -5.887471123624721e+001
1.711272727272727e+000 -4.836684108348581e+001
1.711545454545455e+000 -4.850436973111864e+001
1.711818181818182e+000 -5.920712283765780e+001
1.712090909090909e+000 -5.280049034887539e+001
1.712363636363636e+000 -4.756709313092649e+001
1.712636363636364e+000 -4.921996202501970e+001
1.712909090909091e+000 -6.368325500501970e+001
1.713181818181818e+000 -5.197950588783857e+001
1.713454545454546e+000 -4.739718262561591e+001
1.713727272727273e+000 -4.860775805791553e+001
1.714000000000000e+000 -5.812944734141956e+001
1.714272727272727e+000 -5.473983609481857e+001
1.714545454545455e+000 -4.793550894311778e+001
1.714818181818182e+000 -4.725073508809075e+001
1.715090909090909e+000 -5.116446660596501e+001
1.715363636363636e+000 -8.691339824673716e+001
1.715636363636364e+000 -5.147098668020043e+001
1.715909090909091e+000 -4.725417189869870e+001
1.716181818181818e+000 -4.711591321384364e+001
1.716454545454546e+000 -5.061748675692144e+001
1.716727272727273e+000 -6.558101376648045e+001
1.717000000000000e+000 -5.385091257054210e+001
1.717272727272727e+000 -4.807003499021717e+001
1.717545454545455e+000 -4.650404223506209e+001
1.717818181818182e+000 -4.745749694461513e+001
1.718090909090909e+000 -5.141495206800452e+001
1.718363636363636e+000 -6.562004519093917e+001
1.718636363636364e+000 -5.528861066673482e+001
1.718909090909091e+000 -4.896120002750298e+001
1.719181818181818e+000 -4.660501276361920e+001
1.719454545454546e+000 -4.618333679190437e+001
1.719727272727273e+000 -4.733576319170476e+001
1.720000000000000e+000 -5.040033758961943e+001
1.720272727272727e+000 -5.753081615553261e+001
1.720545454545455e+000 -6.602432891954028e+001
1.720818181818182e+000 -5.308685716618098e+001
1.721090909090909e+000 -4.880347052731111e+001
1.721363636363636e+000 -4.671052263799352e+001
1.721636363636364e+000 -4.579090630565526e+001
1.721909090909091e+000 -4.569990322904559e+001
1.722181818181818e+000 -4.630968163917387e+001
1.722454545454546e+000 -4.761436968887015e+001
1.722727272727273e+000 -4.973910390058697e+001
1.723000000000000e+000 -5.307367611426249e+001
1.723272727272727e+000 -5.895650844161030e+001
1.723545454545455e+000 -8.612605239375078e+001
1.723818181818182e+000 -6.030895799071480e+001
1.724090909090909e+000 -5.450445970257168e+001
1.724363636363636e+000 -5.141984782124937e+001
1.724636363636364e+000 -4.945448046401595e+001
1.724909090909091e+000 -4.810888195789118e+001
1.725181818181818e+000 -4.715567748457291e+001
1.725454545454546e+000 -4.646911394677757e+001
1.725727272727273e+000 -4.597085411749496e+001
1.726000000000000e+000 -4.560837089363029e+001
1.726272727272727e+000 -4.534508627320296e+001
1.726545454545455e+000 -4.515549218712400e+001
1.726818181818182e+000 -4.502263956309685e+001
1.727090909090909e+000 -4.493684998296861e+001
1.727363636363636e+000 -4.489510791859775e+001
1.727636363636364e+000 -4.490088421701667e+001
1.727909090909091e+000 -4.496432032475418e+001
1.728181818181818e+000 -4.510285313483104e+001
1.728454545454546e+000 -4.534254214772642e+001
1.728727272727273e+000 -4.572066254504217e+001
1.729000000000000e+000 -4.629075711148995e+001
1.729272727272727e+000 -4.713288339225323e+001
1.729545454545455e+000 -4.837619274765840e+001
1.729818181818182e+000 -5.025609539621066e+001
1.730090909090909e+000 -5.329689732411593e+001
1.730363636363636e+000 -5.923174073841920e+001
1.730636363636364e+000 -7.794344143969934e+001
1.730909090909091e+000 -5.672055152248498e+001
1.731181818181818e+000 -5.091828627632442e+001
1.731454545454545e+000 -4.753103408696958e+001
1.731727272727273e+000 -4.531772859721531e+001
1.732000000000000e+000 -4.390868068447628e+001
1.732272727272727e+000 -4.318499036240311e+001
1.732545454545455e+000 -4.315428799457073e+001
1.732818181818182e+000 -4.394349756547288e+001
1.733090909090909e+000 -4.589224398939194e+001
1.733363636363636e+000 -4.999543917479748e+001
1.733636363636364e+000 -6.238405179374676e+001
1.733909090909091e+000 -5.449070466449378e+001
1.734181818181818e+000 -4.708813940691990e+001
1.734454545454546e+000 -4.382858963558797e+001
1.734727272727273e+000 -4.247858665700893e+001
1.735000000000000e+000 -4.267266626003273e+001
1.735272727272727e+000 -4.471782759126541e+001
1.735545454545455e+000 -5.036116080783239e+001
1.735818181818182e+000 -6.560395063232133e+001
1.736090909090909e+000 -4.765682059852131e+001
1.736363636363636e+000 -4.316448425874513e+001
1.736636363636364e+000 -4.179744448428548e+001
1.736909090909091e+000 -4.285586966093561e+001
1.737181818181818e+000 -4.755357016075516e+001
1.737454545454545e+000 -7.396157608507160e+001
1.737727272727273e+000 -4.650538553462998e+001
1.738000000000000e+000 -4.204217698968930e+001
1.738272727272727e+000 -4.141800336404302e+001
1.738545454545455e+000 -4.438525304310179e+001
1.738818181818182e+000 -5.852751011878939e+001
1.739090909090909e+000 -4.724093395202504e+001
1.739363636363636e+000 -4.160563600629723e+001
1.739636363636364e+000 -4.105229252247980e+001
1.739909090909091e+000 -4.528571776563135e+001
1.740181818181818e+000 -6.347933847249881e+001
1.740454545454546e+000 -4.346774526440050e+001
1.740727272727273e+000 -4.035959953234064e+001
1.741000000000000e+000 -4.244506877179143e+001
1.741272727272727e+000 -5.778909563130487e+001
1.741545454545455e+000 -4.450516384948534e+001
1.741818181818182e+000 -4.000554404442409e+001
1.742090909090909e+000 -4.180815217464779e+001
1.742363636363636e+000 -5.947834704158531e+001
1.742636363636364e+000 -4.313176220513303e+001
1.742909090909091e+000 -3.945852643029441e+001
1.743181818181818e+000 -4.300838886732333e+001
1.743454545454545e+000 -5.534128590550285e+001
1.743727272727273e+000 -4.037054336232180e+001
1.744000000000000e+000 -3.959837248927575e+001
1.744272727272727e+000 -4.994742221688386e+001
1.744545454545455e+000 -4.312730432826976e+001
1.744818181818182e+000 -3.860310937057109e+001
1.745090909090909e+000 -4.352697128544956e+001
1.745363636363637e+000 -4.696348758395958e+001
1.745636363636364e+000 -3.838932471502749e+001
1.745909090909091e+000 -4.117905088342784e+001
1.746181818181818e+000 -5.037052977580526e+001
1.746454545454546e+000 -3.818956226713440e+001
1.746727272727273e+000 -4.031461534595164e+001
1.747000000000000e+000 -5.029895456120992e+001
1.747272727272727e+000 -3.767183908475999e+001
1.747545454545455e+000 -4.052561604636723e+001
1.747818181818182e+000 -4.636079099961793e+001
1.748090909090909e+000 -3.695002106668746e+001
1.748363636363636e+000 -4.241113549657613e+001
1.748636363636364e+000 -4.159991019422159e+001
1.748909090909091e+000 -3.656385944053560e+001
1.749181818181818e+000 -4.960810670364960e+001
1.749454545454545e+000 -3.775688305982989e+001
1.749727272727273e+000 -3.756493905084096e+001
1.750000000000000e+000 -4.815017813101122e+001
1.750272727272727e+000 -3.559339066636524e+001
1.750545454545455e+000 -4.296679281501506e+001
1.750818181818182e+000 -3.784382904775234e+001
1.751090909090909e+000 -3.624125138490206e+001
1.751363636363637e+000 -4.730422405079350e+001
1.751636363636364e+000 -3.458775878608184e+001
1.751909090909091e+000 -4.516376342881485e+001
1.752181818181818e+000 -3.548640674162288e+001
1.752454545454546e+000 -3.709874652079484e+001
1.752727272727273e+000 -3.889299522109219e+001
1.753000000000000e+000 -3.413922345417586e+001
1.753272727272727e+000 -4.772168993069055e+001
1.753545454545455e+000 -3.302017419763966e+001
1.753818181818182e+000 -4.934362786401491e+001
1.754090909090909e+000 -3.290739010170407e+001
1.754363636363636e+000 -3.977425616904423e+001
1.754636363636364e+000 -3.340081734954438e+001
1.754909090909091e+000 -3.588446048010068e+001
1.755181818181818e+000 -3.421885076221411e+001
1.755454545454545e+000 -3.363482066556615e+001
1.755727272727273e+000 -3.509138185474973e+001
1.756000000000000e+000 -3.213905350236531e+001
1.756272727272727e+000 -3.571598148402165e+001
1.756545454545455e+000 -3.103878213673726e+001
1.756818181818182e+000 -3.578156822199758e+001
1.757090909090909e+000 -3.016365883735020e+001
1.757363636363637e+000 -3.507764407584693e+001
1.757636363636364e+000 -2.944307905716426e+001
1.757909090909091e+000 -3.361038147257386e+001
1.758181818181818e+000 -2.887397609871548e+001
1.758454545454546e+000 -3.158560078154151e+001
1.758727272727273e+000 -2.850371507660788e+001
1.759000000000000e+000 -2.927316580789287e+001
1.759272727272727e+000 -2.841368852915525e+001
1.759545454545455e+000 -2.689239976644482e+001
1.759818181818182e+000 -2.868253187598824e+001
1.760090909090909e+000 -2.456961286897317e+001
1.760363636363636e+000 -2.924196482793309e+001
1.760636363636364e+000 -2.232903644312360e+001
1.760909090909091e+000 -2.928185481280157e+001
1.761181818181818e+000 -2.011393324578339e+001
1.761454545454545e+000 -2.599418182909858e+001
1.761727272727273e+000 -1.826119460285625e+001
1.762000000000000e+000 -1.727586610990385e+001
1.762272727272727e+000 -3.985940798731937e+001
1.762545454545455e+000 -2.410809946070313e+001
1.762818181818182e+000 -7.950072028156337e+000
1.763090909090909e+000 8.685893981439090e-006
1.763363636363637e+000 8.685893981439090e-006
1.763636363636364e+000 -5.867952848500663e+000
1.763909090909091e+000 -1.505108503767185e+001
1.764181818181818e+000 -2.253284768275304e+001
1.764454545454546e+000 -1.870803808639596e+001
1.764727272727273e+000 -1.813980556652818e+001
1.765000000000000e+000 -2.367667488120331e+001
1.765272727272727e+000 -2.190407761064208e+001
1.765545454545455e+000 -2.245515123877321e+001
1.765818181818182e+000 -3.108403521184509e+001
1.766090909090909e+000 -2.244377294498491e+001
1.766363636363636e+000 -3.190723186488249e+001
1.766636363636364e+000 -2.697340113257457e+001
1.766909090909091e+000 -2.515017205117196e+001
1.767181818181818e+000 -4.365583707813466e+001
1.767454545454545e+000 -2.753850161364497e+001
1.767727272727273e+000 -2.728938262924761e+001
1.768000000000000e+000 -4.915380921061524e+001
1.768272727272727e+000 -2.918540359413550e+001
1.768545454545455e+000 -2.845136000375120e+001
1.768818181818182e+000 -4.195424594741195e+001
1.769090909090909e+000 -3.189462473834597e+001
1.769363636363636e+000 -2.914870280549640e+001
1.769636363636364e+000 -3.591971001080963e+001
1.769909090909091e+000 -3.748205171579595e+001
1.770181818181818e+000 -3.040427180236407e+001
1.770454545454546e+000 -3.243837350234960e+001
1.770727272727273e+000 -5.654341294266134e+001
1.771000000000000e+000 -3.394858036923326e+001
1.771272727272727e+000 -3.143999636104275e+001
1.771545454545455e+000 -3.588857687740913e+001
1.771818181818182e+000 -4.865207725194702e+001
1.772090909090909e+000 -3.407680002079749e+001
1.772363636363636e+000 -3.262701961247188e+001
1.772636363636364e+000 -3.720626531057035e+001
1.772909090909091e+000 -5.214782390880923e+001
1.773181818181818e+000 -3.573904955820245e+001
1.773454545454545e+000 -3.349786059343532e+001
1.773727272727273e+000 -3.618381947162852e+001
1.774000000000000e+000 -5.011483147261807e+001
1.774272727272727e+000 -4.013470426261496e+001
1.774545454545454e+000 -3.500293506612528e+001
1.774818181818182e+000 -3.492944833530369e+001
1.775090909090909e+000 -3.914627509562308e+001
1.775363636363637e+000 -6.756863261041508e+001
1.775636363636364e+000 -4.027992923718420e+001
1.775909090909091e+000 -3.601896525533362e+001
1.776181818181818e+000 -3.572855458284738e+001
1.776454545454546e+000 -3.863016290509906e+001
1.776727272727273e+000 -4.833178912195375e+001
1.777000000000000e+000 -4.663249365906327e+001
1.777272727272727e+000 -3.888933337200466e+001
1.777545454545455e+000 -3.664222008027160e+001
1.777818181818182e+000 -3.691889965023221e+001
1.778090909090909e+000 -3.956832471336046e+001
1.778363636363636e+000 -4.659779385258980e+001
1.778636363636364e+000 -5.505763534770883e+001
1.778909090909091e+000 -4.253648364584854e+001
1.779181818181818e+000 -3.883322474783333e+001
1.779454545454545e+000 -3.760199385343731e+001
1.779727272727273e+000 -3.794218507904343e+001
1.780000000000000e+000 -3.976326595349688e+001
1.780272727272727e+000 -4.363777329144006e+001
1.780545454545454e+000 -5.294165622027899e+001
1.780818181818182e+000 -5.371778356556698e+001
1.781090909090909e+000 -4.465125067526872e+001
1.781363636363636e+000 -4.113329248047465e+001
1.781636363636364e+000 -3.944946231991868e+001
1.781909090909091e+000 -3.881473458825354e+001
1.782181818181818e+000 -3.894476712642931e+001
1.782454545454546e+000 -3.973385389699583e+001
1.782727272727273e+000 -4.118380184860545e+001
1.783000000000000e+000 -4.341648025761320e+001
1.783272727272727e+000 -4.679590120889068e+001
1.783545454545455e+000 -5.252074975430976e+001
1.783818181818182e+000 -7.192658566776727e+001
1.784090909090909e+000 -5.551891220262969e+001
1.784363636363636e+000 -4.945827549722422e+001
1.784636363636364e+000 -4.638574135085321e+001
1.784909090909091e+000 -4.449673567262332e+001
1.785181818181818e+000 -4.325469327440035e+001
1.785454545454545e+000 -4.242060675629593e+001
1.785727272727273e+000 -4.186380951639887e+001
1.786000000000000e+000 -4.150315469085359e+001
1.786272727272727e+000 -4.128381448587478e+001
1.786545454545454e+000 -4.116671012199491e+001
1.786818181818182e+000 -4.112324706130355e+001
1.787090909090909e+000 -4.113256034338136e+001
1.787363636363636e+000 -4.118005013871446e+001
1.787636363636364e+000 -4.125661576753993e+001
1.787909090909091e+000 -4.135828009363441e+001
1.788181818181818e+000 -4.148604504568201e+001
1.788454545454546e+000 -4.164591469190385e+001
1.788727272727273e+000 -4.184910044430469e+001
1.789000000000000e+000 -4.211250447137442e+001
1.789272727272727e+000 -4.245968623572074e+001
1.789545454545455e+000 -4.292270071763305e+001
1.789818181818182e+000 -4.354556914769129e+001
1.790090909090909e+000 -4.439100720182901e+001
1.790363636363636e+000 -4.555430636219981e+001
1.790636363636364e+000 -4.719519490623819e+001
1.790909090909091e+000 -4.962464750786857e+001
1.791181818181818e+000 -5.362237026715436e+001
1.791454545454545e+000 -6.270469093880399e+001
1.791727272727273e+000 -6.289139853424791e+001
1.792000000000000e+000 -5.311563240471853e+001
1.792272727272727e+000 -4.870763215458133e+001
1.792545454545454e+000 -4.601200682264093e+001
1.792818181818182e+000 -4.428262140948159e+001
1.793090909090909e+000 -4.326897122751388e+001
1.793363636363636e+000 -4.289610578502554e+001
1.793636363636364e+000 -4.319368903492297e+001
1.793909090909091e+000 -4.430614552033863e+001
1.794181818181818e+000 -4.660233121770105e+001
1.794454545454546e+000 -5.118551939264172e+001
1.794727272727273e+000 -6.602303819639698e+001
1.795000000000000e+000 -5.459506858667786e+001
1.795272727272727e+000 -4.788565499520620e+001
1.795545454545455e+000 -4.489411216697244e+001
1.795818181818182e+000 -4.368000203368707e+001
1.796090909090909e+000 -4.388850530700544e+001
1.796363636363636e+000 -4.573136982382889e+001
1.796636363636364e+000 -5.041349930347773e+001
1.796909090909091e+000 -7.145965488053221e+001
1.797181818181818e+000 -5.181818122269129e+001
1.797454545454545e+000 -4.622251353379767e+001
1.797727272727273e+000 -4.424041818660018e+001
1.798000000000000e+000 -4.450130668627649e+001
1.798272727272727e+000 -4.733978215574956e+001
1.798545454545454e+000 -5.646805505475446e+001
1.798818181818182e+000 -5.527179120651081e+001
1.799090909090909e+000 -4.698500445365104e+001
1.799363636363636e+000 -4.459081419078157e+001
1.799636363636364e+000 -4.524839077924299e+001
1.799909090909091e+000 -4.980929667989763e+001
1.800181818181818e+000 -7.825092509198562e+001
1.800454545454545e+000 -4.925084734048174e+001
1.800727272727273e+000 -4.520049656458001e+001
1.801000000000000e+000 -4.533576501250678e+001
1.801272727272727e+000 -5.007896935422896e+001
1.801545454545455e+000 -6.659592480973572e+001
1.801818181818182e+000 -4.823917793733286e+001
1.802090909090909e+000 -4.514950118780072e+001
1.802363636363636e+000 -4.677333234363601e+001
1.802636363636364e+000 -5.703301159950311e+001
1.802909090909091e+000 -5.209906820117283e+001
1.803181818181818e+000 -4.588238688895513e+001
1.803454545454545e+000 -4.613151571144337e+001
1.803727272727273e+000 -5.380491463204692e+001
1.804000000000000e+000 -5.385169922499570e+001
1.804272727272727e+000 -4.621016604879587e+001
1.804545454545455e+000 -4.645714430033233e+001
1.804818181818182e+000 -5.583790903845370e+001
1.805090909090909e+000 -5.179330409222453e+001
1.805363636363636e+000 -4.596846565422331e+001
1.805636363636364e+000 -4.792473697729142e+001
1.805909090909091e+000 -7.617711261277965e+001
1.806181818181818e+000 -4.838064505933694e+001
1.806454545454545e+000 -4.617469193481354e+001
1.806727272727273e+000 -5.303052919311242e+001
1.807000000000000e+000 -5.312844067801110e+001
1.807272727272727e+000 -4.630076726998641e+001
1.807545454545455e+000 -4.926356102300131e+001
1.807818181818182e+000 -6.103034820899640e+001
1.808090909090909e+000 -4.707722609556130e+001
1.808363636363636e+000 -4.798282696802814e+001
1.808636363636364e+000 -7.946710173827266e+001
1.808909090909091e+000 -4.777456163685435e+001
1.809181818181818e+000 -4.769603154952443e+001
1.809454545454545e+000 -7.942487721061029e+001
1.809727272727273e+000 -4.796107023369463e+001
1.810000000000000e+000 -4.801075542652377e+001
1.810272727272727e+000 -7.303957742718347e+001
1.810545454545455e+000 -4.761318613475807e+001
1.810818181818182e+000 -4.906776734334886e+001
1.811090909090909e+000 -5.951638024782421e+001
1.811363636363636e+000 -4.712418581958588e+001
1.811636363636364e+000 -5.170058599618362e+001
1.811909090909091e+000 -5.282544267975185e+001
1.812181818181818e+000 -4.718738421113331e+001
1.812454545454545e+000 -5.962570757625484e+001
1.812727272727273e+000 -4.892545187778612e+001
1.813000000000000e+000 -4.892211703009738e+001
1.813272727272727e+000 -5.917769664191653e+001
1.813545454545455e+000 -4.736047818034619e+001
1.813818181818182e+000 -5.569629175214234e+001
1.814090909090909e+000 -4.976221743992694e+001
1.814363636363636e+000 -4.900853159063055e+001
1.814636363636364e+000 -5.822435459768499e+001
1.814909090909091e+000 -4.757179129913304e+001
1.815181818181818e+000 -6.056951602408558e+001
1.815454545454545e+000 -4.865291497989321e+001
1.815727272727273e+000 -5.153839245615345e+001
1.816000000000000e+000 -5.204862193165027e+001
1.816272727272727e+000 -4.871286014446766e+001
1.816545454545455e+000 -5.961230906366132e+001
1.816818181818182e+000 -4.791306680249147e+001
1.817090909090909e+000 -6.957207429343666e+001
1.817363636363636e+000 -4.821445368079075e+001
1.817636363636364e+000 -5.673143550565876e+001
1.817909090909091e+000 -4.920421848494175e+001
1.818181818181818e+000 -5.285728796606819e+001
1.818454545454546e+000 -5.060967263246328e+001
1.818727272727273e+000 -5.101308925608598e+001
1.819000000000000e+000 -5.217868111591584e+001
1.819272727272727e+000 -5.008793539470032e+001
1.819545454545455e+000 -5.362248922542492e+001
1.819818181818182e+000 -4.966823662726008e+001
1.820090909090909e+000 -5.461540083165026e+001
1.820363636363636e+000 -4.956609276842462e+001
1.820636363636364e+000 -5.488872037952699e+001
1.820909090909091e+000 -4.971253539054455e+001
1.821181818181818e+000 -5.438038893113078e+001
1.821454545454545e+000 -5.013107300361391e+001
1.821727272727273e+000 -5.327794119998295e+001
1.822000000000000e+000 -5.094570166435378e+001
1.822272727272727e+000 -5.189759272543594e+001
1.822545454545455e+000 -5.243651234859300e+001
1.822818181818182e+000 -5.054953066586852e+001
1.823090909090909e+000 -5.525717528702766e+001
1.823363636363636e+000 -4.949699691037218e+001
1.823636363636364e+000 -6.171269796118761e+001
1.823909090909091e+000 -4.898989488568139e+001
1.824181818181818e+000 -7.031974119510227e+001
1.824454545454545e+000 -4.934605251800981e+001
1.824727272727273e+000 -5.623805709745993e+001
1.825000000000000e+000 -5.114452620562074e+001
1.825272727272727e+000 -5.147190380491703e+001
1.825545454545455e+000 -5.607157076325100e+001
1.825818181818182e+000 -4.946233597961361e+001
1.826090909090909e+000 -8.167472617904819e+001
1.826363636363636e+000 -4.967744952237536e+001
1.826636363636364e+000 -5.472338873716008e+001
1.826909090909091e+000 -5.308694130773299e+001
1.827181818181818e+000 -5.016107828984372e+001
1.827454545454545e+000 -7.026428918750972e+001
1.827727272727273e+000 -4.974025886775710e+001
1.828000000000000e+000 -5.476685122592043e+001
1.828272727272727e+000 -5.406849387922053e+001
1.828545454545455e+000 -4.992607227803644e+001
1.828818181818182e+000 -6.901387724718960e+001
1.829090909090909e+000 -5.080507396411427e+001
1.829363636363636e+000 -5.180856465984304e+001
1.829636363636364e+000 -6.184969897475065e+001
1.829909090909091e+000 -4.992053415208036e+001
1.830181818181818e+000 -5.453335338673673e+001
1.830454545454545e+000 -5.629150205843458e+001
1.830727272727273e+000 -4.989153428711278e+001
1.831000000000000e+000 -5.716803699451938e+001
1.831272727272727e+000 -5.455376623127454e+001
1.831545454545455e+000 -5.006118449281562e+001
1.831818181818182e+000 -5.840927549648606e+001
1.832090909090909e+000 -5.441372084528815e+001
1.832363636363636e+000 -5.014765769447893e+001
1.832636363636364e+000 -5.745584799111585e+001
1.832909090909091e+000 -5.566512085867645e+001
1.833181818181818e+000 -5.019950137280515e+001
1.833454545454545e+000 -5.506084992422102e+001
1.833727272727273e+000 -5.941631785833445e+001
1.834000000000000e+000 -5.059601986298981e+001
1.834272727272727e+000 -5.253157231435550e+001
1.834545454545455e+000 -7.813683196273479e+001
1.834818181818182e+000 -5.214233072524782e+001
1.835090909090909e+000 -5.080787959786306e+001
1.835363636363636e+000 -5.894569515573723e+001
1.835636363636364e+000 -5.698152768498020e+001
1.835909090909091e+000 -5.072174608025716e+001
1.836181818181818e+000 -5.251659348328112e+001
1.836454545454545e+000 -7.232653771359585e+001
1.836727272727273e+000 -5.397058697349666e+001
1.837000000000000e+000 -5.065953610297209e+001
1.837272727272727e+000 -5.384386474852719e+001
1.837545454545455e+000 -8.309659754769945e+001
1.837818181818182e+000 -5.359795285667194e+001
1.838090909090909e+000 -5.078699482508234e+001
1.838363636363636e+000 -5.360750447831420e+001
1.838636363636364e+000 -7.425990419464823e+001
1.838909090909091e+000 -5.508534545769584e+001
1.839181818181818e+000 -5.106610450988113e+001
1.839454545454546e+000 -5.217282473962700e+001
1.839727272727273e+000 -6.011581723574325e+001
1.840000000000000e+000 -6.090247653967095e+001
1.840272727272727e+000 -5.255938070522098e+001
1.840545454545455e+000 -5.109690711514266e+001
1.840818181818182e+000 -5.363813982408971e+001
1.841090909090909e+000 -6.476750977564616e+001
1.841363636363636e+000 -5.912090255929370e+001
1.841636363636364e+000 -5.257942254662861e+001
1.841909090909091e+000 -5.122797958394769e+001
1.842181818181818e+000 -5.309700929245994e+001
1.842454545454545e+000 -6.012321594364605e+001
1.842727272727273e+000 -6.579006017717904e+001
1.843000000000000e+000 -5.478877000787228e+001
1.843272727272727e+000 -5.176146984784957e+001
1.843545454545455e+000 -5.161780965058736e+001
1.843818181818182e+000 -5.401835266747276e+001
1.844090909090909e+000 -6.104764018817356e+001
1.844363636363636e+000 -6.810073104356823e+001
1.844636363636364e+000 -5.620615882425670e+001
1.844909090909091e+000 -5.261813911609193e+001
1.845181818181818e+000 -5.157916663573767e+001
1.845454545454546e+000 -5.231420258035993e+001
1.845727272727273e+000 -5.499416841013710e+001
1.846000000000000e+000 -6.135943565158820e+001
1.846272727272727e+000 -7.515385372600683e+001
1.846545454545455e+000 -5.884739337692169e+001
1.846818181818182e+000 -5.436965750237366e+001
1.847090909090909e+000 -5.239807259485243e+001
1.847363636363636e+000 -5.180347880134863e+001
1.847636363636364e+000 -5.227278464486778e+001
1.847909090909091e+000 -5.380170652876029e+001
1.848181818181818e+000 -5.671311778210421e+001
1.848454545454545e+000 -6.229137223708937e+001
1.848727272727273e+000 -8.764123683673299e+001
1.849000000000000e+000 -6.368164944900772e+001
1.849272727272727e+000 -5.792791536098565e+001
1.849545454545455e+000 -5.504321652157490e+001
1.849818181818182e+000 -5.340408792327424e+001
1.850090909090909e+000 -5.251161365907534e+001
1.850363636363636e+000 -5.214460805887704e+001
1.850636363636364e+000 -5.218677727689295e+001
1.850909090909091e+000 -5.257223396384205e+001
1.851181818181818e+000 -5.326441299095330e+001
1.851454545454546e+000 -5.424755025913498e+001
1.851727272727273e+000 -5.552448887252338e+001
1.852000000000000e+000 -5.711945263015074e+001
1.852272727272727e+000 -5.908759950984903e+001
1.852545454545455e+000 -6.153866364584356e+001
1.852818181818182e+000 -6.469944024190787e+001
1.853090909090909e+000 -6.912068163659215e+001
1.853363636363636e+000 -7.679434130579011e+001
1.853636363636364e+000 -8.999005669537509e+001
1.853909090909091e+000 -7.498611200707060e+001
1.854181818181818e+000 -7.061385019899808e+001
1.854454545454545e+000 -6.836638753970487e+001
1.854727272727273e+000 -6.713607585856155e+001
1.855000000000000e+000 -6.656774425913898e+001
1.855272727272727e+000 -6.653331907290415e+001
1.855545454545454e+000 -6.702078930516790e+001
1.855818181818182e+000 -6.812556987283774e+001
1.856090909090909e+000 -7.012735431141653e+001
1.856363636363636e+000 -7.383976018450117e+001
1.856636363636364e+000 -8.343676037981481e+001
1.856909090909091e+000 -8.038453741599291e+001
1.857181818181818e+000 -7.091502801007657e+001
1.857454545454545e+000 -6.606634618340311e+001
1.857727272727273e+000 -6.272781902855641e+001
1.858000000000000e+000 -6.018684948810360e+001
1.858272727272727e+000 -5.816813182661796e+001
1.858545454545455e+000 -5.654177443231683e+001
1.858818181818182e+000 -5.524215384799612e+001
1.859090909090909e+000 -5.423838146102526e+001
1.859363636363636e+000 -5.352230192705710e+001
1.859636363636364e+000 -5.310428013180608e+001
1.859909090909091e+000 -5.301398337277507e+001
1.860181818181818e+000 -5.330661421574166e+001
1.860454545454545e+000 -5.407884714280271e+001
1.860727272727273e+000 -5.550854827453742e+001
1.861000000000000e+000 -5.797078319932861e+001
1.861272727272727e+000 -6.251291338226433e+001
1.861545454545454e+000 -7.589588536837606e+001
1.861818181818182e+000 -6.670488099144650e+001
1.862090909090909e+000 -5.943904672935985e+001
1.862363636363636e+000 -5.595821178091357e+001
1.862636363636363e+000 -5.408457079987077e+001
1.862909090909091e+000 -5.331611052256580e+001
1.863181818181818e+000 -5.356314288964345e+001
1.863454545454546e+000 -5.500366744943424e+001
1.863727272727273e+000 -5.831026473639435e+001
1.864000000000000e+000 -6.660007941290645e+001
1.864272727272727e+000 -6.871009097056788e+001
1.864545454545455e+000 -5.869066929167501e+001
1.864818181818182e+000 -5.498382857843537e+001
1.865090909090909e+000 -5.356190116823399e+001
1.865363636363636e+000 -5.385005503288241e+001
1.865636363636364e+000 -5.613367214304251e+001
1.865909090909091e+000 -6.239212611250130e+001
1.866181818181818e+000 -7.307318975841218e+001
1.866454545454545e+000 -5.863868072488312e+001
1.866727272727273e+000 -5.464196891045071e+001
1.867000000000000e+000 -5.362709696995763e+001
1.867272727272727e+000 -5.504253494180143e+001
1.867545454545454e+000 -6.029532740322042e+001
1.867818181818182e+000 -7.808358978280403e+001
1.868090909090909e+000 -5.845963029051618e+001
1.868363636363636e+000 -5.439421231321933e+001
1.868636363636364e+000 -5.392780961643248e+001
1.868909090909091e+000 -5.682293277623161e+001
1.869181818181818e+000 -6.886101598917989e+001
1.869454545454545e+000 -6.126922712942989e+001
1.869727272727273e+000 -5.500520067175587e+001
1.870000000000000e+000 -5.394976880303971e+001
1.870272727272727e+000 -5.690741087293523e+001
1.870545454545455e+000 -7.220748398321807e+001
1.870818181818182e+000 -5.953583456328129e+001
1.871090909090909e+000 -5.444650727907511e+001
1.871363636363636e+000 -5.457646501059902e+001
1.871636363636364e+000 -6.046842287427345e+001
1.871909090909091e+000 -6.700106815037877e+001
1.872181818181818e+000 -5.578171098693549e+001
1.872454545454545e+000 -5.414572444978616e+001
1.872727272727273e+000 -5.811040771810303e+001
1.873000000000000e+000 -7.530485824660828e+001
1.873272727272727e+000 -5.648884870578723e+001
1.873545454545454e+000 -5.418790476821747e+001
1.873818181818182e+000 -5.820635943520911e+001
1.874090909090909e+000 -7.162761681506501e+001
1.874363636363636e+000 -5.594327217438292e+001
1.874636363636363e+000 -5.446870568075896e+001
1.874909090909091e+000 -6.076590677682689e+001
1.875181818181818e+000 -6.314502390495798e+001
1.875454545454546e+000 -5.478246493820805e+001
1.875727272727273e+000 -5.573998561094269e+001
1.876000000000000e+000 -7.285007384182769e+001
1.876272727272727e+000 -5.734784303568783e+001
1.876545454545455e+000 -5.446969916221433e+001
1.876818181818182e+000 -6.075599912697698e+001
1.877090909090909e+000 -6.183791576334287e+001
1.877363636363636e+000 -5.458572782143577e+001
1.877636363636364e+000 -5.751640960246461e+001
1.877909090909091e+000 -6.869970661862581e+001
1.878181818181818e+000 -5.517505185772544e+001
1.878454545454545e+000 -5.628905781732174e+001
1.878727272727273e+000 -7.958396537489006e+001
1.879000000000000e+000 -5.566590170629635e+001
1.879272727272727e+000 -5.594899702214949e+001
1.879545454545454e+000 -8.853504341112945e+001
1.879818181818182e+000 -5.573298013862090e+001
1.880090909090909e+000 -5.619210932812106e+001
1.880363636363636e+000 -7.578367732606563e+001
1.880636363636364e+000 -5.537256559836963e+001
1.880909090909091e+000 -5.715363581384521e+001
1.881181818181818e+000 -6.653702125549494e+001
1.881454545454545e+000 -5.490270287943269e+001
1.881727272727273e+000 -5.955095703283479e+001
1.882000000000000e+000 -6.064188296855987e+001
1.882272727272727e+000 -5.488551082299846e+001
1.882545454545455e+000 -6.629225596060019e+001
1.882818181818182e+000 -5.687936870085112e+001
1.883090909090909e+000 -5.620849446765821e+001
1.883363636363636e+000 -6.997145443194211e+001
1.883636363636364e+000 -5.504704547139068e+001
1.883909090909091e+000 -6.110069849502518e+001
1.884181818181818e+000 -5.848885468309420e+001
1.884454545454545e+000 -5.573039801653512e+001
1.884727272727273e+000 -7.450669751610639e+001
1.885000000000000e+000 -5.516701252849250e+001
1.885272727272727e+000 -6.190087702568145e+001
1.885545454545454e+000 -5.769895044924616e+001
1.885818181818182e+000 -5.656148452123780e+001
1.886090909090909e+000 -6.510898517689448e+001
1.886363636363636e+000 -5.514001345619333e+001
1.886636363636363e+000 -7.215770736026914e+001
1.886909090909091e+000 -5.570762507917215e+001
1.887181818181818e+000 -6.069170106453836e+001
1.887454545454546e+000 -5.789144995147576e+001
1.887727272727273e+000 -5.713318033919733e+001
1.888000000000000e+000 -6.204285150162053e+001
1.888272727272727e+000 -5.568563478501778e+001
1.888545454545455e+000 -7.064428353616161e+001
1.888818181818182e+000 -5.528651592173836e+001
1.889090909090909e+000 -7.661324873633335e+001
1.889363636363636e+000 -5.548886840964490e+001
1.889636363636364e+000 -6.599168888694921e+001
1.889909090909091e+000 -5.602094253465054e+001
1.890181818181818e+000 -6.236202307009297e+001
1.890454545454545e+000 -5.667377877709227e+001
1.890727272727273e+000 -6.057657296131675e+001
1.891000000000000e+000 -5.726792641638455e+001
1.891272727272727e+000 -5.969992285832605e+001
1.891545454545454e+000 -5.765581621790121e+001
1.891818181818182e+000 -5.941107394398375e+001
1.892090909090909e+000 -5.774473612526349e+001
1.892363636363636e+000 -5.961136212681899e+001
1.892636363636364e+000 -5.752100576066614e+001
1.892909090909091e+000 -6.034866795159757e+001
1.893181818181818e+000 -5.705405795240230e+001
1.893454545454545e+000 -6.185165139706400e+001
1.893727272727273e+000 -5.647654094514138e+001
1.894000000000000e+000 -6.475724244771639e+001
1.894272727272727e+000 -5.595824737525400e+001
1.894545454545455e+000 -7.155834894016968e+001
1.894818181818182e+000 -5.569528146127095e+001
1.895090909090909e+000 -7.765360694548012e+001
1.895363636363636e+000 -5.592894954092326e+001
1.895636363636364e+000 -6.466001546359018e+001
1.895909090909091e+000 -5.702029491481774e+001
1.896181818181818e+000 -5.962091892759091e+001
1.896454545454545e+000 -5.970829651577294e+001
1.896727272727273e+000 -5.693148478358070e+001
1.897000000000000e+000 -6.664226678948803e+001
1.897272727272727e+000 -5.587154451513234e+001
1.897545454545454e+000 -7.228613129990077e+001
1.897818181818182e+000 -5.656055536022679e+001
1.898090909090909e+000 -6.037604221924517e+001
1.898363636363636e+000 -6.005937804631519e+001
1.898636363636364e+000 -5.663889863832755e+001
1.898909090909091e+000 -7.484493494807305e+001
1.899181818181818e+000 -5.611217610277977e+001
1.899454545454545e+000 -6.258653253973994e+001
1.899727272727273e+000 -5.917733812834356e+001
1.900000000000000e+000 -5.688568171623020e+001
