1.600000000000000e+000 -3.817957515544125e-006
1.600272727272727e+000 7.180519235447689e-007
1.600545454545455e+000 -2.674773337272207e-006
1.600818181818182e+000 -8.697961714642614e-007
1.601090909090909e+000 -7.636735782418500e-007
1.601363636363637e+000 -3.103271754833712e-006
1.601636363636364e+000 1.450118466433370e-006
1.601909090909091e+000 -5.030990644268932e-006
1.602181818181818e+000 2.503107282258787e-006
1.602454545454546e+000 -4.835730441372179e-006
1.602727272727273e+000 6.458618127454641e-007
1.603000000000000e+000 -1.525276283981288e-006
1.603272727272727e+000 -3.547332288947083e-006
1.603545454545455e+000 2.181746291687870e-006
1.603818181818182e+000 -5.369843035561013e-006
1.604090909090909e+000 9.081031371767227e-007
1.604363636363636e+000 -1.209812874530610e-006
1.604636363636364e+000 -4.526292360780124e-006
1.604909090909091e+000 2.497209740452081e-006
1.605181818181818e+000 -4.105788548423582e-006
1.605454545454546e+000 -2.360655641181285e-006
1.605727272727273e+000 2.060305146628403e-006
1.606000000000000e+000 -5.257467963507242e-006
1.606272727272727e+000 -1.147842479413688e-006
1.606545454545455e+000 1.615899617741691e-006
1.606818181818182e+000 -5.489964018965429e-006
1.607090909090909e+000 -1.289518451708881e-006
1.607363636363637e+000 1.924478598479823e-006
1.607636363636364e+000 -5.070920831483552e-006
1.607909090909091e+000 -2.820068784544316e-006
1.608181818181818e+000 2.491103925239266e-006
1.608454545454546e+000 -3.222801523085057e-006
1.608727272727273e+000 -5.230293201974225e-006
1.609000000000000e+000 1.393399526467976e-006
1.609272727272727e+000 4.627055485451948e-007
1.609545454545455e+000 -5.751231877279006e-006
1.609818181818182e+000 -3.076401447105462e-006
1.610090909090909e+000 2.389417809192604e-006
1.610363636363636e+000 -1.042444728365294e-006
1.610636363636364e+000 -6.149694060386182e-006
1.610909090909091e+000 -2.853700338774829e-006
1.611181818181818e+000 2.301581206980000e-006
1.611454545454546e+000 -1.633219092932033e-007
1.611727272727273e+000 -5.688760935088314e-006
1.612000000000000e+000 -4.936465175832197e-006
1.612272727272727e+000 5.956503244266813e-007
1.612545454545455e+000 2.214552245154592e-006
1.612818181818182e+000 -2.270449715247974e-006
1.613090909090909e+000 -6.355384434056532e-006
1.613363636363637e+000 -4.712030713605053e-006
1.613636363636364e+000 2.573923067006703e-007
1.613909090909091e+000 2.471100090672518e-006
1.614181818181818e+000 -3.722547094523225e-007
1.614454545454546e+000 -4.965511208364340e-006
1.614727272727273e+000 -6.682487509055357e-006
1.615000000000000e+000 -4.179199794199202e-006
1.615272727272727e+000 3.409220823451431e-008
1.615545454545455e+000 2.422796192305741e-006
1.615818181818182e+000 1.363441798688712e-006
1.616090909090909e+000 -2.097821390791980e-006
1.616363636363636e+000 -5.535612263936082e-006
1.616636363636364e+000 -6.962446198032475e-006
1.616909090909091e+000 -5.856670362060065e-006
1.617181818181818e+000 -3.066565858336149e-006
1.617454545454546e+000 -3.823247618970012e-008
1.617727272727273e+000 1.992514328634437e-006
1.618000000000000e+000 2.444489641656327e-006
1.618272727272727e+000 1.412689728225499e-006
1.618545454545455e+000 -5.756580387142219e-007
1.618818181818182e+000 -2.868306921064673e-006
1.619090909090909e+000 -4.920138324244866e-006
1.619363636363636e+000 -6.402435203718793e-006
1.619636363636364e+000 -7.207064232577268e-006
1.619909090909091e+000 -7.390387737900806e-006
1.620181818181818e+000 -7.099727370126061e-006
1.620454545454546e+000 -6.509988817057254e-006
1.620727272727273e+000 -5.781832905495546e-006
1.621000000000000e+000 -5.041422339131170e-006
1.621272727272727e+000 -4.376251400517545e-006
1.621545454545455e+000 -3.840377863950699e-006
1.621818181818182e+000 -3.463494945733472e-006
1.622090909090909e+000 -3.260109059475106e-006
1.622363636363637e+000 -3.236726981368107e-006
1.622636363636364e+000 -3.396059908617598e-006
1.622909090909091e+000 -3.737846901560480e-006
1.623181818181818e+000 -4.256168102530818e-006
1.623454545454546e+000 -4.933325079986811e-006
1.623727272727273e+000 -5.730786489819515e-006
1.624000000000000e+000 -6.578588684095082e-006
1.624272727272727e+000 -7.366100852401351e-006
1.624545454545455e+000 -7.939109649688842e-006
1.624818181818182e+000 -8.110165084907247e-006
1.625090909090909e+000 -7.689735412739829e-006
1.625363636363636e+000 -6.542868912800350e-006
1.625636363636364e+000 -4.667457537707120e-006
1.625909090909091e+000 -2.274833520310796e-006
1.626181818181818e+000 1.658580230574040e-007
1.626454545454546e+000 1.971917752733776e-006
1.626727272727273e+000 2.424550186304924e-006
1.627000000000000e+000 1.077231282616565e-006
1.627272727272727e+000 -1.896855236399122e-006
1.627545454545455e+000 -5.512113552487762e-006
1.627818181818182e+000 -8.165577087698931e-006
1.628090909090909e+000 -8.333231568952539e-006
1.628363636363637e+000 -5.563653495522559e-006
1.628636363636364e+000 -1.172947878996978e-006
1.628909090909091e+000 2.097010813369129e-006
1.629181818181818e+000 1.725507478066148e-006
1.629454545454546e+000 -2.449599409235872e-006
1.629727272727273e+000 -7.397123198705259e-006
1.630000000000000e+000 -8.812283977388401e-006
1.630272727272727e+000 -5.012961153052605e-006
1.630545454545455e+000 6.442332114384504e-007
1.630818181818182e+000 2.241769816552722e-006
1.631090909090909e+000 -2.417545088908500e-006
1.631363636363636e+000 -8.305573255135086e-006
1.631636363636364e+000 -8.116625133906656e-006
1.631909090909091e+000 -1.671132514526056e-006
1.632181818181818e+000 2.462846486006258e-006
1.632454545454546e+000 -1.952711607554095e-006
1.632727272727273e+000 -8.768482059002872e-006
1.633000000000000e+000 -7.290011428144765e-006
1.633272727272727e+000 4.731831408479537e-007
1.633545454545455e+000 1.368526684248571e-006
1.633818181818182e+000 -6.635471558759239e-006
1.634090909090909e+000 -9.052200684464129e-006
1.634363636363637e+000 -9.679287401029822e-007
1.634636363636364e+000 1.784293588597441e-006
1.634909090909091e+000 -6.807347664220055e-006
1.635181818181818e+000 -8.792479884958199e-006
1.635454545454546e+000 4.259008026407344e-007
1.635727272727273e+000 1.077440326324885e-007
1.636000000000000e+000 -9.379801576398711e-006
1.636272727272727e+000 -5.409785869204295e-006
1.636545454545455e+000 2.455846179415287e-006
1.636818181818182e+000 -5.842530025569770e-006
1.637090909090909e+000 -9.027846403292265e-006
1.637363636363636e+000 1.483786140441868e-006
1.637636363636364e+000 -2.993570837318093e-006
1.637909090909091e+000 -1.021738237710033e-005
1.638181818181818e+000 4.215360997675785e-007
1.638454545454546e+000 -2.108524222551502e-006
1.638727272727273e+000 -1.046403495426645e-005
1.639000000000000e+000 6.640229872555918e-007
1.639272727272727e+000 -3.217769211667353e-006
1.639545454545455e+000 -9.994909911602082e-006
1.639818181818182e+000 1.967107497610880e-006
1.640090909090909e+000 -6.438001785873864e-006
1.640363636363637e+000 -7.414216065756318e-006
1.640636363636364e+000 2.146207621399647e-006
1.640909090909091e+000 -1.045223318881625e-005
1.641181818181818e+000 -1.665370661003906e-006
1.641454545454546e+000 -2.555151634943904e-006
1.641727272727273e+000 -9.893616518141496e-006
1.642000000000000e+000 2.442081716362684e-006
1.642272727272727e+000 -1.046599999704562e-005
1.642545454545455e+000 -1.212332084306739e-006
1.642818181818182e+000 -4.473035633205971e-006
1.643090909090909e+000 -7.864055377961434e-006
1.643363636363636e+000 1.010494865899317e-006
1.643636363636364e+000 -1.154053218607724e-005
1.643909090909091e+000 2.391213755284274e-006
1.644181818181818e+000 -1.114784544162219e-005
1.644454545454546e+000 4.779446788429486e-007
1.644727272727273e+000 -8.556298236105814e-006
1.645000000000000e+000 -2.551849596392033e-006
1.645272727272727e+000 -5.737694616414902e-006
1.645545454545455e+000 -5.186342425448495e-006
1.645818181818182e+000 -3.691254916322015e-006
1.646090909090909e+000 -6.868765627797858e-006
1.646363636363637e+000 -2.655399361695946e-006
1.646636363636364e+000 -7.548890747120966e-006
1.646909090909091e+000 -2.602158273874717e-006
1.647181818181818e+000 -7.254706445579421e-006
1.647454545454546e+000 -3.547084242022719e-006
1.647727272727273e+000 -5.918835313571939e-006
1.648000000000000e+000 -5.581884590137828e-006
1.648272727272727e+000 -3.490620920488785e-006
1.648545454545455e+000 -8.612491673472610e-006
1.648818181818182e+000 -3.457820436544231e-007
1.649090909090909e+000 -1.183030814811513e-005
1.649363636363636e+000 2.148531422828082e-006
1.649636363636364e+000 -1.327664337457636e-005
1.649909090909091e+000 1.590523683484251e-006
1.650181818181818e+000 -1.052542073008318e-005
1.650454545454546e+000 -3.741332579980398e-006
1.650727272727273e+000 -3.519498403845758e-006
1.651000000000000e+000 -1.131847871541022e-005
1.651272727272727e+000 2.221470596878022e-006
1.651545454545455e+000 -1.332140183849152e-005
1.651818181818182e+000 -1.235951931591611e-006
1.652090909090909e+000 -5.169848783126773e-006
1.652363636363637e+000 -1.157067813759701e-005
1.652636363636364e+000 2.409077823011396e-006
1.652909090909091e+000 -1.236565150059924e-005
1.653181818181818e+000 -5.205097119027563e-006
1.653454545454546e+000 -3.144118911509212e-007
1.653727272727273e+000 -1.450153539282626e-005
1.654000000000000e+000 -9.860047857678354e-007
1.654272727272727e+000 -3.684568423104979e-006
1.654545454545455e+000 -1.433494949366687e-005
1.654818181818182e+000 4.985141015488556e-007
1.655090909090909e+000 -5.014623469408832e-006
1.655363636363636e+000 -1.446270145054011e-005
1.655636363636364e+000 1.412892513204788e-007
1.655909090909091e+000 -3.768135407163666e-006
1.656181818181818e+000 -1.524961091111707e-005
1.656454545454546e+000 -2.439302705305084e-006
1.656727272727273e+000 -3.310034666025461e-007
1.657000000000000e+000 -1.462606227685227e-005
1.657272727272727e+000 -8.362266628437482e-006
1.657545454545455e+000 2.417701192190768e-006
1.657818181818182e+000 -8.899832312539381e-006
1.658090909090909e+000 -1.519026815143351e-005
1.658363636363637e+000 -2.042594054658896e-006
1.658636363636364e+000 5.726942508404733e-007
1.658909090909091e+000 -1.298179503868523e-005
1.659181818181818e+000 -1.387203079599030e-005
1.659454545454546e+000 -6.415229793973645e-007
1.659727272727273e+000 1.517177292738617e-007
1.660000000000000e+000 -1.278944283005306e-005
1.660272727272727e+000 -1.538643520556086e-005
1.660545454545455e+000 -3.435255188436145e-006
1.660818181818182e+000 2.155740464276902e-006
1.661090909090909e+000 -7.630299545745452e-006
1.661363636363636e+000 -1.695131186390425e-005
1.661636363636364e+000 -1.188699913731803e-005
1.661909090909091e+000 -3.957650788113276e-007
1.662181818181818e+000 1.377040474177151e-006
1.662454545454545e+000 -8.507338384391544e-006
1.662727272727273e+000 -1.721079299282217e-005
1.663000000000000e+000 -1.454423690184486e-005
1.663272727272727e+000 -4.197492079765063e-006
1.663545454545455e+000 2.308315868744963e-006
1.663818181818182e+000 -1.388223044959368e-006
1.664090909090909e+000 -1.117225394497270e-005
1.664363636363637e+000 -1.795290652460422e-005
1.664636363636364e+000 -1.632284810941602e-005
1.664909090909091e+000 -8.245449287846176e-006
1.665181818181818e+000 -1.847822686389715e-007
1.665454545454546e+000 2.338629816238111e-006
1.665727272727273e+000 -1.809367128724432e-006
1.666000000000000e+000 -9.613898615090230e-006
1.666272727272727e+000 -1.654791081285834e-005
1.666545454545455e+000 -1.931262152201753e-005
1.666818181818182e+000 -1.715438424644505e-005
1.667090909090909e+000 -1.156646695269205e-005
1.667363636363636e+000 -5.079465931337080e-006
1.667636363636364e+000 -7.348438562751345e-009
1.667909090909091e+000 2.308872658591919e-006
1.668181818181818e+000 1.650011089225767e-006
1.668454545454545e+000 -1.360432523604093e-006
1.668727272727273e+000 -5.698004874099567e-006
1.669000000000000e+000 -1.033261175973476e-005
1.669272727272727e+000 -1.447580145610313e-005
1.669545454545455e+000 -1.767100693434028e-005
1.669818181818182e+000 -1.976930856727916e-005
1.670090909090909e+000 -2.084656107588438e-005
1.670363636363637e+000 -2.110772576368727e-005
1.670636363636364e+000 -2.080600042676021e-005
1.670909090909091e+000 -2.018757881539449e-005
1.671181818181818e+000 -1.946162677558300e-005
1.671454545454546e+000 -1.878952739060229e-005
1.671727272727273e+000 -1.828604160643053e-005
1.672000000000000e+000 -1.802589895806326e-005
1.672272727272727e+000 -1.805103658866766e-005
1.672545454545455e+000 -1.837541393520583e-005
1.672818181818182e+000 -1.898573758178223e-005
1.673090909090909e+000 -1.983757238846651e-005
1.673363636363636e+000 -2.084741630826828e-005
1.673636363636364e+000 -2.188266395508595e-005
1.673909090909091e+000 -2.275318492776813e-005
1.674181818181818e+000 -2.321047360634031e-005
1.674454545454545e+000 -2.296251573880128e-005
1.674727272727273e+000 -2.171352036068097e-005
1.675000000000000e+000 -1.923555859180695e-005
1.675272727272727e+000 -1.547151027296169e-005
1.675545454545455e+000 -1.065363941902129e-005
1.675818181818182e+000 -5.400214751448165e-006
1.676090909090909e+000 -7.297920035428829e-007
1.676363636363637e+000 2.077448540394247e-006
1.676636363636364e+000 1.819595557162149e-006
1.676909090909091e+000 -2.110933512482752e-006
1.677181818181818e+000 -9.184586968682344e-006
1.677454545454546e+000 -1.744957055806101e-005
1.677727272727273e+000 -2.384256618798350e-005
1.678000000000000e+000 -2.528665174390300e-005
1.678272727272727e+000 -2.035541739800255e-005
1.678545454545455e+000 -1.071426117055323e-005
1.678818181818182e+000 -1.187948324687797e-006
1.679090909090909e+000 2.348996290407195e-006
1.679363636363636e+000 -3.249475794888234e-006
1.679636363636364e+000 -1.522350716981458e-005
1.679909090909091e+000 -2.536881243043564e-005
1.680181818181818e+000 -2.540353545552271e-005
1.680454545454545e+000 -1.430362695326757e-005
1.680727272727273e+000 -1.111183995185886e-006
1.681000000000000e+000 1.575842919848931e-006
1.681272727272727e+000 -1.006599642821779e-005
1.681545454545455e+000 -2.491919108912293e-005
1.681818181818182e+000 -2.655792698945852e-005
1.682090909090909e+000 -1.205694340890154e-005
1.682363636363637e+000 1.622371592080234e-006
1.682636363636364e+000 -3.628979881496810e-006
1.682909090909091e+000 -2.215656146118794e-005
1.683181818181818e+000 -2.854534434310734e-005
1.683454545454546e+000 -1.259740818100314e-005
1.683727272727273e+000 2.189109938804702e-006
1.684000000000000e+000 -8.343074228057877e-006
1.684272727272727e+000 -2.821668274415915e-005
1.684545454545455e+000 -2.353463973568205e-005
1.684818181818182e+000 -1.594364264687751e-006
1.685090909090909e+000 -2.706861013195162e-006
1.685363636363636e+000 -2.612160520826955e-005
1.685636363636364e+000 -2.641578383787786e-005
1.685909090909091e+000 -2.147147872825280e-006
1.686181818181818e+000 -3.999939354345213e-006
1.686454545454545e+000 -2.929981157403289e-005
1.686727272727273e+000 -2.237015703933013e-005
1.687000000000000e+000 1.728295716036348e-006
1.687272727272727e+000 -1.387478852002135e-005
1.687545454545455e+000 -3.286408746283850e-005
1.687818181818182e+000 -8.263507171729012e-006
1.688090909090909e+000 -1.959970911289151e-006
1.688363636363636e+000 -3.131782766148923e-005
1.688636363636364e+000 -1.909761336083680e-005
1.688909090909091e+000 1.970001659999830e-006
1.689181818181818e+000 -2.709459668774128e-005
1.689454545454546e+000 -2.497190820439309e-005
1.689727272727273e+000 2.379030112212747e-006
1.690000000000000e+000 -2.591358269181870e-005
1.690272727272727e+000 -2.593893540956603e-005
1.690545454545455e+000 2.324377518132018e-006
1.690818181818182e+000 -2.926469241327852e-005
1.691090909090909e+000 -2.178569921980377e-005
1.691363636363636e+000 5.477802425723474e-007
1.691636363636364e+000 -3.545128889990923e-005
1.691909090909091e+000 -1.150341684908554e-005
1.692181818181818e+000 -8.260557042975158e-006
1.692454545454545e+000 -3.719524280661156e-005
1.692727272727273e+000 5.497209831763710e-007
1.693000000000000e+000 -2.697101742504180e-005
1.693272727272727e+000 -2.319898116174510e-005
1.693545454545455e+000 -2.460685101298656e-006
1.693818181818182e+000 -3.970751022655553e-005
1.694090909090909e+000 -1.898910694110655e-007
1.694363636363637e+000 -2.980444756871860e-005
1.694636363636364e+000 -1.898203688855698e-005
1.694909090909091e+000 -9.450956535880332e-006
1.695181818181818e+000 -3.710301851225702e-005
1.695454545454546e+000 1.829845023053317e-006
1.695727272727273e+000 -4.188505381717792e-005
1.696000000000000e+000 -6.826677267831020e-007
1.696272727272727e+000 -3.514728450905622e-005
1.696545454545455e+000 -1.115534231376536e-005
1.696818181818182e+000 -2.421806752960257e-005
1.697090909090909e+000 -2.265072151106284e-005
1.697363636363636e+000 -1.457702282739351e-005
1.697636363636364e+000 -3.150411271981914e-005
1.697909090909091e+000 -8.203719866359723e-006
1.698181818181818e+000 -3.704159529074719e-005
1.698454545454545e+000 -4.922781052196801e-006
1.698727272727273e+000 -3.986867452251805e-005
1.699000000000000e+000 -4.036133382146749e-006
1.699272727272727e+000 -4.053640134634156e-005
1.699545454545455e+000 -5.295305094361185e-006
1.699818181818182e+000 -3.891234272049402e-005
1.700090909090909e+000 -9.226845234042369e-006
1.700363636363636e+000 -3.413818735965002e-005
1.700636363636364e+000 -1.687259040691077e-005
1.700909090909091e+000 -2.525204627918463e-005
1.701181818181818e+000 -2.872220007873271e-005
1.701454545454546e+000 -1.276117342453194e-005
1.701727272727273e+000 -4.267135184521826e-005
1.702000000000000e+000 -9.206400993044996e-007
1.702272727272727e+000 -5.203966827147666e-005
1.702545454545455e+000 1.476369015367651e-006
1.702818181818182e+000 -4.716423833299682e-005
1.703090909090909e+000 -1.373000689647445e-005
1.703363636363636e+000 -2.474782307015336e-005
1.703636363636364e+000 -4.139267367431774e-005
1.703909090909091e+000 -7.130818301812884e-007
1.704181818181818e+000 -5.570926589146385e-005
1.704454545454545e+000 -4.941059468546039e-006
1.704727272727273e+000 -3.353404004947790e-005
1.705000000000000e+000 -4.086211722002124e-005
1.705272727272727e+000 -1.543406494444680e-007
1.705545454545455e+000 -5.711462269866701e-005
1.705818181818182e+000 -1.405919557985336e-005
1.706090909090909e+000 -1.932313601254633e-005
1.706363636363636e+000 -5.748371666886662e-005
1.706636363636364e+000 -3.682515543587832e-007
1.706909090909091e+000 -3.809848797141608e-005
1.707181818181818e+000 -4.955010842968366e-005
1.707454545454546e+000 2.341622428446111e-006
1.707727272727273e+000 -4.823146469185838e-005
1.708000000000000e+000 -4.529236174645661e-005
1.708272727272727e+000 2.233220941282505e-006
1.708545454545455e+000 -5.033178019698613e-005
1.708818181818182e+000 -4.892905780401139e-005
1.709090909090909e+000 2.241757790431094e-006
1.709363636363636e+000 -4.390695718478994e-005
1.709636363636364e+000 -5.994886657202102e-005
1.709909090909091e+000 -2.379879006696427e-006
1.710181818181818e+000 -2.638337287484732e-005
1.710454545454545e+000 -7.045552116777223e-005
1.710727272727273e+000 -2.242807874158977e-005
1.711000000000000e+000 -3.278001775157572e-006
1.711272727272727e+000 -6.090714098074455e-005
1.711545454545455e+000 -5.893574144460485e-005
1.711818181818182e+000 -2.864464466055681e-006
1.712090909090909e+000 -2.044160835321443e-005
1.712363636363636e+000 -7.369882159002624e-005
1.712636363636364e+000 -4.962731667008904e-005
1.712909090909091e+000 4.870878734836905e-007
1.713181818181818e+000 -2.518534791119802e-005
1.713454545454546e+000 -7.673449823480496e-005
1.713727272727273e+000 -5.749700632357359e-005
1.714000000000000e+000 -4.335611308101422e-006
1.714272727272727e+000 -1.223648202605985e-005
1.714545454545455e+000 -6.751672020199834e-005
1.714818181818182e+000 -7.944851824681314e-005
1.715090909090909e+000 -3.087151161687681e-005
1.715363636363636e+000 2.334663011050997e-006
1.715636363636364e+000 -2.860876038301086e-005
1.715909090909091e+000 -7.938530434394195e-005
1.716181818181818e+000 -8.202939213907133e-005
1.716454545454546e+000 -3.533161874871359e-005
1.716727272727273e+000 1.140257004801616e-006
1.717000000000000e+000 -1.555217157963797e-005
1.717272727272727e+000 -6.538958543752630e-005
1.717545454545455e+000 -9.479652720777179e-005
1.717818181818182e+000 -7.564976787003081e-005
1.718090909090909e+000 -2.901404650552082e-005
1.718363636363636e+000 1.148779760527775e-006
1.718636363636364e+000 -1.051156673805467e-005
1.718909090909091e+000 -5.282676045599038e-005
1.719181818181818e+000 -9.256640626804841e-005
1.719454545454546e+000 -1.022438029663097e-004
1.719727272727273e+000 -7.786938361170563e-005
1.720000000000000e+000 -3.726803278585297e-005
1.720272727272727e+000 -5.331543557168380e-006
1.720545454545455e+000 1.251652646198761e-006
1.720818181818182e+000 -1.899925697581990e-005
1.721090909090909e+000 -5.487008909894493e-005
1.721363636363636e+000 -9.029145488545905e-005
1.721636363636364e+000 -1.121370553909321e-004
1.721909090909091e+000 -1.145614383171933e-004
1.722181818181818e+000 -9.924880294123001e-005
1.722454545454546e+000 -7.288920537002539e-005
1.722727272727273e+000 -4.378510722304083e-005
1.723000000000000e+000 -1.906706073310771e-005
1.723272727272727e+000 -3.189706917424538e-006
1.723545454545455e+000 2.321802810496952e-006
1.723818181818182e+000 -1.712690700711542e-006
1.724090909090909e+000 -1.306189773968502e-005
1.724363636363636e+000 -2.898721425644251e-005
1.724636363636364e+000 -4.691141671528013e-005
1.724909090909091e+000 -6.479678439938886e-005
1.725181818181818e+000 -8.127259114277108e-005
1.725454545454546e+000 -9.559161855575040e-005
1.725727272727273e+000 -1.074963447319994e-004
1.726000000000000e+000 -1.170568499918409e-004
1.726272727272727e+000 -1.245188079273173e-004
1.726545454545455e+000 -1.301795249951620e-004
1.726818181818182e+000 -1.342960675236675e-004
1.727090909090909e+000 -1.370221519214490e-004
1.727363636363636e+000 -1.383683527626060e-004
1.727636363636364e+000 -1.381817091749364e-004
1.727909090909091e+000 -1.361445915701016e-004
1.728181818181818e+000 -1.317975932568593e-004
1.728454545454546e+000 -1.245960681074633e-004
1.728727272727273e+000 -1.140131801316548e-004
1.729000000000000e+000 -9.970160212484783e-005
1.729272727272727e+000 -8.171803425513678e-005
1.729545454545455e+000 -6.079583964479175e-005
1.729818181818182e+000 -3.861876179814112e-005
1.730090909090909e+000 -1.800443865086691e-005
1.730363636363636e+000 -2.860108625430462e-006
1.730636363636364e+000 2.253143173668400e-006
1.730909090909091e+000 -6.918714408397626e-006
1.731181818181818e+000 -3.283045099966679e-005
1.731454545454545e+000 -7.435868063964615e-005
1.731727272727273e+000 -1.253277022499024e-004
1.732000000000000e+000 -1.742522586360894e-004
1.732272727272727e+000 -2.062703731829082e-004
1.732545454545455e+000 -2.077506276812283e-004
1.732818181818182e+000 -1.728434114876681e-004
1.733090909090909e+000 -1.095122446557734e-004
1.733363636363636e+000 -4.115605682665896e-005
1.733636363636364e+000 -1.894201420008638e-007
1.733909090909091e+000 -1.312387744665835e-005
1.734181818181818e+000 -8.259493046125210e-005
1.734454545454546e+000 -1.775421053242451e-004
1.734727272727273e+000 -2.431183739038623e-004
1.735000000000000e+000 -2.323917574838821e-004
1.735272727272727e+000 -1.442410739619494e-004
1.735545454545455e+000 -3.764777216618931e-005
1.735818181818182e+000 1.120925450518599e-006
1.736090909090909e+000 -7.217574904706815e-005
1.736363636363636e+000 -2.072630619183786e-004
1.736636363636364e+000 -2.847989978152874e-004
1.736909090909091e+000 -2.226989688363604e-004
1.737181818181818e+000 -7.396940567536976e-005
1.737454545454545e+000 2.139389763036436e-006
1.737727272727273e+000 -9.479355458804314e-005
1.738000000000000e+000 -2.690683612789527e-004
1.738272727272727e+000 -3.110155697961443e-004
1.738545454545455e+000 -1.559096327030902e-004
1.738818181818182e+000 -3.783814501595887e-006
1.739090909090909e+000 -7.966589747796226e-005
1.739363636363636e+000 -2.977677670177297e-004
1.739636363636364e+000 -3.385459577992735e-004
1.739909090909091e+000 -1.262828905683617e-004
1.740181818181818e+000 3.610626987342990e-007
1.740454545454546e+000 -1.931328671313782e-004
1.740727272727273e+000 -3.974919118925540e-004
1.741000000000000e+000 -2.450282394932030e-004
1.741272727272727e+000 -4.916810050300742e-006
1.741545454545455e+000 -1.516046590285633e-004
1.741818181818182e+000 -4.314539936195823e-004
1.742090909090909e+000 -2.840991155928959e-004
1.742363636363636e+000 -2.589834415585866e-006
1.742636363636364e+000 -2.088563676486215e-004
1.742909090909091e+000 -4.896833112690461e-004
1.743181818181818e+000 -2.149419241529073e-004
1.743454545454545e+000 -1.038971876005608e-005
1.743727272727273e+000 -3.964895732633190e-004
1.744000000000000e+000 -4.740937775983620e-004
1.744272727272727e+000 -4.165372875150618e-005
1.744545454545455e+000 -2.090757058719501e-004
1.744818181818182e+000 -5.968013184239352e-004
1.745090909090909e+000 -1.904916064199985e-004
1.745363636363637e+000 -8.508209768269366e-005
1.745636363636364e+000 -6.270338959759322e-004
1.745909090909091e+000 -3.287488498452690e-004
1.746181818181818e+000 -3.757552997202229e-005
1.746454545454546e+000 -6.566608845020801e-004
1.746727272727273e+000 -4.016625169721782e-004
1.747000000000000e+000 -3.823924010648159e-005
1.747272727272727e+000 -7.400981651935880e-004
1.747545454545455e+000 -3.825053621407568e-004
1.747818181818182e+000 -9.809417828375205e-005
1.748090909090909e+000 -8.743495437346633e-004
1.748363636363636e+000 -2.469778735300919e-004
1.748636363636364e+000 -2.981756112251019e-004
1.748909090909091e+000 -9.558791466246561e-004
1.749181818181818e+000 -4.523220546326731e-005
1.749454545454545e+000 -7.257033635666053e-004
1.749727272727273e+000 -7.586034976659809e-004
1.750000000000000e+000 -6.419437832619220e-005
1.750272727272727e+000 -1.195835975669219e-003
1.750545454545455e+000 -2.170420442940008e-004
1.750818181818182e+000 -7.112741271729510e-004
1.751090909090909e+000 -1.029777481615276e-003
1.751363636363637e+000 -7.849550382169659e-005
1.751636363636364e+000 -1.508076354681868e-003
1.751909090909091e+000 -1.299603477791736e-004
1.752181818181818e+000 -1.225723767422003e-003
1.752454545454546e+000 -8.448390293916040e-004
1.752727272727273e+000 -5.581244754197863e-004
1.753000000000000e+000 -1.672439302049160e-003
1.753272727272727e+000 -7.109310755511540e-005
1.753545454545455e+000 -2.164787909391609e-003
1.753818181818182e+000 -4.822214592899893e-005
1.754090909090909e+000 -2.221818224639914e-003
1.754363636363636e+000 -4.551972365611925e-004
1.754636363636364e+000 -1.982896416033513e-003
1.754909090909091e+000 -1.118162456663684e-003
1.755181818181818e+000 -1.642009532720124e-003
1.755454545454545e+000 -1.878740762461824e-003
1.755727272727273e+000 -1.342680916727418e-003
1.756000000000000e+000 -2.652385729481060e-003
1.756272727272727e+000 -1.162490246021427e-003
1.756545454545455e+000 -3.418110729462274e-003
1.756818181818182e+000 -1.145029999473005e-003
1.757090909090909e+000 -4.182055729022441e-003
1.757363636363637e+000 -1.346943707470771e-003
1.757636363636364e+000 -4.937668883732726e-003
1.757909090909091e+000 -1.889359293839512e-003
1.758181818181818e+000 -5.629782396776059e-003
1.758454545454546e+000 -3.013318089329101e-003
1.758727272727273e+000 -6.131365523763219e-003
1.759000000000000e+000 -5.134886094292381e-003
1.759272727272727e+000 -6.259931215069996e-003
1.759545454545455e+000 -8.889490329094522e-003
1.759818181818182e+000 -5.883776111481840e-003
1.760090909090909e+000 -1.518856465369241e-002
1.760363636363636e+000 -5.171942685774185e-003
1.760636363636364e+000 -2.547503068858792e-002
1.760909090909091e+000 -5.124600660741505e-003
1.761181818181818e+000 -4.251001787100210e-002
1.761454545454545e+000 -1.093505274492306e-002
1.761727272727273e+000 -6.529957543622053e-002
1.762000000000000e+000 -8.208869070662847e-002
1.762272727272727e+000 -4.462020982384621e-004
1.762545454545455e+000 -1.689482754524616e-002
1.762818181818182e+000 -7.588684691170751e-001
1.763090909090909e+000 -1.000000000000000e+002
1.763363636363637e+000 -1.000000000000000e+002
1.763636363636364e+000 -1.301482596137278e+000
1.763909090909091e+000 -1.378936927565833e-001
1.764181818181818e+000 -2.430364266335958e-002
1.764454545454546e+000 -5.887128482338436e-002
1.764727272727273e+000 -6.716495842027098e-002
1.765000000000000e+000 -1.866362462012870e-002
1.765272727272727e+000 -2.810253175958066e-002
1.765545454545455e+000 -2.474375409872166e-002
1.765818181818182e+000 -3.382640165798814e-003
1.766090909090909e+000 -2.480886593425715e-002
1.766363636363636e+000 -2.797991228545004e-003
1.766636363636364e+000 -8.725027148113521e-003
1.766909090909091e+000 -1.328485038214378e-002
1.767181818181818e+000 -1.848771172179610e-004
1.767454545454545e+000 -7.659279027748044e-003
1.767727272727273e+000 -8.112032667240275e-003
1.768000000000000e+000 -5.049393970188363e-005
1.768272727272727e+000 -5.239831291281572e-003
1.768545454545455e+000 -6.205822894117141e-003
1.768818181818182e+000 -2.746562299382819e-004
1.769090909090909e+000 -2.806145877350251e-003
1.769363636363636e+000 -5.284348169147583e-003
1.769636363636364e+000 -1.109121953890548e-003
1.769909090909091e+000 -7.732908787088402e-004
1.770181818181818e+000 -3.956449352909856e-003
1.770454545454546e+000 -2.475553664032341e-003
1.770727272727273e+000 -7.353875153635784e-006
1.771000000000000e+000 -1.747630565618328e-003
1.771272727272727e+000 -3.116191827257480e-003
1.771545454545455e+000 -1.117122343019039e-003
1.771818181818182e+000 -5.696493312270022e-005
1.772090909090909e+000 -1.696714082056695e-003
1.772363636363636e+000 -2.370201944862555e-003
1.772636363636364e+000 -8.241477920129762e-004
1.772909090909091e+000 -2.421667741005644e-005
1.773181818181818e+000 -1.156341920744827e-003
1.773454545454545e+000 -1.939044180747821e-003
1.773727272727273e+000 -1.043547181276778e-003
1.774000000000000e+000 -4.002947817664741e-005
1.774272727272727e+000 -4.187847108486675e-004
1.774545454545454e+000 -1.370382675184483e-003
1.774818181818182e+000 -1.393810962318870e-003
1.775090909090909e+000 -5.264029008809356e-004
1.775363636363637e+000 1.504786580789244e-006
1.775636363636364e+000 -4.049391346764718e-004
1.775909090909091e+000 -1.084016569554594e-003
1.776181818181818e+000 -1.159149796961164e-003
1.776454545454546e+000 -5.931213936288664e-004
1.776727272727273e+000 -6.150575175653197e-005
1.777000000000000e+000 -9.204334458360277e-005
1.777272727272727e+000 -5.586293467314471e-004
1.777545454545455e+000 -9.387807606535000e-004
1.777818181818182e+000 -8.806932171348969e-004
1.778090909090909e+000 -4.774454836271459e-004
1.778363636363636e+000 -9.280170044102320e-005
1.778636363636364e+000 -1.129202895949703e-005
1.778909090909091e+000 -2.399252817193980e-004
1.779181818181818e+000 -5.659258179774988e-004
1.779454545454545e+000 -7.521769713879614e-004
1.779727272727273e+000 -6.953316083417842e-004
1.780000000000000e+000 -4.563904747423852e-004
1.780272727272727e+000 -1.856803938532142e-004
1.780545454545454e+000 -1.980270722534433e-005
1.780818181818182e+000 -1.619278469463009e-005
1.781090909090909e+000 -1.465645395806574e-004
1.781363636363636e+000 -3.323013363032211e-004
1.781636363636364e+000 -4.907613530259219e-004
1.781909090909091e+000 -5.683537647100323e-004
1.782181818181818e+000 -5.515215886693158e-004
1.782454545454546e+000 -4.595105272906834e-004
1.782727272727273e+000 -3.284345138765533e-004
1.783000000000000e+000 -1.955086875079543e-004
1.783272727272727e+000 -8.856912817851489e-005
1.783545454545455e+000 -2.205171118745249e-005
1.783818181818182e+000 1.975079968139175e-006
1.784090909090909e+000 -9.933490923091029e-006
1.784363636363636e+000 -4.694626261688850e-005
1.784636363636364e+000 -9.756672792078519e-005
1.784909090909091e+000 -1.519597303075434e-004
1.785181818181818e+000 -2.030178676590958e-004
1.785454545454545e+000 -2.464828540209999e-004
1.785727272727273e+000 -2.805083675365381e-004
1.786000000000000e+000 -3.049935873512576e-004
1.786272727272727e+000 -3.209104317834911e-004
1.786545454545454e+000 -3.297434653326112e-004
1.786818181818182e+000 -3.330831301132900e-004
1.787090909090909e+000 -3.323651114662487e-004
1.787363636363636e+000 -3.287262647697282e-004
1.787636363636364e+000 -3.229424693439915e-004
1.787909090909091e+000 -3.154185206146861e-004
1.788181818181818e+000 -3.062092317045743e-004
1.788454545454546e+000 -2.950609139179530e-004
1.788727272727273e+000 -2.814715199863694e-004
1.789000000000000e+000 -2.647749498684144e-004
1.789272727272727e+000 -2.442594849931013e-004
1.789545454545455e+000 -2.193308630249716e-004
1.789818181818182e+000 -1.897254863763282e-004
1.790090909090909e+000 -1.557667441896571e-004
1.790363636363636e+000 -1.186360381699806e-004
1.790636363636364e+000 -8.060042431398817e-005
1.790909090909091e+000 -4.510547339059185e-005
1.791181818181818e+000 -1.661588980725920e-005
1.791454545454545e+000 -8.573235054815895e-008
1.791727272727273e+000 1.196084381375726e-008
1.792000000000000e+000 -1.895108706354969e-005
1.792272727272727e+000 -5.623922467040238e-005
1.792545454545454e+000 -1.065473483598880e-004
1.792818181818182e+000 -1.597633596569996e-004
1.793090909090909e+000 -2.023541437455860e-004
1.793363636363636e+000 -2.206967549603602e-004
1.793636363636364e+000 -2.059323765258088e-004
1.793909090909091e+000 -1.588895633971242e-004
1.794181818181818e+000 -9.272271387922576e-005
1.794454545454546e+000 -3.081448704902462e-005
1.794727272727273e+000 1.154804981088217e-006
1.795000000000000e+000 -1.283613517962566e-005
1.795272727272727e+000 -6.842867808263586e-005
1.795545454545455e+000 -1.384889693813932e-004
1.795818181818182e+000 -1.838815942521983e-004
1.796090909090909e+000 -1.751572982758255e-004
1.796363636363636e+000 -1.138142527903235e-004
1.796636363636364e+000 -3.724784292821189e-005
1.796909090909091e+000 1.926872499852324e-006
1.797181818181818e+000 -2.633691677677481e-005
1.797454545454545e+000 -1.014060448389721e-004
1.797727272727273e+000 -1.613515331478254e-004
1.798000000000000e+000 -1.518140373047624e-004
1.798272727272727e+000 -7.789726469244720e-005
1.798545454545454e+000 -7.559277714730787e-006
1.798818181818182e+000 -1.066566395630043e-005
1.799090909090909e+000 -8.471925445681605e-005
1.799363636363636e+000 -1.486732304629564e-004
1.799636363636364e+000 -1.274697115376267e-004
1.799909090909091e+000 -4.314575234891182e-005
1.800181818181818e+000 2.168149327506552e-006
1.800454545454545e+000 -4.937345605226819e-005
1.800727272727273e+000 -1.289093840514613e-004
1.801000000000000e+000 -1.248879840921774e-004
1.801272727272727e+000 -4.041534092836541e-005
1.801545454545455e+000 1.280395660014200e-006
1.801818181818182e+000 -6.291222115489984e-005
1.802090909090909e+000 -1.304600613011801e-004
1.802363636363636e+000 -8.906641346001994e-005
1.802636363636364e+000 -6.369639286271252e-006
1.802909090909091e+000 -2.455448133501789e-005
1.803181818181818e+000 -1.098565729826012e-004
1.803454545454545e+000 -1.036080726962567e-004
1.803727272727273e+000 -1.585525501233240e-005
1.804000000000000e+000 -1.566182745032263e-005
1.804272727272727e+000 -1.017096139112026e-004
1.804545454545455e+000 -9.596400172670423e-005
1.804818181818182e+000 -9.096483002356227e-006
1.805090909090909e+000 -2.651089429001642e-005
1.805363636363636e+000 -1.076595324884691e-004
1.805636363636364e+000 -6.780848397152183e-005
1.805909090909091e+000 2.121284506375146e-006
1.806181818181818e+000 -6.082981954990465e-005
1.806454545454545e+000 -1.025647833403690e-004
1.806727272727273e+000 -1.938886207724650e-005
1.807000000000000e+000 -1.890736566585531e-005
1.807272727272727e+000 -9.956743991588844e-005
1.807545454545455e+000 -4.923138340649424e-005
1.807818181818182e+000 -1.202043143736827e-006
1.808090909090909e+000 -8.290340794308726e-005
1.808363636363636e+000 -6.688131212167260e-005
1.808636363636364e+000 2.173552539354616e-006
1.808909090909091e+000 -7.027664332976824e-005
1.809181818181818e+000 -7.159985649104146e-005
1.809454545454545e+000 2.172066040880561e-006
1.809727272727273e+000 -6.723005141480364e-005
1.810000000000000e+000 -6.644035416354483e-005
1.810272727272727e+000 2.004950805834722e-006
1.810545454545455e+000 -7.302327753473049e-005
1.810818181818182e+000 -5.160828180212384e-005
1.811090909090909e+000 -2.634888289140620e-006
1.811363636363636e+000 -8.199191664675951e-005
1.811636363636364e+000 -2.713908319627993e-005
1.811909090909091e+000 -2.044039226690974e-005
1.812181818181818e+000 -8.077634275284931e-005
1.812454545454545e+000 -2.515880470934912e-006
1.812727272727273e+000 -5.340377081346520e-005
1.813000000000000e+000 -5.344683197973182e-005
1.813272727272727e+000 -3.031295055035096e-006
1.813545454545455e+000 -7.753517175370601e-005
1.813818181818182e+000 -9.482895897835546e-006
1.814090909090909e+000 -4.365785670080735e-005
1.814363636363636e+000 -5.235185285833728e-005
1.814636363636364e+000 -4.321267303167539e-006
1.814909090909091e+000 -7.374924366677156e-005
1.815181818181818e+000 -1.594567231103627e-006
1.815454545454545e+000 -5.700944049646294e-005
1.815727272727273e+000 -2.826124275510191e-005
1.816000000000000e+000 -2.488351501423724e-005
1.816272727272727e+000 -5.619859111884466e-005
1.816545454545455e+000 -2.535508739672325e-006
1.816818181818182e+000 -6.801065697537896e-005
1.817090909090909e+000 1.733029345029511e-006
1.817363636363636e+000 -6.330325900997987e-005
1.817636363636364e+000 -7.006464869723672e-006
1.817909090909091e+000 -4.995200262587052e-005
1.818181818181818e+000 -2.028251253012881e-005
1.818454545454546e+000 -3.553084581049529e-005
1.818727272727273e+000 -3.218325485015774e-005
1.819000000000000e+000 -2.408771334562472e-005
1.819272727272727e+000 -4.034950577456939e-005
1.819545454545455e+000 -1.665045914537429e-005
1.819818181818182e+000 -4.466836664809808e-005
1.820090909090909e+000 -1.279666469634842e-005
1.820363636363636e+000 -4.578463439988217e-005
1.820636363636364e+000 -1.188208116708900e-005
1.820909090909091e+000 -4.419396235458478e-005
1.821181818181818e+000 -1.363235159376568e-005
1.821454545454545e+000 -3.993151392300679e-005
1.821727272727273e+000 -1.821030646802703e-005
1.822000000000000e+000 -3.272506267080843e-005
1.822272727272727e+000 -2.585004570457980e-005
1.822545454545455e+000 -2.257621535371939e-005
1.822818181818182e+000 -3.606243212359947e-005
1.823090909090909e+000 -1.073896001479142e-005
1.823363636363636e+000 -4.655794505676835e-005
1.823636363636364e+000 -7.232717775045558e-007
1.823909090909091e+000 -5.259812762573160e-005
1.824181818181818e+000 1.800219239911945e-006
1.824454545454545e+000 -4.828387605690076e-005
1.824727272727273e+000 -8.124088409853640e-006
1.825000000000000e+000 -3.116554490841423e-005
1.825272727272727e+000 -2.874298538060535e-005
1.825545454545455e+000 -8.528652054541921e-006
1.825818181818182e+000 -4.695164370188023e-005
1.826090909090909e+000 2.171849487755662e-006
1.826363636363636e+000 -4.457695141247973e-005
1.826636363636364e+000 -1.243607606453366e-005
1.826909090909091e+000 -1.913453498702162e-005
1.827181818181818e+000 -3.964830512292610e-005
1.827454545454545e+000 1.791085370185511e-006
1.827727272727273e+000 -4.390693804221403e-005
1.828000000000000e+000 -1.229196973320345e-005
1.828272727272727e+000 -1.482031406698183e-005
1.828545454545455e+000 -4.197685227612980e-005
1.828818181818182e+000 1.653097679441432e-006
1.829090909090909e+000 -3.388324290247221e-005
1.829363636363636e+000 -2.643967388571619e-005
1.829636363636364e+000 -6.395932532939834e-007
1.829909090909091e+000 -4.203486006826989e-005
1.830181818181818e+000 -1.309502856126642e-005
1.830454545454545e+000 -8.004677353534358e-006
1.830727272727273e+000 -4.233218751308623e-005
1.831000000000000e+000 -6.140970652579705e-006
1.831272727272727e+000 -1.302463271790523e-005
1.831545454545455e+000 -4.062728128148015e-005
1.831818181818182e+000 -4.069580909993089e-006
1.832090909090909e+000 -1.352440020624869e-005
1.832363636363636e+000 -3.978405113953756e-005
1.832636363636364e+000 -5.608375801999646e-006
1.832909090909091e+000 -9.590270434309706e-006
1.833181818181818e+000 -3.928689861501092e-005
1.833454545454545e+000 -1.134999961576251e-005
1.833727272727273e+000 -2.775460372229544e-006
1.834000000000000e+000 -3.566843067104332e-005
1.834272727272727e+000 -2.205378291184943e-005
1.834545454545455e+000 2.124535657693211e-006
1.834818181818182e+000 -2.432781442115943e-005
1.835090909090909e+000 -3.386713080168311e-005
1.835363636363636e+000 -3.345987475599383e-006
1.835636363636364e+000 -6.512329422210473e-006
1.835909090909091e+000 -3.459038096104509e-005
1.836181818181818e+000 -2.213982942738286e-005
1.836454545454545e+000 1.934779275675088e-006
1.836727272727273e+000 -1.521847465017858e-005
1.837000000000000e+000 -3.512232595925640e-005
1.837272727272727e+000 -1.573452818530492e-005
1.837545454545455e+000 2.166365358263798e-006
1.837818181818182e+000 -1.677929329653650e-005
1.838090909090909e+000 -3.404452377677184e-005
1.838363636363636e+000 -1.673827418545824e-005
1.838636363636364e+000 2.023502030475048e-006
1.838909090909091e+000 -1.128033682406041e-005
1.839181818181818e+000 -3.179055339040119e-005
1.839454545454546e+000 -2.414778920228467e-005
1.839727272727273e+000 -2.043602915724627e-006
1.840000000000000e+000 -1.343333708297519e-006
1.840272727272727e+000 -2.190618103740635e-005
1.840545454545455e+000 -3.155204626732812e-005
1.840818181818182e+000 -1.660816294524592e-005
1.841090909090909e+000 7.345550603889448e-007
1.841363636363636e+000 -3.134223804433843e-006
1.841636363636364e+000 -2.179688149715554e-005
1.841909090909091e+000 -3.055069611665184e-005
1.842181818181818e+000 -1.910338401001218e-005
1.842454545454545e+000 -2.039640647076453e-006
1.842727272727273e+000 1.036570331344848e-006
1.843000000000000e+000 -1.223692411117841e-005
1.843272727272727e+000 -2.676849412816366e-005
1.843545454545455e+000 -2.774244974288788e-005
1.843818181818182e+000 -1.503649212961749e-005
1.844090909090909e+000 -1.232204815806723e-006
1.844363636363636e+000 1.507033288463999e-006
1.844636363636364e+000 -8.224007661267487e-006
1.844909090909091e+000 -2.158792993076930e-005
1.845181818181818e+000 -2.801182430097574e-005
1.845454545454546e+000 -2.331146160537954e-005
1.845727272727273e+000 -1.157412081077316e-005
1.846000000000000e+000 -9.980805054551090e-007
1.846272727272727e+000 2.044752373557915e-006
1.846545454545455e+000 -3.485996446317558e-006
1.846818181818182e+000 -1.370219634800303e-005
1.847090909090909e+000 -2.282586096484396e-005
1.847363636363636e+000 -2.649464939653526e-005
1.847636363636364e+000 -2.355828956059340e-005
1.847909090909091e+000 -1.592195278138244e-005
1.848181818181818e+000 -7.081999739544388e-006
1.848454545454545e+000 -3.876642336259563e-007
1.848727272727273e+000 2.166940715280730e-006
1.849000000000000e+000 3.136395183257624e-007
1.849272727272727e+000 -4.824534139103101e-006
1.849545454545455e+000 -1.142417930909958e-005
1.849818181818182e+000 -1.765932262126209e-005
1.850090909090909e+000 -2.218420711570651e-005
1.850363636363636e+000 -2.433232512142333e-005
1.850636363636364e+000 -2.407653296307445e-005
1.850909090909091e+000 -2.184754512721624e-005
1.851181818181818e+000 -1.830913149740779e-005
1.851454545454546e+000 -1.416043870348276e-005
1.851727272727273e+000 -1.000038095362813e-005
1.852000000000000e+000 -6.259657824219088e-006
1.852272727272727e+000 -3.188017015230734e-006
1.852545454545455e+000 -8.773864012305830e-007
1.852818181818182e+000 6.978429548914918e-007
1.853090909090909e+000 1.637534345530892e-006
1.853363636363636e+000 2.078120379304148e-006
1.853636363636364e+000 2.164303566415659e-006
1.853909090909091e+000 2.030561525262148e-006
1.854181818181818e+000 1.790968026046136e-006
1.854454545454545e+000 1.535075564568797e-006
1.854727272727273e+000 1.327578932266987e-006
1.855000000000000e+000 1.209845924449729e-006
1.855272727272727e+000 1.201909604179060e-006
1.855545454545454e+000 1.304031339437662e-006
1.855818181818182e+000 1.497412376987303e-006
1.856090909090909e+000 1.744043961267749e-006
1.856363636363636e+000 1.986075522875535e-006
1.856636363636364e+000 2.145467766589008e-006
1.856909090909091e+000 2.125084060811856e-006
1.857181818181818e+000 1.812727072079665e-006
1.857454545454545e+000 1.089837814793623e-006
1.857727272727273e+000 -1.535282980291950e-007
1.858000000000000e+000 -1.996497644148356e-006
1.858272727272727e+000 -4.458485333370965e-006
1.858545454545455e+000 -7.466653066227275e-006
1.858818181818182e+000 -1.082620669239583e-005
1.859090909090909e+000 -1.420387488925235e-005
1.859363636363636e+000 -1.713792601616756e-005
1.859636363636364e+000 -1.908826503766687e-005
1.859909090909091e+000 -1.953502811879892e-005
1.860181818181818e+000 -1.812158901148551e-005
1.860454545454545e+000 -1.481783691486622e-005
1.860727272727273e+000 -1.005563973552957e-005
1.861000000000000e+000 -4.769497102638323e-006
1.861272727272727e+000 -2.752099407969494e-007
1.861545454545454e+000 2.047704011713684e-006
1.861818181818182e+000 1.231662011419615e-006
1.862090909090909e+000 -2.782931914861455e-006
1.862363636363636e+000 -8.855980205227686e-006
1.862636363636363e+000 -1.479800667229457e-005
1.862909090909091e+000 -1.808045155847052e-005
1.863181818181818e+000 -1.696171178037976e-005
1.863454545454546e+000 -1.156479851852911e-005
1.863727272727273e+000 -4.251613858618233e-006
1.864000000000000e+000 1.206481046447404e-006
1.864272727272727e+000 1.571793499096609e-006
1.864545454545455e+000 -3.715110051494663e-006
1.864818181818182e+000 -1.162920289102032e-005
1.865090909090909e+000 -1.696938792160997e-005
1.865363636363636e+000 -1.574195816972688e-005
1.865636363636364e+000 -8.423637839692641e-006
1.865909090909091e+000 -3.492499771715265e-007
1.866181818181818e+000 1.940049427076121e-006
1.866454545454545e+000 -3.788019573309634e-006
1.866727272727273e+000 -1.276034956629806e-005
1.867000000000000e+000 -1.668663758363321e-005
1.867272727272727e+000 -1.144695178523110e-005
1.867545454545454e+000 -1.904935206700762e-006
1.867818181818182e+000 2.084668482713510e-006
1.868090909090909e+000 -4.039993491187409e-006
1.868363636363636e+000 -1.363777712976065e-005
1.868636363636364e+000 -1.542816240722351e-005
1.868909090909091e+000 -6.874989174711635e-006
1.869181818181818e+000 1.586092607146271e-006
1.869454545454545e+000 -1.092060669821319e-006
1.869727272727273e+000 -1.156719339407931e-005
1.870000000000000e+000 -1.534106893395492e-005
1.870272727272727e+000 -6.702683681748753e-006
1.870545454545455e+000 1.887811276745929e-006
1.870818181818182e+000 -2.684089625813555e-006
1.871090909090909e+000 -1.345192833616581e-005
1.871363636363636e+000 -1.299233321085869e-005
1.871636363636364e+000 -1.751104893043992e-006
1.871909090909091e+000 1.281164857519707e-006
1.872181818181818e+000 -9.324159932447456e-006
1.872454545454545e+000 -1.457223497222426e-005
1.872727272727273e+000 -4.563785024719969e-006
1.873000000000000e+000 2.018206213611690e-006
1.873272727272727e+000 -7.601730196561330e-006
1.873545454545454e+000 -1.441188875505123e-005
1.873818181818182e+000 -4.418404504397147e-006
1.874090909090909e+000 1.846428985566575e-006
1.874363636363636e+000 -8.907756079321582e-006
1.874636363636363e+000 -1.337645624822249e-005
1.874909090909091e+000 -1.496728135202923e-006
1.875181818181818e+000 3.858973410381024e-008
1.875454545454546e+000 -1.229562429681468e-005
1.875727272727273e+000 -9.438962516244762e-006
1.876000000000000e+000 1.917491569804419e-006
1.876272727272727e+000 -5.855861827837918e-006
1.876545454545455e+000 -1.337508798339213e-005
1.876818181818182e+000 -1.507224580527241e-006
1.877090909090909e+000 -7.028601888081210e-007
1.877363636363636e+000 -1.296694154272243e-005
1.877636363636364e+000 -5.552918314074389e-006
1.877909090909091e+000 1.554734355631000e-006
1.878181818181818e+000 -1.105075248473384e-005
1.878454545454545e+000 -8.066552270373754e-006
1.878727272727273e+000 2.091893165652312e-006
1.879000000000000e+000 -9.641962972560538e-006
1.879272727272727e+000 -8.898799474722354e-006
1.879545454545454e+000 2.132671938158815e-006
1.879818181818182e+000 -9.462324765448035e-006
1.880090909090909e+000 -8.298820498157722e-006
1.880363636363636e+000 2.023165272051380e-006
1.880636363636364e+000 -1.046706362966072e-005
1.880909090909091e+000 -6.226930729106716e-006
1.881181818181818e+000 1.172885041980104e-006
1.881454545454545e+000 -1.190818624463779e-005
1.881727272727273e+000 -2.679749169294813e-006
1.882000000000000e+000 -1.610277701737772e-006
1.882272727272727e+000 -1.196482319910099e-005
1.882545454545455e+000 1.115445799963921e-006
1.882818181818182e+000 -6.774349068284189e-006
1.883090909090909e+000 -8.262924591468183e-006
1.883363636363636e+000 1.697262375309867e-006
1.883636363636364e+000 -1.145153894589717e-005
1.883909090909091e+000 -1.236854763188324e-006
1.884181818181818e+000 -4.016846483205511e-006
1.884454545454545e+000 -9.474485948786147e-006
1.884727272727273e+000 1.979020324093028e-006
1.885000000000000e+000 -1.108293591589414e-005
1.885272727272727e+000 -6.712162013269685e-007
1.885545454545454e+000 -5.245216590124011e-006
1.885818181818182e+000 -7.454333612208441e-006
1.886090909090909e+000 7.920095110268061e-007
1.886363636363636e+000 -1.116689142764467e-005
1.886636363636363e+000 1.866468750943573e-006
1.886909090909091e+000 -9.538287758349895e-006
1.887181818181818e+000 -1.573415386046951e-006
1.887454545454546e+000 -4.927523541462878e-006
1.887727272727273e+000 -6.274139183950300e-006
1.888000000000000e+000 -5.841304440125517e-007
1.888272727272727e+000 -9.599060179491650e-006
1.888545454545455e+000 1.754146439782504e-006
1.888818181818182e+000 -1.072855760451323e-005
1.889090909090909e+000 2.033225275169141e-006
1.889363636363636e+000 -1.014387023606911e-005
1.889636363636364e+000 1.034346620702657e-006
1.889909090909091e+000 -8.729491277372565e-006
1.890181818181818e+000 -3.943330114093129e-007
1.890454545454545e+000 -7.214876938349478e-006
1.890727272727273e+000 -1.676900394622680e-006
1.891000000000000e+000 -6.021093576693520e-006
1.891272727272727e+000 -2.528140277381963e-006
1.891545454545454e+000 -5.325615072442626e-006
1.891818181818182e+000 -2.848791078943243e-006
1.892090909090909e+000 -5.175226800418333e-006
1.892363636363636e+000 -2.625236180694035e-006
1.892636363636364e+000 -5.561749680190800e-006
1.892909090909091e+000 -1.884251252504385e-006
1.893181818181818e+000 -6.434780740282352e-006
1.893454545454545e+000 -7.123878310730483e-007
1.893727272727273e+000 -7.652574830510168e-006
1.894000000000000e+000 6.701204944643052e-007
1.894272727272727e+000 -8.892254118048462e-006
1.894545454545455e+000 1.818468304149286e-006
1.894818181818182e+000 -9.580393254199968e-006
1.895090909090909e+000 2.046665463344565e-006
1.895363636363636e+000 -8.968030814225296e-006
1.895636363636364e+000 6.354081139974450e-007
1.895909090909091e+000 -6.504627660368149e-006
1.896181818181818e+000 -2.619074004403433e-006
1.896454545454545e+000 -2.524984346118686e-006
1.896727272727273e+000 -6.683731765342270e-006
1.897000000000000e+000 1.178145674467526e-006
1.897272727272727e+000 -9.117711763775408e-006
1.897545454545454e+000 1.861917750210486e-006
1.897818181818182e+000 -7.469864342965731e-006
1.898090909090909e+000 -1.864866249025871e-006
1.898363636363636e+000 -2.166418797085410e-006
1.898636363636364e+000 -7.299367300241439e-006
1.898909090909091e+000 1.974617692905777e-006
1.899181818181818e+000 -8.514189579469566e-006
1.899454545454545e+000 -2.777008431606814e-007
1.899727272727273e+000 -3.132653980404376e-006
1.900000000000000e+000 -6.780716480891199e-006
