1.500000000000000e+000 -5.685965340127526e+001
1.500090909090909e+000 -5.107173425870490e+001
1.500181818181818e+000 -4.924382187043941e+001
1.500272727272727e+000 -4.984436587286795e+001
1.500363636363636e+000 -5.335268490040100e+001
1.500454545454546e+000 -6.588440791717504e+001
1.500545454545455e+000 -5.785360739287269e+001
1.500636363636364e+000 -5.124466080133671e+001
1.500727272727273e+000 -4.918478242319847e+001
1.500818181818182e+000 -4.970905814611307e+001
1.500909090909091e+000 -5.326782538598831e+001
1.501000000000000e+000 -6.665267190054790e+001
1.501090909090909e+000 -5.718607006665706e+001
1.501181818181818e+000 -5.088468846975427e+001
1.501272727272727e+000 -4.903644697638129e+001
1.501363636363637e+000 -4.987227409457464e+001
1.501454545454545e+000 -5.414907362869845e+001
1.501545454545455e+000 -7.727180716415404e+001
1.501636363636364e+000 -5.518609655061893e+001
1.501727272727273e+000 -5.011739054555297e+001
1.501818181818182e+000 -4.891143353483569e+001
1.501909090909091e+000 -5.050983923716720e+001
1.502000000000000e+000 -5.660851794940611e+001
1.502090909090909e+000 -6.627342876023295e+001
1.502181818181818e+000 -5.271081279305480e+001
1.502272727272727e+000 -4.926019570293131e+001
1.502363636363636e+000 -4.909012083913618e+001
1.502454545454546e+000 -5.210478746405318e+001
1.502545454545455e+000 -6.357551967559347e+001
1.502636363636364e+000 -5.720292028775241e+001
1.502727272727273e+000 -5.047116840295557e+001
1.502818181818182e+000 -4.873861465746762e+001
1.502909090909091e+000 -5.007554905694872e+001
1.503000000000000e+000 -5.600558111635048e+001
1.503090909090909e+000 -6.601850398796620e+001
1.503181818181818e+000 -5.227839762924835e+001
1.503272727272727e+000 -4.895886995312492e+001
1.503363636363637e+000 -4.910875063178762e+001
1.503454545454545e+000 -5.294371750318234e+001
1.503545454545455e+000 -7.301540820738020e+001
1.503636363636364e+000 -5.443676350169309e+001
1.503727272727273e+000 -4.943470209268849e+001
1.503818181818182e+000 -4.867422379918818e+001
1.503909090909091e+000 -5.137707765738978e+001
1.504000000000000e+000 -6.249304448897999e+001
1.504090909090909e+000 -5.660090991703850e+001
1.504181818181818e+000 -4.991794080041473e+001
1.504272727272727e+000 -4.849124963527066e+001
1.504363636363636e+000 -5.055979402949285e+001
1.504454545454546e+000 -5.937920301019055e+001
1.504545454545455e+000 -5.822563222602745e+001
1.504636363636364e+000 -5.021000766156350e+001
1.504727272727273e+000 -4.839720780205334e+001
1.504818181818182e+000 -5.020148155724962e+001
1.504909090909091e+000 -5.843081782672822e+001
1.505000000000000e+000 -5.867485795392964e+001
1.505090909090909e+000 -5.018592429473519e+001
1.505181818181818e+000 -4.831513414129032e+001
1.505272727272727e+000 -5.020049095641011e+001
1.505363636363637e+000 -5.899990340984794e+001
1.505454545454545e+000 -5.770003022686902e+001
1.505545454545455e+000 -4.982659823176047e+001
1.505636363636364e+000 -4.824755597323843e+001
1.505727272727273e+000 -5.058585682200320e+001
1.505818181818182e+000 -6.155160277765952e+001
1.505909090909091e+000 -5.570641462066735e+001
1.506000000000000e+000 -4.922471984063546e+001
1.506090909090909e+000 -4.827635611251744e+001
1.506181818181818e+000 -5.153192253731466e+001
1.506272727272727e+000 -6.974760621185571e+001
1.506363636363636e+000 -5.333934228732544e+001
1.506454545454546e+000 -4.855765980593868e+001
1.506545454545455e+000 -4.856920617945071e+001
1.506636363636364e+000 -5.347579641161543e+001
1.506727272727273e+000 -6.757186039762786e+001
1.506818181818182e+000 -5.108596829620033e+001
1.506909090909091e+000 -4.805621753074850e+001
1.507000000000000e+000 -4.941423197692008e+001
1.507090909090909e+000 -5.768944482400298e+001
1.507181818181818e+000 -5.726467268111691e+001
1.507272727272727e+000 -4.925103878063443e+001
1.507363636363637e+000 -4.800473190132942e+001
1.507454545454545e+000 -5.136053087072730e+001
1.507545454545455e+000 -7.478383002546887e+001
1.507636363636364e+000 -5.225235855852854e+001
1.507727272727273e+000 -4.807038755661460e+001
1.507818181818182e+000 -4.880936661375579e+001
1.507909090909091e+000 -5.590956416568908e+001
1.508000000000000e+000 -5.846658392217408e+001
1.508090909090909e+000 -4.926923868053241e+001
1.508181818181818e+000 -4.783194045951719e+001
1.508272727272727e+000 -5.126980654966624e+001
1.508363636363636e+000 -8.233699451763091e+001
1.508454545454546e+000 -5.158731397727068e+001
1.508545454545455e+000 -4.779828873263030e+001
1.508636363636364e+000 -4.906754508440144e+001
1.508727272727273e+000 -5.826331804073210e+001
1.508818181818182e+000 -5.538621696399014e+001
1.508909090909091e+000 -4.842440736277221e+001
1.509000000000000e+000 -4.798728886536289e+001
1.509090909090909e+000 -5.328935203151487e+001
1.509181818181818e+000 -6.226096630881889e+001
1.509272727272727e+000 -4.954685898020092e+001
1.509363636363637e+000 -4.754864847062787e+001
1.509454545454545e+000 -5.078555343408721e+001
1.509545454545455e+000 -8.299840386883155e+001
1.509636363636364e+000 -5.104787685289212e+001
1.509727272727273e+000 -4.749595148932390e+001
1.509818181818182e+000 -4.934670940175034e+001
1.509909090909091e+000 -6.217934812253321e+001
1.510000000000000e+000 -5.281365878397939e+001
1.510090909090909e+000 -4.765853765978265e+001
1.510181818181818e+000 -4.848815709145381e+001
1.510272727272727e+000 -5.749654854135061e+001
1.510363636363636e+000 -5.469426884228439e+001
1.510454545454546e+000 -4.790553174427111e+001
1.510545454545455e+000 -4.797325118745835e+001
1.510636363636364e+000 -5.519438844638457e+001
1.510727272727273e+000 -5.645730291847409e+001
1.510818181818182e+000 -4.813135723223583e+001
1.510909090909091e+000 -4.766749751608754e+001
1.511000000000000e+000 -5.397857967621325e+001
1.511090909090909e+000 -5.776199229647768e+001
1.511181818181818e+000 -4.825532674767574e+001
1.511272727272727e+000 -4.749318378407320e+001
1.511363636363637e+000 -5.345243568226834e+001
1.511454545454545e+000 -5.823640730653934e+001
1.511545454545455e+000 -4.822791875679018e+001
1.511636363636364e+000 -4.741332067252032e+001
1.511727272727273e+000 -5.349018147425117e+001
1.511818181818182e+000 -5.769714017463666e+001
1.511909090909091e+000 -4.803745068093415e+001
1.512000000000000e+000 -4.742629466910999e+001
1.512090909090909e+000 -5.412159765662319e+001
1.512181818181818e+000 -5.630114169025192e+001
1.512272727272727e+000 -4.771191265463724e+001
1.512363636363636e+000 -4.756559382993552e+001
1.512454545454546e+000 -5.555624293237270e+001
1.512545454545455e+000 -5.441401441362076e+001
1.512636363636364e+000 -4.731451917479511e+001
1.512727272727273e+000 -4.790437880832712e+001
1.512818181818182e+000 -5.840914487530504e+001
1.512909090909091e+000 -5.238405794856625e+001
1.513000000000000e+000 -4.693632541062430e+001
1.513090909090909e+000 -4.856981452915336e+001
1.513181818181818e+000 -6.515733987576353e+001
1.513272727272727e+000 -5.045211103701023e+001
1.513363636363637e+000 -4.669182136447977e+001
1.513454545454545e+000 -4.978353034966541e+001
1.513545454545455e+000 -7.101720197166948e+001
1.513636363636364e+000 -4.877250629756384e+001
1.513727272727273e+000 -4.672380296520524e+001
1.513818181818182e+000 -5.198892447835878e+001
1.513909090909091e+000 -5.786818967077202e+001
1.514000000000000e+000 -4.745925060700358e+001
1.514090909090909e+000 -4.722665905957878e+001
1.514181818181818e+000 -5.640583499872935e+001
1.514272727272727e+000 -5.247778627692865e+001
1.514363636363636e+000 -4.662627603375322e+001
1.514454545454546e+000 -4.851465110224473e+001
1.514545454545455e+000 -7.246505046637481e+001
1.514636363636364e+000 -4.920683552877928e+001
1.514727272727273e+000 -4.642731041334455e+001
1.514818181818182e+000 -5.125298834529760e+001
1.514909090909091e+000 -5.812905130397185e+001
1.515000000000000e+000 -4.719897836387231e+001
1.515090909090909e+000 -4.712290642924120e+001
1.515181818181818e+000 -5.776661282236175e+001
1.515272727272727e+000 -5.115849063240101e+001
1.515363636363637e+000 -4.627177493212690e+001
1.515454545454545e+000 -4.927066337611043e+001
1.515545454545455e+000 -6.613121065951825e+001
1.515636363636364e+000 -4.776239600482744e+001
1.515727272727273e+000 -4.654792497698966e+001
1.515818181818182e+000 -5.466236678723479e+001
1.515909090909091e+000 -5.240140122884642e+001
1.516000000000000e+000 -4.621981549183239e+001
1.516090909090909e+000 -4.855745929672061e+001
1.516181818181818e+000 -7.259807339164297e+001
1.516272727272727e+000 -4.784679769401339e+001
1.516363636363636e+000 -4.633764415705667e+001
1.516454545454546e+000 -5.432873058631297e+001
1.516545454545455e+000 -5.215161816094373e+001
1.516636363636364e+000 -4.603883892520848e+001
1.516727272727273e+000 -4.869613127808178e+001
1.516818181818182e+000 -6.602955261700583e+001
1.516909090909091e+000 -4.730587877619559e+001
1.517000000000000e+000 -4.641792788615875e+001
1.517090909090909e+000 -5.653623022689176e+001
1.517181818181818e+000 -5.047317728956261e+001
1.517272727272727e+000 -4.578853426956197e+001
1.517363636363637e+000 -4.989173846940504e+001
1.517454545454545e+000 -5.768840655012225e+001
1.517545454545455e+000 -4.638573028453986e+001
1.517636363636364e+000 -4.705150958389516e+001
1.517727272727273e+000 -6.623739607882338e+001
1.517818181818182e+000 -4.820437787649458e+001
1.517909090909091e+000 -4.581845597584281e+001
1.518000000000000e+000 -5.332333705087680e+001
1.518090909090909e+000 -5.169729375452105e+001
1.518181818181818e+000 -4.561465865379628e+001
1.518272727272727e+000 -4.901342335789023e+001
1.518363636363636e+000 -5.900698119987712e+001
1.518454545454546e+000 -4.623639272008196e+001
1.518545454545455e+000 -4.682860399448074e+001
1.518636363636364e+000 -6.832610771877381e+001
1.518727272727273e+000 -4.765427966424255e+001
1.518818181818182e+000 -4.572865296804473e+001
1.518909090909091e+000 -5.497551218828529e+001
1.519000000000000e+000 -5.000859744225507e+001
1.519090909090909e+000 -4.533447841427044e+001
1.519181818181818e+000 -5.047833561040936e+001
1.519272727272727e+000 -5.378991822417792e+001
1.519363636363637e+000 -4.546365268233642e+001
1.519454545454545e+000 -4.802898050555090e+001
1.519545454545455e+000 -6.094445174076984e+001
1.519636363636364e+000 -4.601599365043787e+001
1.519727272727273e+000 -4.656121449739454e+001
1.519818181818182e+000 -7.369364494963975e+001
1.519909090909091e+000 -4.693412687419446e+001
1.520000000000000e+000 -4.568064594855728e+001
1.520090909090909e+000 -5.830285527904799e+001
1.520181818181818e+000 -4.818742807313006e+001
1.520272727272727e+000 -4.518767870905545e+001
1.520363636363636e+000 -5.355050364359526e+001
1.520454545454546e+000 -4.976518342621784e+001
1.520545454545455e+000 -4.496036347082561e+001
1.520636363636364e+000 -5.089791905758158e+001
1.520727272727273e+000 -5.167402260633515e+001
1.520818181818182e+000 -4.491355595111791e+001
1.520909090909091e+000 -4.919647916639423e+001
1.521000000000000e+000 -5.393717981008086e+001
1.521090909090909e+000 -4.498169188364132e+001
1.521181818181818e+000 -4.804095632259989e+001
1.521272727272727e+000 -5.659260347699535e+001
1.521363636363637e+000 -4.511086540250730e+001
1.521454545454545e+000 -4.723703565605965e+001
1.521545454545455e+000 -5.968152745985421e+001
1.521636363636364e+000 -4.525538500482560e+001
1.521727272727273e+000 -4.667576197813174e+001
1.521818181818182e+000 -6.319858225242790e+001
1.521909090909091e+000 -4.537688378539546e+001
1.522000000000000e+000 -4.629121180960988e+001
1.522090909090909e+000 -6.691129174128270e+001
1.522181818181818e+000 -4.544499027661642e+001
1.522272727272727e+000 -4.604328456481716e+001
1.522363636363636e+000 -6.989669637248478e+001
1.522454545454546e+000 -4.543878827931570e+001
1.522545454545455e+000 -4.591002152530470e+001
1.522636363636364e+000 -7.040840007553632e+001
1.522727272727273e+000 -4.534830516044769e+001
1.522818181818182e+000 -4.588422580234772e+001
1.522909090909091e+000 -6.797136028293532e+001
1.523000000000000e+000 -4.517535405171918e+001
1.523090909090909e+000 -4.597246647273733e+001
1.523181818181818e+000 -6.420997627346689e+001
1.523272727272727e+000 -4.493335180426193e+001
1.523363636363637e+000 -4.619595337673695e+001
1.523454545454545e+000 -6.041888962599838e+001
1.523545454545455e+000 -4.464618724400820e+001
1.523636363636364e+000 -4.659374285217291e+001
1.523727272727273e+000 -5.701428384240830e+001
1.523818181818182e+000 -4.434663293618893e+001
1.523909090909091e+000 -4.723008959039400e+001
1.524000000000000e+000 -5.405149262189892e+001
1.524090909090909e+000 -4.407501676262270e+001
1.524181818181818e+000 -4.821089551600364e+001
1.524272727272727e+000 -5.149649536032413e+001
1.524363636363636e+000 -4.387890337790654e+001
1.524454545454546e+000 -4.972389764983577e+001
1.524545454545455e+000 -4.930752669499474e+001
1.524636363636364e+000 -4.381456447099090e+001
1.524727272727273e+000 -5.215633957616161e+001
1.524818181818182e+000 -4.745517531703155e+001
1.524909090909091e+000 -4.395136351386144e+001
1.525000000000000e+000 -5.658085935029754e+001
1.525090909090909e+000 -4.592617998945280e+001
1.525181818181818e+000 -4.438144676990759e+001
1.525272727272727e+000 -7.007292109233059e+001
1.525363636363637e+000 -4.472404327352154e+001
1.525454545454545e+000 -4.524103530054580e+001
1.525545454545455e+000 -5.987547144527769e+001
1.525636363636364e+000 -4.387055063432143e+001
1.525727272727273e+000 -4.676289662115210e+001
1.525818181818182e+000 -5.222298429517900e+001
1.525909090909091e+000 -4.341042186640755e+001
1.526000000000000e+000 -4.943780095951049e+001
1.526090909090909e+000 -4.817880722435192e+001
1.526181818181818e+000 -4.342249921976636e+001
1.526272727272727e+000 -5.477389809479865e+001
1.526363636363636e+000 -4.560465559097210e+001
1.526454545454546e+000 -4.404625158429804e+001
1.526545454545455e+000 -1.000000000000000e+002
1.526636363636364e+000 -4.397612262684891e+001
1.526727272727273e+000 -4.555227083242779e+001
1.526818181818182e+000 -5.400364517197161e+001
1.526909090909091e+000 -4.313861560310721e+001
1.527000000000000e+000 -4.858285246145254e+001
1.527090909090909e+000 -4.801509473702016e+001
1.527181818181818e+000 -4.310842823205938e+001
1.527272727272727e+000 -5.556550893313396e+001
1.527363636363637e+000 -4.487878486353249e+001
1.527454545454545e+000 -4.406621730291034e+001
1.527545454545455e+000 -6.260302973439708e+001
1.527636363636364e+000 -4.322064414907748e+001
1.527727272727273e+000 -4.652315282225118e+001
1.527818181818182e+000 -4.979140250279362e+001
1.527909090909091e+000 -4.273677447153479e+001
1.528000000000000e+000 -5.229220822912268e+001
1.528090909090909e+000 -4.523829498766282e+001
1.528181818181818e+000 -4.351037975715040e+001
1.528272727272727e+000 -6.829271381577823e+001
1.528363636363636e+000 -4.306731310538928e+001
1.528454545454546e+000 -4.609540954886844e+001
1.528545454545455e+000 -4.954969885045917e+001
1.528636363636364e+000 -4.249135283303161e+001
1.528727272727273e+000 -5.289580852040526e+001
1.528818181818182e+000 -4.461168419398748e+001
1.528909090909091e+000 -4.355074662440420e+001
1.529000000000000e+000 -5.974704332778455e+001
1.529090909090909e+000 -4.255027220535355e+001
1.529181818181818e+000 -4.712670628505343e+001
1.529272727272727e+000 -4.728233487007321e+001
1.529363636363637e+000 -4.242878434678620e+001
1.529454545454545e+000 -5.943322387897253e+001
1.529545454545455e+000 -4.326954137376130e+001
1.529636363636364e+000 -4.450953524194480e+001
1.529727272727273e+000 -5.130740112524922e+001
1.529818181818182e+000 -4.203471616656487e+001
1.529909090909091e+000 -5.111574710755777e+001
1.530000000000000e+000 -4.436609922678956e+001
1.530090909090909e+000 -4.312061144344777e+001
1.530181818181818e+000 -5.766287746516233e+001
1.530272727272727e+000 -4.200780625591875e+001
1.530363636363636e+000 -4.781731590305635e+001
1.530454545454546e+000 -4.557527468233968e+001
1.530545454545455e+000 -4.234764381932335e+001
1.530636363636364e+000 -7.312230402660546e+001
1.530727272727273e+000 -4.210732260303491e+001
1.530818181818182e+000 -4.611315785646490e+001
1.530909090909091e+000 -4.660255206891151e+001
1.531000000000000e+000 -4.189999417802854e+001
1.531090909090909e+000 -6.635312885317248e+001
1.531181818181818e+000 -4.215992486938956e+001
1.531272727272727e+000 -4.524063311051376e+001
1.531363636363637e+000 -4.714040404905858e+001
1.531454545454545e+000 -4.162504120546381e+001
1.531545454545455e+000 -6.230693328416461e+001
1.531636363636364e+000 -4.205627601133890e+001
1.531727272727273e+000 -4.494169361066076e+001
1.531818181818182e+000 -4.697135668292058e+001
1.531909090909091e+000 -4.145937743053302e+001
1.532000000000000e+000 -6.427718389488192e+001
1.532090909090909e+000 -4.176234387150285e+001
1.532181818181818e+000 -4.517651736821683e+001
1.532272727272727e+000 -4.609107341530120e+001
1.532363636363636e+000 -4.141629273609110e+001
1.532454545454546e+000 -9.605419595505664e+001
1.532545454545455e+000 -4.132480933355230e+001
1.532636363636364e+000 -4.609158657719934e+001
1.532727272727273e+000 -4.471088334385880e+001
1.532818181818182e+000 -4.158776440687980e+001
1.532909090909091e+000 -5.884067513422077e+001
1.533000000000000e+000 -4.086326451381316e+001
1.533090909090909e+000 -4.815180872633690e+001
1.533181818181818e+000 -4.313632438867419e+001
1.533272727272727e+000 -4.216484501374775e+001
1.533363636363637e+000 -5.114901314048789e+001
1.533454545454545e+000 -4.055919175392517e+001
1.533545454545455e+000 -5.291388449229426e+001
1.533636363636364e+000 -4.166133578014945e+001
1.533727272727273e+000 -4.351316687628028e+001
1.533818181818182e+000 -4.633551100877359e+001
1.533909090909091e+000 -4.066357740642410e+001
1.534000000000000e+000 -8.473847139557364e+001
1.534090909090909e+000 -4.054819992200497e+001
1.534181818181818e+000 -4.647853689171403e+001
1.534272727272727e+000 -4.300202386152088e+001
1.534363636363636e+000 -4.156123006549251e+001
1.534454545454546e+000 -5.052002496122692e+001
1.534545454545455e+000 -4.007265734431023e+001
1.534636363636364e+000 -5.459422486001336e+001
1.534727272727273e+000 -4.080736718211733e+001
1.534818181818182e+000 -4.403108132933213e+001
1.534909090909091e+000 -4.415870355174417e+001
1.535000000000000e+000 -4.063242987544037e+001
1.535090909090909e+000 -5.451821229666261e+001
1.535181818181818e+000 -3.976425594214859e+001
1.535272727272727e+000 -5.087391015749201e+001
1.535363636363637e+000 -4.084496433974977e+001
1.535454545454545e+000 -4.307343093671003e+001
1.535545454545455e+000 -4.442934816578612e+001
1.535636363636364e+000 -4.019235764957121e+001
1.535727272727273e+000 -5.519969826100530e+001
1.535818181818182e+000 -3.945173968314037e+001
1.535909090909091e+000 -5.082398997465187e+001
1.536000000000000e+000 -4.041733839536466e+001
1.536090909090909e+000 -4.312686489092577e+001
1.536181818181818e+000 -4.349401289273110e+001
1.536272727272727e+000 -4.012573113560396e+001
1.536363636363636e+000 -5.145099010396682e+001
1.536454545454546e+000 -3.911906624650305e+001
1.536545454545455e+000 -5.491966970944633e+001
1.536636363636364e+000 -3.959921473496577e+001
1.536727272727273e+000 -4.445156014321527e+001
1.536818181818182e+000 -4.169113097700163e+001
1.536909090909091e+000 -4.065466801956698e+001
1.537000000000000e+000 -4.647819725764206e+001
1.537090909090909e+000 -3.901784353138478e+001
1.537181818181818e+000 -6.499513296381497e+001
1.537272727272727e+000 -3.875495813578625e+001
1.537363636363637e+000 -4.862550365969086e+001
1.537454545454545e+000 -3.972323035277909e+001
1.537545454545455e+000 -4.251201642351091e+001
1.537636363636364e+000 -4.219413058471447e+001
1.537727272727273e+000 -3.971752707897354e+001
1.537818181818182e+000 -4.743812938327119e+001
1.537909090909091e+000 -3.846890118009537e+001
1.538000000000000e+000 -7.311201886722903e+001
1.538090909090909e+000 -3.830736271043504e+001
1.538181818181818e+000 -4.832843595285235e+001
1.538272727272727e+000 -3.913959605595585e+001
1.538363636363636e+000 -4.252320466311463e+001
1.538454545454546e+000 -4.113318945015316e+001
1.538545454545455e+000 -3.969029272595351e+001
1.538636363636364e+000 -4.497329605738980e+001
1.538727272727273e+000 -3.824171472329714e+001
1.538818181818182e+000 -5.409336666490256e+001
1.538909090909091e+000 -3.772114878734949e+001
1.539000000000000e+000 -5.457972803541819e+001
1.539090909090909e+000 -3.797472208608165e+001
1.539181818181818e+000 -4.512292805251022e+001
1.539272727272727e+000 -3.900389382507608e+001
1.539363636363637e+000 -4.113668733501456e+001
1.539454545454545e+000 -4.097598874383176e+001
1.539545454545455e+000 -3.891196480829386e+001
1.539636363636364e+000 -4.442049802084768e+001
1.539727272727273e+000 -3.766449595811049e+001
1.539818181818182e+000 -5.143437470713757e+001
1.539909090909091e+000 -3.710341815297171e+001
1.540000000000000e+000 -6.182216400282293e+001
1.540090909090909e+000 -3.710476103012866e+001
1.540181818181818e+000 -4.745554076737528e+001
1.540272727272727e+000 -3.762930785717168e+001
1.540363636363636e+000 -4.260374877468785e+001
1.540454545454546e+000 -3.870507415632489e+001
1.540545454545455e+000 -3.985138509389081e+001
1.540636363636364e+000 -4.044855846063318e+001
1.540727272727273e+000 -3.811850551924653e+001
1.540818181818182e+000 -4.315762671880029e+001
1.540909090909091e+000 -3.702563213094734e+001
1.541000000000000e+000 -4.769382704262029e+001
1.541090909090909e+000 -3.639560317517141e+001
1.541181818181818e+000 -5.875062640993692e+001
1.541272727272727e+000 -3.613375546284221e+001
1.541363636363637e+000 -5.476417519206783e+001
1.541454545454545e+000 -3.618727562015836e+001
1.541545454545455e+000 -4.653420042979064e+001
1.541636363636364e+000 -3.652904639798022e+001
1.541727272727273e+000 -4.259738842155121e+001
1.541818181818182e+000 -3.715148322824363e+001
1.541909090909091e+000 -4.011374456555117e+001
1.542000000000000e+000 -3.806608218355045e+001
1.542090909090909e+000 -3.839202624319192e+001
1.542181818181818e+000 -3.930844535105423e+001
1.542272727272727e+000 -3.715007800815683e+001
1.542363636363636e+000 -4.095230610559614e+001
1.542454545454546e+000 -3.624236777145366e+001
1.542545454545455e+000 -4.314476739372190e+001
1.542636363636364e+000 -3.558234084022547e+001
1.542727272727273e+000 -4.620736987624123e+001
1.542818181818182e+000 -3.511311511817397e+001
1.542909090909091e+000 -5.103036122075066e+001
1.543000000000000e+000 -3.479432706228340e+001
1.543090909090909e+000 -6.248468702441740e+001
1.543181818181818e+000 -3.459546846920310e+001
1.543272727272727e+000 -5.810687550538476e+001
1.543363636363637e+000 -3.449219131821609e+001
1.543454545454545e+000 -5.003524900209245e+001
1.543545454545455e+000 -3.446410980862672e+001
1.543636363636364e+000 -4.611124571227393e+001
1.543727272727273e+000 -3.449342252394605e+001
1.543818181818182e+000 -4.357299444321870e+001
1.543909090909091e+000 -3.456402119617865e+001
1.544000000000000e+000 -4.174355799773566e+001
1.544090909090909e+000 -3.466091540122953e+001
1.544181818181818e+000 -4.034797178477569e+001
1.544272727272727e+000 -3.476988548887454e+001
1.544363636363636e+000 -3.924629902536927e+001
1.544454545454546e+000 -3.487731996512942e+001
1.544545454545455e+000 -3.835731923895174e+001
1.544636363636364e+000 -3.497021545815412e+001
1.544727272727273e+000 -3.762976820279306e+001
1.544818181818182e+000 -3.503632459782585e+001
1.544909090909091e+000 -3.702951603893631e+001
1.545000000000000e+000 -3.506443287496590e+001
1.545090909090909e+000 -3.653316895969173e+001
1.545181818181818e+000 -3.504473270308311e+001
1.545272727272727e+000 -3.612461922283292e+001
1.545363636363637e+000 -3.496924564501411e+001
1.545454545454545e+000 -3.579309158396899e+001
1.545545454545455e+000 -3.483222856103831e+001
1.545636363636364e+000 -3.553201951299648e+001
1.545727272727273e+000 -3.463049352802688e+001
1.545818181818182e+000 -3.533842687579006e+001
1.545909090909091e+000 -3.436358048368361e+001
1.546000000000000e+000 -3.521265803465536e+001
1.546090909090909e+000 -3.403374631002480e+001
1.546181818181818e+000 -3.515839426045473e+001
1.546272727272727e+000 -3.364576896015478e+001
1.546363636363636e+000 -3.518296334502452e+001
1.546454545454546e+000 -3.320660025407257e+001
1.546545454545455e+000 -3.529802092647960e+001
1.546636363636364e+000 -3.272492591919202e+001
1.546727272727273e+000 -3.552078672568886e+001
1.546818181818182e+000 -3.221070062496008e+001
1.546909090909091e+000 -3.587621013105190e+001
1.547000000000000e+000 -3.167471947808016e+001
1.547090909090909e+000 -3.640084096278184e+001
1.547181818181818e+000 -3.112827109942811e+001
1.547272727272727e+000 -3.715012282210436e+001
1.547363636363637e+000 -3.058289801785703e+001
1.547454545454545e+000 -3.821331984718253e+001
1.547545454545455e+000 -3.005027362411372e+001
1.547636363636364e+000 -3.974799854185667e+001
1.547727272727273e+000 -2.954219472526735e+001
1.547818181818182e+000 -4.207572960905950e+001
1.547909090909091e+000 -2.907068588093878e+001
1.548000000000000e+000 -4.604510623974402e+001
1.548090909090909e+000 -2.864821604505415e+001
1.548181818181818e+000 -5.593433911153526e+001
1.548272727272727e+000 -2.828803953230199e+001
1.548363636363636e+000 -5.270478747584968e+001
1.548454545454546e+000 -2.800469347501359e+001
1.548545454545455e+000 -4.339548288613358e+001
1.548636363636364e+000 -2.781471749911299e+001
1.548727272727273e+000 -3.860458255939959e+001
1.548818181818182e+000 -2.773771977193486e+001
1.548909090909091e+000 -3.527607627291198e+001
1.549000000000000e+000 -2.779802279120051e+001
1.549090909090909e+000 -3.270259464860205e+001
1.549181818181818e+000 -2.802734303747465e+001
1.549272727272727e+000 -3.060651007054171e+001
1.549363636363637e+000 -2.846944413775087e+001
1.549454545454545e+000 -2.885141052982596e+001
1.549545454545455e+000 -2.918888096553103e+001
1.549636363636364e+000 -2.736107949629836e+001
1.549727272727273e+000 -3.028918377795388e+001
1.549818181818182e+000 -2.608907406786831e+001
1.549909090909091e+000 -3.195630347564341e+001
1.550000000000000e+000 -2.500492887116021e+001
1.550090909090909e+000 -3.458648293377194e+001
1.550181818181818e+000 -2.408680447916192e+001
1.550272727272727e+000 -3.933063502117702e+001
1.550363636363636e+000 -2.331675402462643e+001
1.550454545454546e+000 -5.513159677875378e+001
1.550545454545455e+000 -2.267679540743508e+001
1.550636363636364e+000 -4.152546511352973e+001
1.550727272727273e+000 -2.214461164891476e+001
1.550818181818182e+000 -3.422177497584242e+001
1.550909090909091e+000 -2.168781383585776e+001
1.551000000000000e+000 -3.012099209716839e+001
1.551090909090909e+000 -2.125571345822043e+001
1.551181818181818e+000 -2.728059450279188e+001
1.551272727272727e+000 -2.076815795387985e+001
1.551363636363637e+000 -2.517950684561286e+001
1.551454545454545e+000 -2.010394686796040e+001
1.551545454545455e+000 -2.365991885272374e+001
1.551636363636364e+000 -1.910015864403421e+001
1.551727272727273e+000 -2.281660513734117e+001
1.551818181818182e+000 -1.759158900369629e+001
1.551909090909091e+000 -2.330639463152529e+001
1.552000000000000e+000 -1.554569064620550e+001
1.552090909090909e+000 -2.930749697130060e+001
1.552181818181818e+000 -1.343252278351589e+001
1.552272727272727e+000 -2.178172994627463e+001
1.552363636363636e+000 -1.405532509715210e+001
1.552454545454546e+000 -1.026608480658837e+001
1.552545454545455e+000 -1.183796903203770e+001
1.552636363636364e+000 -1.086319710109622e+001
1.552727272727273e+000 -4.794568432045215e+000
1.552818181818182e+000 -5.602201264011164e+000
1.552909090909091e+000 8.685893981439090e-006
1.553000000000000e+000 8.685893981439090e-006
1.553090909090909e+000 8.685893981439090e-006
1.553181818181818e+000 -1.236498286561845e-009
1.553272727272727e+000 -5.024097326503828e+000
1.553363636363637e+000 -5.746537793750565e+000
1.553454545454545e+000 -4.103374778308780e+001
1.553545454545455e+000 -2.399298821468446e+001
1.553636363636364e+000 -1.247755824105574e+001
1.553727272727273e+000 -1.170559487074404e+001
1.553818181818182e+000 -3.074810627174928e+001
1.553909090909091e+000 -1.407456748824558e+001
1.554000000000000e+000 -1.981794549928431e+001
1.554090909090909e+000 -1.709043772702878e+001
1.554181818181818e+000 -1.947290310730235e+001
1.554272727272727e+000 -1.899389943015772e+001
1.554363636363636e+000 -2.078319417980515e+001
1.554454545454546e+000 -1.978642627569299e+001
1.554545454545455e+000 -2.308539131407491e+001
1.554636363636364e+000 -2.000128434624673e+001
1.554727272727273e+000 -2.680752559219392e+001
1.554818181818182e+000 -2.014348902784014e+001
1.554909090909091e+000 -3.417076195660138e+001
1.555000000000000e+000 -2.056282479692240e+001
1.555090909090909e+000 -4.369082420259799e+001
1.555181818181818e+000 -2.152769014985430e+001
1.555272727272727e+000 -3.032773905280153e+001
1.555363636363637e+000 -2.334969875556452e+001
1.555454545454545e+000 -2.607096417266394e+001
1.555545454545455e+000 -2.662057475548537e+001
1.555636363636364e+000 -2.415114797593589e+001
1.555727272727273e+000 -3.327510046416307e+001
1.555818181818182e+000 -2.365337075384688e+001
1.555909090909091e+000 -4.788328172535546e+001
1.556000000000000e+000 -2.442894485266778e+001
1.556090909090909e+000 -3.135984743776785e+001
1.556181818181818e+000 -2.676345148371888e+001
1.556272727272727e+000 -2.714461703556589e+001
1.556363636363636e+000 -3.190704371374161e+001
1.556454545454546e+000 -2.566492723597750e+001
1.556545454545455e+000 -5.398827993553142e+001
1.556636363636364e+000 -2.597347453671387e+001
1.556727272727273e+000 -3.396605813836759e+001
1.556818181818182e+000 -2.818120383986000e+001
1.556909090909091e+000 -2.874789401159370e+001
1.557000000000000e+000 -3.371873642375655e+001
1.557090909090909e+000 -2.707060595746602e+001
1.557181818181818e+000 -6.065409745497793e+001
1.557272727272727e+000 -2.754787807256647e+001
1.557363636363637e+000 -3.361652641256317e+001
1.557454545454545e+000 -3.040920547278311e+001
1.557545454545455e+000 -2.920489581879153e+001
1.557636363636364e+000 -3.846848060313798e+001
1.557727272727273e+000 -2.813531969150655e+001
1.557818181818182e+000 -4.172746374066410e+001
1.557909090909091e+000 -2.948237778726553e+001
1.558000000000000e+000 -3.202588764409745e+001
1.558090909090909e+000 -3.423252306862041e+001
1.558181818181818e+000 -2.930896247464257e+001
1.558272727272727e+000 -6.253589290392819e+001
1.558363636363636e+000 -2.951356415808609e+001
1.558454545454546e+000 -3.531019512479692e+001
1.558545454545455e+000 -3.273557368736073e+001
1.558636363636364e+000 -3.071454735818457e+001
1.558727272727273e+000 -4.392303666220932e+001
1.558818181818182e+000 -2.997853488105047e+001
1.558909090909091e+000 -3.879043363686121e+001
1.559000000000000e+000 -3.229868094287859e+001
1.559090909090909e+000 -3.208912251282330e+001
1.559181818181818e+000 -4.056572529582835e+001
1.559272727272727e+000 -3.060536833593284e+001
1.559363636363637e+000 -4.196851466461109e+001
1.559454545454545e+000 -3.239656142770122e+001
1.559545454545455e+000 -3.322042206219640e+001
1.559636363636364e+000 -3.964107805365654e+001
1.559727272727273e+000 -3.123985528517259e+001
1.559818181818182e+000 -4.400737557764848e+001
1.559909090909091e+000 -3.281461745998009e+001
1.560000000000000e+000 -3.396516051203160e+001
1.560090909090909e+000 -3.999053651224144e+001
1.560181818181818e+000 -3.181146947107201e+001
1.560272727272727e+000 -4.419788626230587e+001
1.560363636363636e+000 -3.348597927490908e+001
1.560454545454546e+000 -3.428549653313307e+001
1.560545454545455e+000 -4.147506566863883e+001
1.560636363636364e+000 -3.232514150840429e+001
1.560727272727273e+000 -4.278002075149097e+001
1.560818181818182e+000 -3.445293041453601e+001
1.560909090909091e+000 -3.426103602780128e+001
1.561000000000000e+000 -4.463187360634462e+001
1.561090909090909e+000 -3.285760132790337e+001
1.561181818181818e+000 -4.063737220515290e+001
1.561272727272727e+000 -3.587903166188280e+001
1.561363636363637e+000 -3.406034035294769e+001
1.561454545454545e+000 -5.239779512384158e+001
1.561545454545455e+000 -3.355702583633367e+001
1.561636363636364e+000 -3.847052502718025e+001
1.561727272727273e+000 -3.813655245363415e+001
1.561818181818182e+000 -3.389914410825376e+001
1.561909090909091e+000 -5.476764871547868e+001
1.562000000000000e+000 -3.466045671087114e+001
1.562090909090909e+000 -3.664497999016088e+001
1.562181818181818e+000 -4.219248044881761e+001
1.562272727272727e+000 -3.402224189294945e+001
1.562363636363636e+000 -4.370014826894302e+001
1.562454545454546e+000 -3.657234294365689e+001
1.562545454545455e+000 -3.536242418850833e+001
1.562636363636364e+000 -5.302859252521815e+001
1.562727272727273e+000 -3.473147727200153e+001
1.562818181818182e+000 -3.902008006176928e+001
1.562909090909091e+000 -4.019203717118965e+001
1.563000000000000e+000 -3.480387803947834e+001
1.563090909090909e+000 -4.822064011941492e+001
1.563181818181818e+000 -3.650191154081627e+001
1.563272727272727e+000 -3.647574918816647e+001
1.563363636363637e+000 -4.937537109657766e+001
1.563454545454545e+000 -3.524031494850024e+001
1.563545454545455e+000 -4.017101890720275e+001
1.563636363636364e+000 -4.044268444853346e+001
1.563727272727273e+000 -3.543290301078310e+001
1.563818181818182e+000 -4.861822678768930e+001
1.563909090909091e+000 -3.723374757222620e+001
1.564000000000000e+000 -3.686687577846983e+001
1.564090909090909e+000 -5.277821159271468e+001
1.564181818181818e+000 -3.597156080560462e+001
1.564272727272727e+000 -3.974782021195380e+001
1.564363636363636e+000 -4.253424862105464e+001
1.564454545454546e+000 -3.587910087829226e+001
1.564545454545455e+000 -4.516254906264593e+001
1.564636363636364e+000 -3.888580803655034e+001
1.564727272727273e+000 -3.670708498280683e+001
1.564818181818182e+000 -6.346521783115719e+001
1.564909090909091e+000 -3.718584566010969e+001
1.565000000000000e+000 -3.843146833626780e+001
1.565090909090909e+000 -4.850607700201315e+001
1.565181818181818e+000 -3.654207202771644e+001
1.565272727272727e+000 -4.125336905840713e+001
1.565363636363637e+000 -4.256163035699185e+001
1.565454545454545e+000 -3.662357811069212e+001
1.565545454545455e+000 -4.590544355949191e+001
1.565636363636364e+000 -3.978624129906538e+001
1.565727272727273e+000 -3.728100039801106e+001
1.565818181818182e+000 -5.620822783216610e+001
1.565909090909091e+000 -3.831033438802144e+001
1.566000000000000e+000 -3.845196692407995e+001
1.566090909090909e+000 -5.556730222586680e+001
1.566181818181818e+000 -3.757818157986564e+001
1.566272727272727e+000 -4.013593547855358e+001
1.566363636363636e+000 -4.706720841184341e+001
1.566454545454546e+000 -3.733896562362125e+001
1.566545454545455e+000 -4.240233797051253e+001
1.566636363636364e+000 -4.348890969829434e+001
1.566727272727273e+000 -3.745172536084123e+001
1.566818181818182e+000 -4.544346594195935e+001
1.566909090909091e+000 -4.146838965895248e+001
1.567000000000000e+000 -3.782423821702172e+001
1.567090909090909e+000 -4.976707883263887e+001
1.567181818181818e+000 -4.023672261599912e+001
1.567272727272727e+000 -3.838815763519070e+001
1.567363636363637e+000 -5.722508972030165e+001
1.567454545454545e+000 -3.948093327907070e+001
1.567545454545455e+000 -3.908687109378420e+001
1.567636363636364e+000 -7.275055022084399e+001
1.567727272727273e+000 -3.903674265291439e+001
1.567818181818182e+000 -3.986871170208592e+001
1.567909090909091e+000 -5.614826703449602e+001
1.568000000000000e+000 -3.880389341689408e+001
1.568090909090909e+000 -4.068295514863479e+001
1.568181818181818e+000 -5.166371427546004e+001
1.568272727272727e+000 -3.871508843709435e+001
1.568363636363636e+000 -4.147787079818290e+001
1.568454545454546e+000 -4.935853726992712e+001
1.568545454545455e+000 -3.872264099522000e+001
1.568636363636364e+000 -4.220094368310404e+001
1.568727272727273e+000 -4.804796949534642e+001
1.568818181818182e+000 -3.879224040095497e+001
1.568909090909091e+000 -4.280164312669149e+001
1.569000000000000e+000 -4.734013476016538e+001
1.569090909090909e+000 -3.889996909379241e+001
1.569181818181818e+000 -4.323669671994529e+001
1.569272727272727e+000 -4.706895922561468e+001
1.569363636363637e+000 -3.903091534100885e+001
1.569454545454545e+000 -4.347672347936268e+001
1.569545454545455e+000 -4.716623795201210e+001
1.569636363636364e+000 -3.917857847204267e+001
1.569727272727273e+000 -4.351186751475532e+001
1.569818181818182e+000 -4.762450067398829e+001
1.569909090909091e+000 -3.934466208151346e+001
1.570000000000000e+000 -4.335389140194273e+001
1.570090909090909e+000 -4.849339302345898e+001
1.570181818181818e+000 -3.953909412317222e+001
1.570272727272727e+000 -4.303368041222265e+001
1.570363636363636e+000 -4.990507706415176e+001
1.570454545454546e+000 -3.978031118874053e+001
1.570545454545455e+000 -4.259539147507982e+001
1.570636363636364e+000 -5.216437447375771e+001
1.570727272727273e+000 -4.009605005144231e+001
1.570818181818182e+000 -4.208983690440725e+001
1.570909090909091e+000 -5.610453934050479e+001
1.571000000000000e+000 -4.052516710754874e+001
1.571090909090909e+000 -4.156937603584551e+001
1.571181818181818e+000 -6.591970249765832e+001
1.571272727272727e+000 -4.112151196130191e+001
1.571363636363637e+000 -4.108534047418396e+001
1.571454545454545e+000 -6.306895571292435e+001
1.571545454545455e+000 -4.196205280503438e+001
1.571636363636364e+000 -4.068795728961181e+001
1.571727272727273e+000 -5.383413826952027e+001
1.571818181818182e+000 -4.316466725603617e+001
1.571909090909091e+000 -4.042837227659047e+001
1.572000000000000e+000 -4.924988632969263e+001
1.572090909090909e+000 -4.493148648915252e+001
1.572181818181818e+000 -4.036266328070908e+001
1.572272727272727e+000 -4.622546706256796e+001
1.572363636363636e+000 -4.767713762462537e+001
1.572454545454546e+000 -4.055858204867388e+001
1.572545454545455e+000 -4.406905697937508e+001
1.572636363636364e+000 -5.257524820985177e+001
1.572727272727273e+000 -4.110757612651887e+001
1.572818181818182e+000 -4.253066164456519e+001
1.572909090909091e+000 -6.865761225225094e+001
1.573000000000000e+000 -4.214936942525260e+001
1.573090909090909e+000 -4.151348145576199e+001
1.573181818181818e+000 -5.522968286810576e+001
1.573272727272727e+000 -4.393227391977722e+001
1.573363636363637e+000 -4.099836355790443e+001
1.573454545454545e+000 -4.833973706021169e+001
1.573545454545455e+000 -4.700498548517859e+001
1.573636363636364e+000 -4.102527149305279e+001
1.573727272727273e+000 -4.479694813011933e+001
1.573818181818182e+000 -5.319999168760479e+001
1.573909090909091e+000 -4.170565460481966e+001
1.574000000000000e+000 -4.270901465139288e+001
1.574090909090909e+000 -6.938188022895821e+001
1.574181818181818e+000 -4.328172612981931e+001
1.574272727272727e+000 -4.160507348199391e+001
1.574363636363636e+000 -5.070511806667733e+001
1.574454545454546e+000 -4.634073487101674e+001
1.574545454545455e+000 -4.137006370378867e+001
1.574636363636364e+000 -4.555453758250216e+001
1.574727272727273e+000 -5.301495494198494e+001
1.574818181818182e+000 -4.208394862136680e+001
1.574909090909091e+000 -4.295696014771212e+001
1.575000000000000e+000 -6.351567398410344e+001
1.575090909090909e+000 -4.408141167564774e+001
1.575181818181818e+000 -4.179832097688100e+001
1.575272727272727e+000 -4.899685202897830e+001
1.575363636363637e+000 -4.842972832587044e+001
1.575454545454545e+000 -4.185418091056875e+001
1.575545454545455e+000 -4.443819413987138e+001
1.575636363636364e+000 -6.261125487463305e+001
1.575727272727273e+000 -4.329821217553814e+001
1.575818181818182e+000 -4.239815280917351e+001
1.575909090909091e+000 -5.212357535644580e+001
1.576000000000000e+000 -4.695725318437162e+001
1.576090909090909e+000 -4.198815304602126e+001
1.576181818181818e+000 -4.547331067458335e+001
1.576272727272727e+000 -5.757635403348202e+001
1.576363636363636e+000 -4.321361620057481e+001
1.576454545454546e+000 -4.280645887521386e+001
1.576545454545455e+000 -5.340359222920904e+001
1.576636363636364e+000 -4.690749831163342e+001
1.576727272727273e+000 -4.221942830714165e+001
1.576818181818182e+000 -4.567148897189647e+001
1.576909090909091e+000 -5.875055675554363e+001
1.577000000000000e+000 -4.359963417489490e+001
1.577090909090909e+000 -4.288833787124435e+001
1.577181818181818e+000 -5.204444932054177e+001
1.577272727272727e+000 -4.807630461211087e+001
1.577363636363637e+000 -4.252454196209047e+001
1.577454545454545e+000 -4.505341042059730e+001
1.577545454545455e+000 -7.062835232918640e+001
1.577636363636364e+000 -4.456214475897970e+001
1.577727272727273e+000 -4.276489421627213e+001
1.577818181818182e+000 -4.920710247523320e+001
1.577909090909091e+000 -5.119148532368832e+001
1.578000000000000e+000 -4.311741925012169e+001
1.578090909090909e+000 -4.403579143558401e+001
1.578181818181818e+000 -5.836499017666494e+001
1.578272727272727e+000 -4.662684259111186e+001
1.578363636363636e+000 -4.278575386703082e+001
1.578454545454546e+000 -4.632211865899598e+001
1.578545454545455e+000 -6.102695564303181e+001
1.578636363636364e+000 -4.451046958911227e+001
1.578727272727273e+000 -4.319814107736952e+001
1.578818181818182e+000 -4.991003216949965e+001
1.578909090909091e+000 -5.152843738717205e+001
1.579000000000000e+000 -4.352095977319007e+001
1.579090909090909e+000 -4.416730222059908e+001
1.579181818181818e+000 -5.595139433309236e+001
1.579272727272727e+000 -4.791791268564334e+001
1.579363636363637e+000 -4.318583424463673e+001
1.579454545454545e+000 -4.558087197137942e+001
1.579545454545455e+000 -7.587255082032512e+001
1.579636363636364e+000 -4.602200751099939e+001
1.579727272727273e+000 -4.326024255218842e+001
1.579818181818182e+000 -4.735877436492888e+001
1.579909090909091e+000 -5.970755224323958e+001
1.580000000000000e+000 -4.496400337442183e+001
1.580090909090909e+000 -4.358507957469631e+001
1.580181818181818e+000 -4.942560785693396e+001
1.580272727272727e+000 -5.410890271360505e+001
1.580363636363636e+000 -4.438842819758109e+001
1.580454545454546e+000 -4.403966455746541e+001
1.580545454545455e+000 -5.167892866188387e+001
1.580636363636364e+000 -5.151353359688950e+001
1.580727272727273e+000 -4.410707420709111e+001
1.580818181818182e+000 -4.452396708580226e+001
1.580909090909091e+000 -5.394152033876139e+001
1.581000000000000e+000 -5.012763366211468e+001
1.581090909090909e+000 -4.400646677698664e+001
1.581181818181818e+000 -4.495400922974201e+001
1.581272727272727e+000 -5.590359795543773e+001
1.581363636363637e+000 -4.943334783293174e+001
1.581454545454545e+000 -4.401618361274638e+001
1.581545454545455e+000 -4.526478643237037e+001
1.581636363636364e+000 -5.712558125224482e+001
1.581727272727273e+000 -4.922741800540719e+001
1.581818181818182e+000 -4.409685222741836e+001
1.581909090909091e+000 -4.541682060078590e+001
1.582000000000000e+000 -5.723542026210240e+001
1.582090909090909e+000 -4.944058370389225e+001
1.582181818181818e+000 -4.423571448069404e+001
1.582272727272727e+000 -4.540198767154396e+001
1.582363636363636e+000 -5.623388639306274e+001
1.582454545454546e+000 -5.009453312899640e+001
1.582545454545455e+000 -4.444548235554663e+001
1.582636363636364e+000 -4.524485337153757e+001
1.582727272727273e+000 -5.449381366983656e+001
1.582818181818182e+000 -5.131434473867883e+001
1.582909090909091e+000 -4.476535200649489e+001
1.583000000000000e+000 -4.499861404927775e+001
1.583090909090909e+000 -5.245446552714176e+001
1.583181818181818e+000 -5.341751790159913e+001
1.583272727272727e+000 -4.526527566966492e+001
1.583363636363637e+000 -4.473825088346641e+001
1.583454545454545e+000 -5.042492914170806e+001
1.583545454545455e+000 -5.729402868838233e+001
1.583636363636364e+000 -4.605767988903038e+001
1.583727272727273e+000 -4.455521417209949e+001
1.583818181818182e+000 -4.858172294933623e+001
1.583909090909091e+000 -6.766851902615839e+001
1.584000000000000e+000 -4.732844985343614e+001
1.584090909090909e+000 -4.455764872365861e+001
1.584181818181818e+000 -4.702654243320922e+001
1.584272727272727e+000 -6.305528413812692e+001
1.584363636363636e+000 -4.942712487303752e+001
1.584454545454546e+000 -4.488023496242244e+001
1.584545454545455e+000 -4.583378757508275e+001
1.584636363636364e+000 -5.425955280765706e+001
1.584727272727273e+000 -5.320896920428982e+001
1.584818181818182e+000 -4.571238095704910e+001
1.584909090909091e+000 -4.508196471958140e+001
1.585000000000000e+000 -4.990955898079223e+001
1.585090909090909e+000 -6.264034001447126e+001
1.585181818181818e+000 -4.737482311114628e+001
1.585272727272727e+000 -4.488067819595901e+001
1.585363636363637e+000 -4.724520240732306e+001
1.585454545454545e+000 -6.096733271290247e+001
1.585545454545455e+000 -5.058329292452144e+001
1.585636363636364e+000 -4.541163035739660e+001
1.585727272727273e+000 -4.568531581883390e+001
1.585818181818182e+000 -5.180261653832903e+001
1.585909090909091e+000 -5.807259578159496e+001
1.586000000000000e+000 -4.702986126107601e+001
1.586090909090909e+000 -4.510934617662673e+001
1.586181818181818e+000 -4.781043994261924e+001
1.586272727272727e+000 -6.288357744085931e+001
1.586363636363636e+000 -5.063997259307736e+001
1.586454545454546e+000 -4.564274538891321e+001
1.586545454545455e+000 -4.582201336574640e+001
1.586636363636364e+000 -5.138343945057357e+001
1.586727272727273e+000 -6.075537466917212e+001
1.586818181818182e+000 -4.776094115101319e+001
1.586909090909091e+000 -4.531691312079028e+001
1.587000000000000e+000 -4.724782283129780e+001
1.587090909090909e+000 -5.734846244927854e+001
1.587181818181818e+000 -5.315629256546988e+001
1.587272727272727e+000 -4.643079602169745e+001
1.587363636363637e+000 -4.559110055120514e+001
1.587454545454546e+000 -4.919469180811069e+001
1.587545454545455e+000 -7.348611042153365e+001
1.587636363636364e+000 -5.014050107210449e+001
1.587727272727273e+000 -4.586595783919012e+001
1.587818181818182e+000 -4.618504571043020e+001
1.587909090909091e+000 -5.148304455480739e+001
1.588000000000000e+000 -6.348350507978563e+001
1.588090909090909e+000 -4.863140821716468e+001
1.588181818181818e+000 -4.570733172902907e+001
1.588272727272727e+000 -4.688400391515284e+001
1.588363636363636e+000 -5.385993262542623e+001
1.588454545454546e+000 -5.788638536158713e+001
1.588545454545455e+000 -4.787484305335036e+001
1.588636363636364e+000 -4.574652126710966e+001
1.588727272727273e+000 -4.750650813923069e+001
1.588818181818182e+000 -5.590578038721314e+001
1.588909090909091e+000 -5.579903497683918e+001
1.589000000000000e+000 -4.756554586242501e+001
1.589090909090909e+000 -4.585523283336538e+001
1.589181818181818e+000 -4.790914196663887e+001
1.589272727272727e+000 -5.704073642490081e+001
1.589363636363637e+000 -5.523598519563159e+001
1.589454545454546e+000 -4.756932148005727e+001
1.589545454545455e+000 -4.596612736697583e+001
1.589636363636364e+000 -4.801056699085800e+001
1.589727272727273e+000 -5.684149129024031e+001
1.589818181818182e+000 -5.583056155769037e+001
1.589909090909091e+000 -4.785308962329973e+001
1.590000000000000e+000 -4.606913774037596e+001
1.590090909090909e+000 -4.781306770017387e+001
1.590181818181818e+000 -5.544613604390323e+001
1.590272727272727e+000 -5.783790759883230e+001
1.590363636363636e+000 -4.847155752809511e+001
1.590454545454546e+000 -4.621113586664737e+001
1.590545454545455e+000 -4.740171498415185e+001
1.590636363636364e+000 -5.340835810695797e+001
1.590727272727273e+000 -6.276370274124706e+001
1.590818181818182e+000 -4.958956225285935e+001
1.590909090909091e+000 -4.649731626312248e+001
1.591000000000000e+000 -4.692184028665737e+001
1.591090909090909e+000 -5.125250325830670e+001
1.591181818181818e+000 -8.632596388087984e+001
1.591272727272727e+000 -5.157702027312797e+001
1.591363636363637e+000 -4.710209060291543e+001
1.591454545454546e+000 -4.655528883906331e+001
1.591545454545455e+000 -4.931269867669630e+001
1.591636363636364e+000 -5.980928697017960e+001
1.591727272727273e+000 -5.541137193494597e+001
1.591818181818182e+000 -4.831299124013784e+001
1.591909090909091e+000 -4.651664610455454e+001
1.592000000000000e+000 -4.779588647470654e+001
1.592090909090909e+000 -5.343983578493165e+001
1.592181818181818e+000 -6.633428120539080e+001
1.592272727272727e+000 -5.069074796207696e+001
1.592363636363636e+000 -4.708676623995522e+001
1.592454545454546e+000 -4.687467192301100e+001
1.592545454545455e+000 -4.980568080192756e+001
1.592636363636364e+000 -6.046014951299505e+001
1.592727272727273e+000 -5.586109957976202e+001
1.592818181818182e+000 -4.873092068669340e+001
1.592909090909091e+000 -4.676991186767769e+001
1.593000000000000e+000 -4.768430516250995e+001
1.593090909090909e+000 -5.224861565935693e+001
1.593181818181818e+000 -8.748653935289595e+001
1.593272727272727e+000 -5.257518334102099e+001
1.593363636363637e+000 -4.787695172926166e+001
1.593454545454546e+000 -4.686298262480256e+001
1.593545454545455e+000 -4.858175924184535e+001
1.593636363636364e+000 -5.467468580261694e+001
1.593727272727273e+000 -6.530357853370340e+001
1.593818181818182e+000 -5.118050223239420e+001
1.593909090909091e+000 -4.756680946567278e+001
1.594000000000000e+000 -4.707378787837300e+001
1.594090909090909e+000 -4.926232917311162e+001
1.594181818181818e+000 -5.639348012077485e+001
1.594272727272727e+000 -6.179512593458316e+001
1.594363636363636e+000 -5.074438357490919e+001
1.594454545454546e+000 -4.755103406563625e+001
1.594545454545455e+000 -4.723426060013411e+001
1.594636363636364e+000 -4.951326073341996e+001
1.594727272727273e+000 -5.668852661985326e+001
1.594818181818182e+000 -6.208429770749926e+001
1.594909090909091e+000 -5.100986485301842e+001
1.595000000000000e+000 -4.774606914563170e+001
1.595090909090909e+000 -4.729198773233384e+001
1.595181818181818e+000 -4.928277727065459e+001
1.595272727272727e+000 -5.546497870358010e+001
1.595363636363637e+000 -6.647636500180573e+001
1.595454545454546e+000 -5.204315399318783e+001
1.595545454545455e+000 -4.820405784860898e+001
1.595636363636364e+000 -4.731251221067585e+001
1.595727272727273e+000 -4.870218086170240e+001
1.595818181818182e+000 -5.336017656404107e+001
1.595909090909091e+000 -7.860900791409307e+001
1.596000000000000e+000 -5.430843608307649e+001
1.596090909090909e+000 -4.912994323812500e+001
1.596181818181818e+000 -4.747592842778430e+001
1.596272727272727e+000 -4.803275957362691e+001
1.596363636363636e+000 -5.110771479881785e+001
1.596454545454546e+000 -6.028232220768208e+001
1.596545454545455e+000 -5.953183319193514e+001
1.596636363636364e+000 -5.098467611841110e+001
1.596727272727273e+000 -4.808826128161469e+001
1.596818181818182e+000 -4.760276639715571e+001
1.596909090909091e+000 -4.920302864960599e+001
1.597000000000000e+000 -5.395348407705991e+001
1.597090909090909e+000 -7.856018741072973e+001
1.597181818181818e+000 -5.498677820701031e+001
1.597272727272727e+000 -4.967853829027164e+001
1.597363636363637e+000 -4.781098553173772e+001
1.597454545454546e+000 -4.798851038060951e+001
1.597545454545455e+000 -5.027048783884012e+001
1.597636363636364e+000 -5.641457155352017e+001
1.597727272727273e+000 -6.925785918004699e+001
1.597818181818182e+000 -5.349526924428540e+001
1.597909090909091e+000 -4.926985159483151e+001
1.598000000000000e+000 -4.783382663091862e+001
1.598090909090909e+000 -4.827587722563318e+001
1.598181818181818e+000 -5.078646924846094e+001
1.598272727272727e+000 -5.734741562488833e+001
1.598363636363636e+000 -6.736498878005149e+001
1.598454545454546e+000 -5.348767511345468e+001
1.598545454545455e+000 -4.941342741510778e+001
1.598636363636364e+000 -4.797457313521207e+001
1.598727272727273e+000 -4.831362164263953e+001
1.598818181818182e+000 -5.055768328767915e+001
1.598909090909091e+000 -5.622292277660822e+001
1.599000000000000e+000 -7.642762811569452e+001
1.599090909090909e+000 -5.486855866080463e+001
1.599181818181818e+000 -5.012196340165999e+001
1.599272727272727e+000 -4.827335686055277e+001
1.599363636363637e+000 -4.817658975947020e+001
1.599454545454546e+000 -4.975825399398651e+001
1.599545454545455e+000 -5.382825024300345e+001
1.599636363636364e+000 -6.649703247291785e+001
1.599727272727273e+000 -5.872661385778167e+001
1.599818181818182e+000 -5.177603242079393e+001
1.599909090909091e+000 -4.900145266009369e+001
1.600000000000000e+000 -4.815217386059631e+001
