1.500000000000000e+000 -8.979185262259469e-006
1.500090909090909e+000 -3.396150207051707e-005
1.500181818181818e+000 -5.171903921024575e-005
1.500272727272727e+000 -4.504349992741286e-005
1.500363636363636e+000 -2.009784105720881e-005
1.500454545454546e+000 -1.149574742766122e-006
1.500545454545455e+000 -7.148330040669765e-006
1.500636363636364e+000 -3.263692448292244e-005
1.500727272727273e+000 -5.242651909810669e-005
1.500818181818182e+000 -4.646802564961079e-005
1.500909090909091e+000 -2.049382017117728e-005
1.501000000000000e+000 -9.679194304835453e-007
1.501090909090909e+000 -8.331142749684635e-006
1.501181818181818e+000 -3.545483846062233e-005
1.501272727272727e+000 -5.424708906972254e-005
1.501363636363637e+000 -4.475513834741600e-005
1.501454545454545e+000 -1.673543558163478e-005
1.501545454545455e+000 -1.106257910772519e-007
1.501636363636364e+000 -1.318678654239888e-005
1.501727272727273e+000 -4.230069804559837e-005
1.501818181818182e+000 -5.583045127205832e-005
1.501909090909091e+000 -3.864833770787568e-005
1.502000000000000e+000 -9.511942219697163e-006
1.502090909090909e+000 -1.053552829258462e-006
1.502181818181818e+000 -2.329427829898758e-005
1.502272727272727e+000 -5.152448272764319e-005
1.502363636363636e+000 -5.358111636524634e-005
1.502454545454546e+000 -2.677817208859792e-005
1.502545454545455e+000 -1.935691068750453e-006
1.502636363636364e+000 -8.298964489399362e-006
1.502727272727273e+000 -3.899373468195908e-005
1.502818181818182e+000 -5.809571827079910e-005
1.502909090909091e+000 -4.270990377253130e-005
1.503000000000000e+000 -1.092418911419104e-005
1.503090909090909e+000 -1.115460105852392e-006
1.503181818181818e+000 -2.572995004990076e-005
1.503272727272727e+000 -5.522423909142064e-005
1.503363636363637e+000 -5.335186764215218e-005
1.503454545454545e+000 -2.207945000063216e-005
1.503545454545455e+000 -2.460828030449963e-007
1.503636363636364e+000 -1.566457992663685e-005
1.503727272727273e+000 -4.949630151805179e-005
1.503818181818182e+000 -5.896304429609534e-005
1.503909090909091e+000 -3.165764967169192e-005
1.504000000000000e+000 -2.475314532983349e-006
1.504090909090909e+000 -9.528528193298050e-006
1.504181818181818e+000 -4.428724571661045e-005
1.504272727272727e+000 -6.149906464150340e-005
1.504363636363636e+000 -3.820661616840929e-005
1.504454545454546e+000 -5.039479317321039e-006
1.504545454545455e+000 -6.563807655724727e-006
1.504636363636364e+000 -4.140870545787080e-005
1.504727272727273e+000 -6.284464634736377e-005
1.504818181818182e+000 -4.149001876130045e-005
1.504909090909091e+000 -6.262246407367305e-006
1.505000000000000e+000 -5.921652048509896e-006
1.505090909090909e+000 -4.163880122998204e-005
1.505181818181818e+000 -6.404303119340316e-005
1.505272727272727e+000 -4.149946806209671e-005
1.505363636363637e+000 -5.496724236443726e-006
1.505454545454545e+000 -7.404487249254112e-006
1.505545454545455e+000 -4.522793575672334e-005
1.505636363636364e+000 -6.504690461593548e-005
1.505727272727273e+000 -3.797816519419201e-005
1.505818181818182e+000 -3.067401560055911e-006
1.505909090909091e+000 -1.170109544508069e-005
1.506000000000000e+000 -5.194678095945318e-005
1.506090909090909e+000 -6.461715534363498e-005
1.506181818181818e+000 -3.054977607813119e-005
1.506272727272727e+000 -4.894197136559432e-007
1.506363636363636e+000 -2.015947528659961e-005
1.506454545454546e+000 -6.056619899240879e-005
1.506545454545455e+000 -6.040546295350232e-005
1.506636363636364e+000 -1.953681202366758e-005
1.506727272727273e+000 -7.887525843676287e-007
1.506818181818182e+000 -3.385033996631241e-005
1.506909090909091e+000 -6.797544813740997e-005
1.507000000000000e+000 -4.972994908326001e-005
1.507090909090909e+000 -7.422454063220299e-006
1.507181818181818e+000 -8.182120620847854e-006
1.507272727272727e+000 -5.163307677183130e-005
1.507363636363637e+000 -6.878574327504942e-005
1.507454545454545e+000 -3.177831702918195e-005
1.507545454545455e+000 -1.734583187564577e-007
1.507636363636364e+000 -2.588442164684671e-005
1.507727272727273e+000 -6.775409874023654e-005
1.507818181818182e+000 -5.715730367976124e-005
1.507909090909091e+000 -1.116765113015143e-005
1.508000000000000e+000 -6.211065226392177e-006
1.508090909090909e+000 -5.141725643597458e-005
1.508181818181818e+000 -7.157649893373345e-005
1.508272727272727e+000 -3.244852212474508e-005
1.508363636363636e+000 -5.445393157446457e-008
1.508454545454546e+000 -3.016293191818715e-005
1.508545454545455e+000 -7.213304191051593e-005
1.508636363636364e+000 -5.386009822856304e-005
1.508727272727273e+000 -6.507268000641550e-006
1.508818181818182e+000 -1.259411061171916e-005
1.508909090909091e+000 -6.245238318699286e-005
1.509000000000000e+000 -6.906242390045510e-005
1.509090909090909e+000 -2.039247588130531e-005
1.509181818181818e+000 -2.609486535383080e-006
1.509272727272727e+000 -4.823504989531258e-005
1.509363636363637e+000 -7.639916495230089e-005
1.509454545454545e+000 -3.627263091011696e-005
1.509545454545455e+000 -5.084922435143109e-008
1.509636363636364e+000 -3.414823329590312e-005
1.509727272727273e+000 -7.733148031613862e-005
1.509818181818182e+000 -5.050866853787627e-005
1.509909090909091e+000 -2.658425390832274e-006
1.510000000000000e+000 -2.274965430342629e-005
1.510090909090909e+000 -7.449099098116033e-005
1.510181818181818e+000 -6.154273824465526e-005
1.510272727272727e+000 -7.758177283431637e-006
1.510363636363636e+000 -1.476433142094234e-005
1.510454545454546e+000 -7.037428748303697e-005
1.510545454545455e+000 -6.928589303425698e-005
1.510636363636364e+000 -1.316151503978198e-005
1.510727272727273e+000 -9.847763951967353e-006
1.510818181818182e+000 -6.680989808127484e-005
1.510909090909091e+000 -7.433751113745498e-005
1.511000000000000e+000 -1.740414295368191e-005
1.511090909090909e+000 -7.299899568913697e-006
1.511181818181818e+000 -6.493056549383162e-005
1.511272727272727e+000 -7.738073063094645e-005
1.511363636363637e+000 -1.964193593961423e-005
1.511454545454545e+000 -6.547481756080350e-006
1.511545454545455e+000 -6.534144527706859e-005
1.511636363636364e+000 -7.881632855376559e-005
1.511727272727273e+000 -1.947220581691393e-005
1.511818181818182e+000 -7.409274264305297e-006
1.511909090909091e+000 -6.826960100258209e-005
1.512000000000000e+000 -7.858130359765504e-005
1.512090909090909e+000 -1.684125848744626e-005
1.512181818181818e+000 -1.020721660735544e-005
1.512272727272727e+000 -7.358140140877839e-005
1.512363636363636e+000 -7.610170354506340e-005
1.512454545454546e+000 -1.211162530259717e-005
1.512545454545455e+000 -1.574652411241581e-005
1.512636363636364e+000 -8.062927208122271e-005
1.512727272727273e+000 -7.039292127539880e-005
1.512818181818182e+000 -6.293277323491450e-006
1.512909090909091e+000 -2.511202727925384e-005
1.513000000000000e+000 -8.796287456151172e-005
1.513090909090909e+000 -6.039688022855433e-005
1.513181818181818e+000 -1.353500355083396e-006
1.513272727272727e+000 -3.916488886943162e-005
1.513363636363637e+000 -9.305553267412334e-005
1.513454545454545e+000 -4.567824069363680e-005
1.513545454545455e+000 -3.726068707835417e-007
1.513636363636364e+000 -5.764412859770117e-005
1.513727272727273e+000 -9.237298394589067e-005
1.513818181818182e+000 -2.750118019327165e-005
1.513909090909091e+000 -7.124208509061565e-006
1.514000000000000e+000 -7.798743101458551e-005
1.514090909090909e+000 -8.227645209667532e-005
1.514181818181818e+000 -9.964750930872204e-006
1.514272727272727e+000 -2.457646404263564e-005
1.514363636363636e+000 -9.447016804512736e-005
1.514454545454546e+000 -6.116853364904286e-005
1.514545454545455e+000 -2.751741073503492e-007
1.514636363636364e+000 -5.216085471652509e-005
1.514727272727273e+000 -9.889753665512329e-005
1.514818181818182e+000 -3.257418581437848e-005
1.514909090909091e+000 -6.710557408385655e-006
1.515000000000000e+000 -8.280233587772385e-005
1.515090909090909e+000 -8.426499665410947e-005
1.515181818181818e+000 -7.292089824443159e-006
1.515272727272727e+000 -3.329008841253436e-005
1.515363636363637e+000 -1.025025511716716e-004
1.515454545454545e+000 -5.140026008806724e-005
1.515545454545455e+000 -1.087392821297340e-006
1.515636363636364e+000 -7.273129099624875e-005
1.515727272727273e+000 -9.618943632532170e-005
1.515818181818182e+000 -1.487286692671206e-005
1.515909090909091e+000 -2.501200194453586e-005
1.516000000000000e+000 -1.037359217628997e-004
1.516090909090909e+000 -6.056880909537054e-005
1.516181818181818e+000 -2.677163762742655e-007
1.516272727272727e+000 -7.133199607532011e-005
1.516363636363636e+000 -1.009600294485997e-004
1.516454545454546e+000 -1.605815030015966e-005
1.516545454545455e+000 -2.649101117076538e-005
1.516636363636364e+000 -1.081488863471711e-004
1.516727272727273e+000 -5.866625783164773e-005
1.516818181818182e+000 -1.112436205098091e-006
1.516909090909091e+000 -8.078970788003614e-005
1.517000000000000e+000 -9.911132296071746e-005
1.517090909090909e+000 -9.670811640220208e-006
1.517181818181818e+000 -3.897543731580668e-005
1.517272727272727e+000 -1.145635027460309e-004
1.517363636363637e+000 -4.455482372206240e-005
1.517454545454545e+000 -7.424023194965583e-006
1.517545454545455e+000 -9.984862501367200e-005
1.517636363636364e+000 -8.566122525078096e-005
1.517727272727273e+000 -1.061786294371003e-006
1.517818181818182e+000 -6.569631455152300e-005
1.517909090909091e+000 -1.137770804766111e-004
1.518000000000000e+000 -2.023357653204862e-005
1.518090909090909e+000 -2.940922362777083e-005
1.518181818181818e+000 -1.192421264939305e-004
1.518272727272727e+000 -5.453495692044153e-005
1.518363636363636e+000 -5.487571630877150e-006
1.518454545454546e+000 -1.033407704193954e-004
1.518545454545455e+000 -9.017115809403090e-005
1.518636363636364e+000 -6.674198069595681e-007
1.518727272727273e+000 -7.456386782967929e-005
1.518818181818182e+000 -1.161536554069556e-004
1.518909090909091e+000 -1.384017132257815e-005
1.519000000000000e+000 -4.337266938140705e-005
1.519090909090909e+000 -1.271866405497350e-004
1.519181818181818e+000 -3.892916796944733e-005
1.519272727272727e+000 -1.817541095888418e-005
1.519363636363637e+000 -1.234601622387752e-004
1.519454545454545e+000 -6.840267971750522e-005
1.519545454545455e+000 -3.523015979658078e-006
1.519636363636364e+000 -1.087190804272988e-004
1.519727272727273e+000 -9.589555331390098e-005
1.519818181818182e+000 -2.144111788546847e-007
1.519909090909091e+000 -8.800726961818250e-005
1.520000000000000e+000 -1.174444173322593e-004
1.520090909090909e+000 -6.448342558990389e-006
1.520181818181818e+000 -6.595306154114831e-005
1.520272727272727e+000 -1.315583240255796e-004
1.520363636363636e+000 -1.920384781902103e-005
1.520454545454546e+000 -4.587136324560452e-005
1.520545454545455e+000 -1.386262046112665e-004
1.520636363636364e+000 -3.534670624528824e-005
1.520727272727273e+000 -2.956702759977405e-005
1.520818181818182e+000 -1.401280810522611e-004
1.520909090909091e+000 -5.228520039473517e-005
1.521000000000000e+000 -1.757037576057926e-005
1.521090909090909e+000 -1.379471938879572e-004
1.521181818181818e+000 -6.821436218055116e-005
1.521272727272727e+000 -9.546385290291611e-006
1.521363636363637e+000 -1.339053849710621e-004
1.521454545454545e+000 -8.208003104440820e-005
1.521545454545455e+000 -4.702233649430635e-006
1.521636363636364e+000 -1.295236313505221e-004
1.521727272727273e+000 -9.340000862048431e-005
1.521818181818182e+000 -2.108184214022317e-006
1.521909090909091e+000 -1.259510178182125e-004
1.522000000000000e+000 -1.020448234179762e-004
1.522090909090909e+000 -9.132489177832973e-007
1.522181818181818e+000 -1.239916639062754e-004
1.522272727272727e+000 -1.080381581552050e-004
1.522363636363636e+000 -4.735793468487539e-007
1.522454545454546e+000 -1.241688144279036e-004
1.522545454545455e+000 -1.114038299070834e-004
1.522636363636364e+000 -4.241414220224694e-007
1.522727272727273e+000 -1.267823741920582e-004
1.522818181818182e+000 -1.120673342434243e-004
1.522909090909091e+000 -7.216848529604310e-007
1.523000000000000e+000 -1.319320701484078e-004
1.523090909090909e+000 -1.098138540759029e-004
1.523181818181818e+000 -1.676168566225800e-006
1.523272727272727e+000 -1.394908824988652e-004
1.523363636363637e+000 -1.043071706301625e-004
1.523454545454545e+000 -3.972434501925966e-006
1.523545454545455e+000 -1.490242688048651e-004
1.523636363636364e+000 -9.518011923086335e-005
1.523727272727273e+000 -8.665674429401973e-006
1.523818181818182e+000 -1.596641277432906e-004
1.523909090909091e+000 -8.221132288248053e-005
1.524000000000000e+000 -1.711462281266200e-005
1.524090909090909e+000 -1.699670442885440e-004
1.524181818181818e+000 -6.559771753002677e-005
1.524272727272727e+000 -3.079941939490833e-005
1.524363636363636e+000 -1.778169642708568e-004
1.524454545454546e+000 -4.630916528772401e-005
1.524545454545455e+000 -5.096588634727488e-005
1.524636363636364e+000 -1.804704779254812e-004
1.524727272727273e+000 -2.646210381342806e-005
1.524818181818182e+000 -7.806041479818202e-005
1.524909090909091e+000 -1.748751856904723e-004
1.525000000000000e+000 -9.572087092862764e-006
1.525090909090909e+000 -1.109901621163029e-004
1.525181818181818e+000 -1.583895284630922e-004
1.525272727272727e+000 -4.558391414819288e-007
1.525363636363637e+000 -1.463769459038489e-004
1.525454545454545e+000 -1.299521426122245e-004
1.525545454545455e+000 -4.498048959607208e-006
1.525636363636364e+000 -1.781592146680018e-004
1.525727272727273e+000 -9.154522996253853e-005
1.525818181818182e+000 -2.605954570864423e-005
1.525909090909091e+000 -1.980683575997142e-004
1.526000000000000e+000 -4.946059201788321e-005
1.526090909090909e+000 -6.608394221983529e-005
1.526181818181818e+000 -1.975183740896614e-004
1.526272727272727e+000 -1.449631490090368e-005
1.526363636363636e+000 -1.195168750180696e-004
1.526454545454546e+000 -1.710963315574947e-004
1.526545454545455e+000 -2.876683442780224e-008
1.526636363636364e+000 -1.738811706411955e-004
1.526727272727273e+000 -1.209668858294955e-004
1.526818181818182e+000 -1.730385040332886e-005
1.526909090909091e+000 -2.108591741833623e-004
1.527000000000000e+000 -6.021565726659352e-005
1.527090909090909e+000 -6.862150007413189e-005
1.527181818181818e+000 -2.123297710276372e-004
1.527272727272727e+000 -1.208559292467554e-005
1.527363636363637e+000 -1.412541603350761e-004
1.527454545454545e+000 -1.703116574679290e-004
1.527545454545455e+000 -2.413695248992315e-006
1.527636363636364e+000 -2.069143208399282e-004
1.527727272727273e+000 -9.673928243457957e-005
1.527818181818182e+000 -4.559529829101441e-005
1.527909090909091e+000 -2.312982617314076e-004
1.528000000000000e+000 -2.564787793342993e-005
1.528090909090909e+000 -1.300340994461640e-004
1.528181818181818e+000 -1.935621596620287e-004
1.528272727272727e+000 -6.721669801396667e-007
1.528363636363636e+000 -2.143492194717742e-004
1.528454545454546e+000 -1.067494230047927e-004
1.528545454545455e+000 -4.820317238549073e-005
1.528636363636364e+000 -2.447440922306028e-004
1.528727272727273e+000 -2.232356221578656e-005
1.528818181818182e+000 -1.502126175259730e-004
1.528909090909091e+000 -1.917715833358812e-004
1.529000000000000e+000 -4.632122015926888e-006
1.529090909090909e+000 -2.414464342161455e-004
1.529181818181818e+000 -8.419106001393475e-005
1.529272727272727e+000 -8.122848699045815e-005
1.529363636363637e+000 -2.482952955068584e-004
1.529454545454545e+000 -4.977067729184501e-006
1.529545454545455e+000 -2.045979692713283e-004
1.529636363636364e+000 -1.537869611363465e-004
1.529727272727273e+000 -3.216868768866952e-005
1.529818181818182e+000 -2.718767815142115e-004
1.529909090909091e+000 -3.361878794903663e-005
1.530000000000000e+000 -1.589500701302459e-004
1.530090909090909e+000 -2.117349713125336e-004
1.530181818181818e+000 -7.467382314090841e-006
1.530272727272727e+000 -2.735664905611719e-004
1.530363636363636e+000 -7.181741739255329e-005
1.530454545454546e+000 -1.203279119865933e-004
1.530545454545455e+000 -2.529774502185318e-004
1.530636363636364e+000 -2.402943677967404e-007
1.530727272727273e+000 -2.673695815505163e-004
1.530818181818182e+000 -1.063141282956024e-004
1.530909090909091e+000 -9.498717209655821e-005
1.531000000000000e+000 -2.804421663649222e-004
1.531090909090909e+000 -1.034374305066003e-006
1.531181818181818e+000 -2.641509412173535e-004
1.531272727272727e+000 -1.299640666838466e-004
1.531363636363637e+000 -8.392598476350741e-005
1.531454545454545e+000 -2.987698650594868e-004
1.531545454545455e+000 -2.581895744586840e-006
1.531636363636364e+000 -2.705305043885182e-004
1.531727272727273e+000 -1.392231024724278e-004
1.531818181818182e+000 -8.725606920481634e-005
1.531909090909091e+000 -3.103860386079282e-004
1.532000000000000e+000 -1.650707028785803e-006
1.532090909090909e+000 -2.894725454214328e-004
1.532181818181818e+000 -1.318965707194900e-004
1.532272727272727e+000 -1.068559599706567e-004
1.532363636363636e+000 -3.134804018936842e-004
1.532454545454546e+000 -2.971942314251941e-008
1.532545454545455e+000 -3.201534875197425e-004
1.532636363636364e+000 -1.068433311186773e-004
1.532727272727273e+000 -1.468209509363453e-004
1.532818181818182e+000 -3.013451507310509e-004
1.532909090909091e+000 -5.700383678287080e-006
1.533000000000000e+000 -3.560496690073697e-004
1.533090909090909e+000 -6.649573513405832e-005
1.533181818181818e+000 -2.109703178267331e-004
1.533272727272727e+000 -2.638518374501797e-004
1.533363636363637e+000 -3.336241288913186e-005
1.533454545454545e+000 -3.818710911596590e-004
1.533545454545455e+000 -2.223087109099590e-005
1.533636363636364e+000 -2.962835227910595e-004
1.533727272727273e+000 -1.934378923172103e-004
1.533818181818182e+000 -1.010092896521999e-004
1.533909090909091e+000 -3.728022679235410e-004
1.534000000000000e+000 -4.319960792204192e-008
1.534090909090909e+000 -3.828387752544025e-004
1.534181818181818e+000 -9.773782149235246e-005
1.534272727272727e+000 -2.175954984283459e-004
1.534363636363636e+000 -3.031917931391147e-004
1.534454545454546e+000 -3.855725074661242e-005
1.534545454545455e+000 -4.271387928384791e-004
1.534636363636364e+000 -1.510725598748038e-005
1.534727272727273e+000 -3.606617330493944e-004
1.534818181818182e+000 -1.716947858990696e-004
1.534909090909091e+000 -1.667234884497484e-004
1.535000000000000e+000 -3.754855008130386e-004
1.535090909090909e+000 -1.537348603306563e-005
1.535181818181818e+000 -4.585732560314244e-004
1.535272727272727e+000 -3.554222069763424e-005
1.535363636363637e+000 -3.575530436865458e-004
1.535454545454545e+000 -2.140473839196332e-004
1.535545454545455e+000 -1.566522299621762e-004
1.535636363636364e+000 -4.155269504487849e-004
1.535727272727273e+000 -1.314499669477921e-005
1.535818181818182e+000 -4.927880517563314e-004
1.535909090909091e+000 -3.595277896930282e-005
1.536000000000000e+000 -3.945496427654063e-004
1.536090909090909e+000 -2.114302348458730e-004
1.536181818181818e+000 -1.942927563256148e-004
1.536272727272727e+000 -4.219506911252352e-004
1.536363636363636e+000 -3.112330500652043e-005
1.536454545454546e+000 -5.320195696576935e-004
1.536545454545455e+000 -1.401857752966007e-005
1.536636363636364e+000 -4.763352240989441e-004
1.536727272727273e+000 -1.558531879810827e-004
1.536818181818182e+000 -2.942578664697866e-004
1.536909090909091e+000 -3.735677620386160e-004
1.537000000000000e+000 -9.774541167588634e-005
1.537090909090909e+000 -5.445652942559210e-004
1.537181818181818e+000 -1.403455449351009e-006
1.537272727272727e+000 -5.785472827883472e-004
1.537363636363637e+000 -5.962727123560688e-005
1.537454545454545e+000 -4.629256086858072e-004
1.537545454545455e+000 -2.435823134097941e-004
1.537636363636364e+000 -2.620786626974655e-004
1.537727272727273e+000 -4.635339246256049e-004
1.537818181818182e+000 -7.836705092907405e-005
1.537909090909091e+000 -6.179383498790287e-004
1.538000000000000e+000 -2.406611651981937e-007
1.538090909090909e+000 -6.413563986570872e-004
1.538181818181818e+000 -6.384664289128295e-005
1.538272727272727e+000 -5.295105101008024e-004
1.538363636363636e+000 -2.429556485634690e-004
1.538454545454546e+000 -3.345947563353268e-004
1.538545454545455e+000 -4.664498143099068e-004
1.538636363636364e+000 -1.382137558533005e-004
1.538727272727273e+000 -6.511250766011401e-004
1.538818181818182e+000 -1.695040138575141e-005
1.538909090909091e+000 -7.340455489823454e-004
1.539000000000000e+000 -1.515759396357267e-005
1.539090909090909e+000 -6.924120397517723e-004
1.539181818181818e+000 -1.335337194553717e-004
1.539272727272727e+000 -5.463172503368002e-004
1.539363636363637e+000 -3.343253726687846e-004
1.539454545454545e+000 -3.469273021404723e-004
1.539545454545455e+000 -5.580047826825400e-004
1.539636363636364e+000 -1.569716583767380e-004
1.539727272727273e+000 -7.436841870679608e-004
1.539818181818182e+000 -3.124243465141768e-005
1.539909090909091e+000 -8.462514703926622e-004
1.540000000000000e+000 -2.883254907858417e-006
1.540090909090909e+000 -8.459898224906174e-004
1.540181818181818e+000 -7.805356631168843e-005
1.540272727272727e+000 -7.497345413191244e-004
1.540363636363636e+000 -2.384916928609111e-004
1.540454545454546e+000 -5.852309737638393e-004
1.540545454545455e+000 -4.494649269588301e-004
1.540636363636364e+000 -3.917235138056836e-004
1.540727272727273e+000 -6.698625888818360e-004
1.540818181818182e+000 -2.099380104086416e-004
1.540909090909091e+000 -8.615461273811265e-004
1.541000000000000e+000 -7.388780674379507e-005
1.541090909090909e+000 -9.960616397211397e-004
1.541181818181818e+000 -5.819062991142671e-006
1.541272727272727e+000 -1.057970000938125e-003
1.541363636363637e+000 -1.452846506552670e-005
1.541454545454545e+000 -1.045010931224433e-003
1.541545454545455e+000 -9.649332776287957e-005
1.541636363636364e+000 -9.659191334664598e-004
1.541727272727273e+000 -2.388411700686919e-004
1.541818181818182e+000 -8.369366929878394e-004
1.541909090909091e+000 -4.231167654708755e-004
1.542000000000000e+000 -6.779977118176885e-004
1.542090909090909e+000 -6.289741421740226e-004
1.542181818181818e+000 -5.093185747317314e-004
1.542272727272727e+000 -8.372075484505082e-004
1.542363636363636e+000 -3.488241787696807e-004
1.542454545454546e+000 -1.031837015688069e-003
1.542545454545455e+000 -2.105604525734195e-004
1.542636363636364e+000 -1.201214524344831e-003
1.542727272727273e+000 -1.040330523031235e-004
1.542818181818182e+000 -1.338286032582630e-003
1.542909090909091e+000 -3.428550037340236e-005
1.543000000000000e+000 -1.440231128468869e-003
1.543090909090909e+000 -2.479296411639235e-006
1.543181818181818e+000 -1.507721201874340e-003
1.543272727272727e+000 -6.744238900625143e-006
1.543363636363637e+000 -1.544010957283918e-003
1.543454545454545e+000 -4.310704452252201e-005
1.543545454545455e+000 -1.554028493499373e-003
1.543636363636364e+000 -1.063607061383151e-004
1.543727272727273e+000 -1.543573223419192e-003
1.543818181818182e+000 -1.907915550792665e-004
1.543909090909091e+000 -1.518679933896658e-003
1.544000000000000e+000 -2.907271083822721e-004
1.544090909090909e+000 -1.485167173009809e-003
1.544181818181818e+000 -4.009017761296307e-004
1.544272727272727e+000 -1.448360602336189e-003
1.544363636363636e+000 -5.166591675064201e-004
1.544454545454546e+000 -1.412965956592741e-003
1.544545454545455e+000 -6.340208797263543e-004
1.544636363636364e+000 -1.383059428988025e-003
1.544727272727273e+000 -7.496549967685256e-004
1.544818181818182e+000 -1.362162810629662e-003
1.544909090909091e+000 -8.607758720212697e-004
1.545000000000000e+000 -1.353373941050125e-003
1.545090909090909e+000 -9.650025343668256e-004
1.545181818181818e+000 -1.359527800403448e-003
1.545272727272727e+000 -1.060198139173112e-003
1.545363636363637e+000 -1.383368343482439e-003
1.545454545454545e+000 -1.144308569272377e-003
1.545545454545455e+000 -1.427714863775623e-003
1.545636363636364e+000 -1.215215421718425e-003
1.545727272727273e+000 -1.495608709807924e-003
1.545818181818182e+000 -1.270617587481753e-003
1.545909090909091e+000 -1.590426260991769e-003
1.546000000000000e+000 -1.307956605115016e-003
1.546090909090909e+000 -1.715942231349721e-003
1.546181818181818e+000 -1.324403797079322e-003
1.546272727272727e+000 -1.876323860229905e-003
1.546363636363636e+000 -1.316931504534424e-003
1.546454545454546e+000 -2.076031905265006e-003
1.546545454545455e+000 -1.282495819768504e-003
1.546636363636364e+000 -2.319599519888309e-003
1.546727272727273e+000 -1.218362932027592e-003
1.546818181818182e+000 -2.611256456617492e-003
1.546909090909091e+000 -1.122613892343915e-003
1.547000000000000e+000 -2.954365657867766e-003
1.547090909090909e+000 -9.948608752423332e-004
1.547181818181818e+000 -3.350644884075132e-003
1.547272727272727e+000 -8.371988375106017e-004
1.547363636363637e+000 -3.799160997216660e-003
1.547454545454545e+000 -6.553961853527458e-004
1.547545454545455e+000 -4.295112625068059e-003
1.547636363636364e+000 -4.602928819715406e-004
1.547727272727273e+000 -4.828461709238134e-003
1.547818181818182e+000 -2.693212358561294e-004
1.547909090909091e+000 -5.382538086975767e-003
1.548000000000000e+000 -1.079924194186441e-004
1.548090909090909e+000 -5.932822988472991e-003
1.548181818181818e+000 -1.110357344959162e-005
1.548272727272727e+000 -6.446211342663212e-003
1.548363636363636e+000 -2.332575023403328e-005
1.548454545454546e+000 -6.881145896438716e-003
1.548545454545455e+000 -1.987503938114819e-004
1.548636363636364e+000 -7.189086013301020e-003
1.548727272727273e+000 -5.989307167282337e-004
1.548818181818182e+000 -7.317788540445710e-003
1.548909090909091e+000 -1.288993408753646e-003
1.549000000000000e+000 -7.216797664909199e-003
1.549090909090909e+000 -2.331560594118137e-003
1.549181818181818e+000 -6.845324316449508e-003
1.549272727272727e+000 -3.778552672014912e-003
1.549363636363637e+000 -6.182312731042070e-003
1.549454545454545e+000 -5.661460449966654e-003
1.549545454545455e+000 -5.237939029901017e-003
1.549636363636364e+000 -7.981360231741891e-003
1.549727272727273e+000 -4.065109108336054e-003
1.549818181818182e+000 -1.070071955738202e-002
1.549909090909091e+000 -2.768833581238527e-003
1.550000000000000e+000 -1.373975940447033e-002
1.550090909090909e+000 -1.510844358059173e-003
1.550181818181818e+000 -1.698061217204005e-002
1.550272727272727e+000 -5.067228813479283e-004
1.550363636363636e+000 -2.028258248669713e-002
1.550454545454546e+000 -1.335216446082517e-005
1.550545454545455e+000 -2.351150011408653e-002
1.550636363636364e+000 -3.056986572669880e-004
1.550727272727273e+000 -2.658595282348363e-002
1.550818181818182e+000 -1.643222988100125e-003
1.550909090909091e+000 -2.954471081638222e-002
1.551000000000000e+000 -4.225706215772942e-003
1.551090909090909e+000 -3.264710503691416e-002
1.551181818181818e+000 -8.130792200697378e-003
1.551272727272727e+000 -3.654219941156629e-002
1.551363636363637e+000 -1.319757927472149e-002
1.551454545454545e+000 -4.261070390216738e-002
1.551545454545455e+000 -1.873827754162311e-002
1.551636363636364e+000 -5.375933301329654e-002
1.551727272727273e+000 -2.276470803037980e-002
1.551818181818182e+000 -7.628413001338968e-002
1.551909090909091e+000 -2.033113514552384e-002
1.552000000000000e+000 -1.228408788982068e-001
1.552090909090909e+000 -5.096733515498561e-003
1.552181818181818e+000 -2.016392390658886e-001
1.552272727272727e+000 -2.891055916946399e-002
1.552363636363636e+000 -1.741527823972892e-001
1.552454545454546e+000 -4.289917067136306e-001
1.552545454545455e+000 -2.941801998665868e-001
1.552636363636364e+000 -3.714539393118747e-001
1.552727272727273e+000 -1.749281624484417e+000
1.552818181818182e+000 -1.398317423320233e+000
1.552909090909091e+000 -1.000000000000000e+002
1.553000000000000e+000 -1.000000000000000e+002
1.553090909090909e+000 -1.000000000000000e+002
1.553181818181818e+000 -1.000000000000000e+002
1.553272727272727e+000 -1.639786103241903e+000
1.553363636363637e+000 -1.344724313059829e+000
1.553454545454545e+000 -3.423508946970090e-004
1.553545454545455e+000 -1.735216322978447e-002
1.553636363636364e+000 -2.526982229099316e-001
1.553727272727273e+000 -3.036106231152309e-001
1.553818181818182e+000 -3.657295812745346e-003
1.553909090909091e+000 -1.733672913040694e-001
1.554000000000000e+000 -4.552651183755945e-002
1.554090909090909e+000 -8.570753684302652e-002
1.554181818181818e+000 -4.931256005420685e-002
1.554272727272727e+000 -5.509937218341351e-002
1.554363636363636e+000 -3.641537038221266e-002
1.554454545454546e+000 -4.585988175681523e-002
1.554545454545455e+000 -2.139513730478358e-002
1.554636363636364e+000 -4.363511138020113e-002
1.554727272727273e+000 -9.067475982868233e-003
1.554818181818182e+000 -4.222261438573797e-002
1.554909090909091e+000 -1.662641777197783e-003
1.555000000000000e+000 -3.831922397619010e-002
1.555090909090909e+000 -1.856853860914881e-004
1.555181818181818e+000 -3.065827458618075e-002
1.555272727272727e+000 -4.029163673782359e-003
1.555363636363637e+000 -2.012894928797420e-002
1.555454545454545e+000 -1.074548948166275e-002
1.555545454545455e+000 -9.466760450677505e-003
1.555636363636364e+000 -1.673040676853883e-002
1.555727272727273e+000 -2.043536786733153e-003
1.555818181818182e+000 -1.876661234069608e-002
1.555909090909091e+000 -7.073487893549050e-005
1.556000000000000e+000 -1.569187955667272e-002
1.556090909090909e+000 -3.176597988029950e-003
1.556181818181818e+000 -9.160062267383685e-003
1.556272727272727e+000 -8.389643089752119e-003
1.556363636363636e+000 -2.800427534450032e-003
1.556454545454546e+000 -1.180001322934200e-002
1.556545454545455e+000 -1.736460512579488e-005
1.556636363636364e+000 -1.098973814175208e-002
1.556727272727273e+000 -1.742900846893980e-003
1.556818181818182e+000 -6.606874926041310e-003
1.556909090909091e+000 -5.798115983290701e-003
1.557000000000000e+000 -1.845056060936935e-003
1.557090909090909e+000 -8.533983145756985e-003
1.557181818181818e+000 -3.763964415313540e-006
1.557272727272727e+000 -7.645049524027738e-003
1.557363636363637e+000 -1.889002820245165e-003
1.557454545454545e+000 -3.954253982592563e-003
1.557545454545455e+000 -5.218647743920727e-003
1.557636363636364e+000 -6.179978758297181e-004
1.557727272727273e+000 -6.677101659437666e-003
1.557818181818182e+000 -2.918062038034043e-004
1.557909090909091e+000 -4.895463130980097e-003
1.558000000000000e+000 -2.724810316951644e-003
1.558090909090909e+000 -1.639160317506641e-003
1.558181818181818e+000 -5.095011775915181e-003
1.558272727272727e+000 -2.450317193772099e-006
1.558363636363636e+000 -4.860415662859121e-003
1.558454545454546e+000 -1.278905089185852e-003
1.558545454545455e+000 -2.313917780030423e-003
1.558636363636364e+000 -3.685676100279467e-003
1.558727272727273e+000 -1.760187754005607e-004
1.558818181818182e+000 -4.366685769719534e-003
1.558909090909091e+000 -5.738401967335728e-004
1.559000000000000e+000 -2.558874200519032e-003
1.559090909090909e+000 -2.685411714515426e-003
1.559181818181818e+000 -3.812966031529045e-004
1.559272727272727e+000 -3.779546362263165e-003
1.559363636363637e+000 -2.760520427451853e-004
1.559454545454545e+000 -2.501831995153247e-003
1.559545454545455e+000 -2.069433532431832e-003
1.559636363636364e+000 -4.717653273285732e-004
1.559727272727273e+000 -3.265621128396622e-003
1.559818181818182e+000 -1.726339575518463e-004
1.559909090909091e+000 -2.272173807842640e-003
1.560000000000000e+000 -1.743261074090072e-003
1.560090909090909e+000 -4.352918250712449e-004
1.560181818181818e+000 -2.862758832613984e-003
1.560272727272727e+000 -1.652258277304068e-004
1.560363636363636e+000 -1.946659488248028e-003
1.560454545454546e+000 -1.619284528431994e-003
1.560545454545455e+000 -3.092663906770763e-004
1.560636363636364e+000 -2.543326545656898e-003
1.560727272727273e+000 -2.290060987013080e-004
1.560818181818182e+000 -1.558034285646153e-003
1.560909090909091e+000 -1.628432004309455e-003
1.561000000000000e+000 -1.495154748220536e-004
1.561090909090909e+000 -2.249790568340726e-003
1.561181818181818e+000 -3.750579822515325e-004
1.561272727272727e+000 -1.121884439552158e-003
1.561363636363637e+000 -1.705464589671053e-003
1.561454545454545e+000 -2.503192316022425e-005
1.561545454545455e+000 -1.915066472072679e-003
1.561636363636364e+000 -6.177069124056305e-004
1.561727272727273e+000 -6.670843051057341e-004
1.561818181818182e+000 -1.769967503037294e-003
1.561909090909091e+000 -1.451650297773336e-005
1.562000000000000e+000 -1.485323738473377e-003
1.562090909090909e+000 -9.404729604940951e-004
1.562181818181818e+000 -2.621778114338884e-004
1.562272727272727e+000 -1.720494294419304e-003
1.562363636363636e+000 -1.852868600437991e-004
1.562454545454546e+000 -9.563361943054675e-004
1.562545454545455e+000 -1.263614869193470e-003
1.562636363636364e+000 -2.165160432796977e-005
1.562727272727273e+000 -1.461228022765244e-003
1.562818181818182e+000 -5.442844593881850e-004
1.562909090909091e+000 -4.155571217156545e-004
1.563000000000000e+000 -1.437066436515952e-003
1.563090909090909e+000 -6.545005071617694e-005
1.563181818181818e+000 -9.719732283686856e-004
1.563272727272727e+000 -9.778466580259741e-004
1.563363636363637e+000 -5.017563115404236e-005
1.563454545454545e+000 -1.299652299807481e-003
1.563545454545455e+000 -4.175730886423276e-004
1.563636363636364e+000 -3.922532630183781e-004
1.563727272727273e+000 -1.243271499735071e-003
1.563818181818182e+000 -5.972673828718118e-005
1.563909090909091e+000 -8.212312350150905e-004
1.564000000000000e+000 -8.936244741730093e-004
1.564090909090909e+000 -2.293486156957560e-005
1.564181818181818e+000 -1.098232366331254e-003
1.564272727272727e+000 -4.603114558470320e-004
1.564363636363636e+000 -2.423381896634575e-004
1.564454545454546e+000 -1.121866493678692e-003
1.564545454545455e+000 -1.323208019555461e-004
1.564636363636364e+000 -5.613752758129976e-004
1.564727272727273e+000 -9.271186326241230e-004
1.564818181818182e+000 -1.983575895114678e-006
1.564909090909091e+000 -8.303399486143205e-004
1.565000000000000e+000 -6.232871681093595e-004
1.565090909090909e+000 -6.128842732704147e-005
1.565181818181818e+000 -9.630257643391391e-004
1.565272727272727e+000 -3.254626097467625e-004
1.565363636363637e+000 -2.408151986295323e-004
1.565454545454545e+000 -9.451193174649595e-004
1.565545454545455e+000 -1.115205086638739e-004
1.565636363636364e+000 -4.562571491235961e-004
1.565727272727273e+000 -8.123438109955165e-004
1.565818181818182e+000 -1.042632824014618e-005
1.565909090909091e+000 -6.409171797081814e-004
1.566000000000000e+000 -6.203521041985363e-004
1.566090909090909e+000 -1.207990721000603e-005
1.566181818181818e+000 -7.586127335535848e-004
1.566272727272727e+000 -4.209598979216723e-004
1.566363636363636e+000 -8.535134318669051e-005
1.566454545454546e+000 -8.015728687702397e-004
1.566545454545455e+000 -2.498110941415022e-004
1.566636363636364e+000 -1.945206128675675e-004
1.566727272727273e+000 -7.810276419654182e-004
1.566818181818182e+000 -1.240343645284299e-004
1.566909090909091e+000 -3.097420105238253e-004
1.567000000000000e+000 -7.168252607427338e-004
1.567090909090909e+000 -4.585050515310765e-005
1.567181818181818e+000 -4.113032961317879e-004
1.567272727272727e+000 -6.295342239674989e-004
1.567363636363637e+000 -8.255655396197460e-006
1.567454545454545e+000 -4.894860327405400e-004
1.567545454545455e+000 -5.359776623723159e-004
1.567636363636364e+000 -2.585324193857379e-007
1.567727272727273e+000 -5.422000862563363e-004
1.567818181818182e+000 -4.476748382503678e-004
1.567909090909091e+000 -1.057084903204546e-005
1.568000000000000e+000 -5.720642713310945e-004
1.568090909090909e+000 -3.711420049623121e-004
1.568181818181818e+000 -2.963635219969563e-005
1.568272727272727e+000 -5.838825275884377e-004
1.568363636363636e+000 -3.090665564563237e-004
1.568454545454546e+000 -5.037029196250248e-005
1.568545454545455e+000 -5.828679899781764e-004
1.568636363636364e+000 -2.616673109831472e-004
1.568727272727273e+000 -6.810346974495505e-005
1.568818181818182e+000 -5.736013100232680e-004
1.568909090909091e+000 -2.278687223280119e-004
1.569000000000000e+000 -8.015423079188813e-005
1.569090909090909e+000 -5.595476689281575e-004
1.569181818181818e+000 -2.061502566933372e-004
1.569272727272727e+000 -8.531689887553442e-005
1.569363636363637e+000 -5.429280700922295e-004
1.569454545454545e+000 -1.950670820295213e-004
1.569545454545455e+000 -8.342770439156318e-005
1.569636363636364e+000 -5.247782717929442e-004
1.569727272727273e+000 -1.934951127277140e-004
1.569818181818182e+000 -7.507576675380779e-005
1.569909090909091e+000 -5.050884034949847e-004
1.570000000000000e+000 -2.006622681861835e-004
1.570090909090909e+000 -6.146751425647849e-005
1.570181818181818e+000 -4.829744805564529e-004
1.570272727272727e+000 -2.160146831950635e-004
1.570363636363636e+000 -4.441730548812713e-005
1.570454545454546e+000 -4.568804804332271e-004
1.570545454545455e+000 -2.389504809565975e-004
1.570636363636364e+000 -2.641240495708716e-005
1.570727272727273e+000 -4.248436332855099e-004
1.570818181818182e+000 -2.684474301170753e-004
1.570909090909091e+000 -1.067748313668099e-005
1.571000000000000e+000 -3.848738210081775e-004
1.571090909090909e+000 -3.026230009035778e-004
1.571181818181818e+000 -1.139192691681932e-006
1.571272727272727e+000 -3.354949995544861e-004
1.571363636363637e+000 -3.383008106593322e-004
1.571454545454545e+000 -2.170273999892280e-006
1.571545454545455e+000 -2.764628177051047e-004
1.571636363636364e+000 -3.707147244555742e-004
1.571727272727273e+000 -1.799061714548687e-005
1.571818181818182e+000 -2.095974188665349e-004
1.571909090909091e+000 -3.935478782191811e-004
1.572000000000000e+000 -5.164557557886559e-005
1.572090909090909e+000 -1.395499027281542e-004
1.572181818181818e+000 -3.995473980004938e-004
1.572272727272727e+000 -1.036000173938337e-004
1.572363636363636e+000 -7.417161558120556e-005
1.572454545454546e+000 -3.819239942020001e-004
1.572545454545455e+000 -1.701995276434000e-004
1.572636363636364e+000 -2.403064324619016e-005
1.572727272727273e+000 -3.365732056749515e-004
1.572818181818182e+000 -2.425382537731534e-004
1.572909090909091e+000 -6.194986650289737e-007
1.573000000000000e+000 -2.647929240262758e-004
1.573090909090909e+000 -3.065427320434179e-004
1.573181818181818e+000 -1.305406865051125e-005
1.573272727272727e+000 -1.756445537127203e-004
1.573363636363637e+000 -3.451439903596684e-004
1.573454545454545e+000 -6.368014986229871e-005
1.573545454545455e+000 -8.658248151888609e-005
1.573636363636364e+000 -3.430122479940379e-004
1.573727272727273e+000 -1.439397864857137e-004
1.573818181818182e+000 -2.081461956861514e-005
1.573909090909091e+000 -2.932748438443729e-004
1.574000000000000e+000 -2.327804552453208e-004
1.574090909090909e+000 -5.286059179918880e-007
1.574181818181818e+000 -2.040239984115361e-004
1.574272727272727e+000 -3.001458294591255e-004
1.574363636363636e+000 -3.694895557638475e-005
1.574454545454546e+000 -1.008871586578207e-004
1.574545454545455e+000 -3.168341555936994e-004
1.574636363636364e+000 -1.209029051075987e-004
1.574727272727273e+000 -2.171938875708872e-005
1.574818181818182e+000 -2.688115467383264e-004
1.574909090909091e+000 -2.198641101402282e-004
1.575000000000000e+000 -1.960802014880538e-006
1.575090909090909e+000 -1.697160606942460e-004
1.575181818181818e+000 -2.870838234960863e-004
1.575272727272727e+000 -5.474228879386078e-005
1.575363636363637e+000 -6.237472307366885e-005
1.575454545454545e+000 -2.834151639252010e-004
1.575545454545455e+000 -1.563328013656996e-004
1.575636363636364e+000 -2.408306047951312e-006
1.575727272727273e+000 -2.032510407102070e-004
1.575818181818182e+000 -2.500517570804658e-004
1.575909090909091e+000 -2.666134355674735e-005
1.576000000000000e+000 -8.753899567629247e-005
1.576090909090909e+000 -2.748063467846338e-004
1.576181818181818e+000 -1.231849321667708e-004
1.576272727272727e+000 -7.616229153988778e-006
1.576363636363636e+000 -2.072485035766048e-004
1.576454545454546e+000 -2.276160747005912e-004
1.576545454545455e+000 -1.986256076930491e-005
1.576636363636364e+000 -8.854732950170540e-005
1.576727272727273e+000 -2.605558980883991e-004
1.576818181818182e+000 -1.176912095512209e-004
1.576909090909091e+000 -5.818505502561882e-006
1.577000000000000e+000 -1.896243576167176e-004
1.577090909090909e+000 -2.233653516701555e-004
1.577181818181818e+000 -2.715101725046772e-005
1.577272727272727e+000 -6.766060639536608e-005
1.577363636363637e+000 -2.428801464936299e-004
1.577454545454545e+000 -1.356872743971590e-004
1.577545454545455e+000 -4.036160763852730e-007
1.577636363636364e+000 -1.519346964901908e-004
1.577727272727273e+000 -2.298047260993553e-004
1.577818181818182e+000 -5.215649096178972e-005
1.577909090909091e+000 -3.303720097370618e-005
1.578000000000000e+000 -2.118897715205296e-004
1.578090909090909e+000 -1.715079184067669e-004
1.578181818181818e+000 -6.356090298204704e-006
1.578272727272727e+000 -9.445667568840612e-005
1.578363636363636e+000 -2.287036878567625e-004
1.578454545454546e+000 -1.013203578711299e-004
1.578545454545455e+000 -3.456184694988978e-006
1.578636363636364e+000 -1.537529934061079e-004
1.578727272727273e+000 -2.079881813837217e-004
1.578818181818182e+000 -4.436653645211086e-005
1.578909090909091e+000 -3.057293710815588e-005
1.579000000000000e+000 -1.930903242266935e-004
1.579090909090909e+000 -1.663929650633220e-004
1.579181818181818e+000 -1.105956960344786e-005
1.579272727272727e+000 -7.017276469895535e-005
1.579363636363637e+000 -2.085783283602385e-004
1.579454545454545e+000 -1.201720750204829e-004
1.579545454545455e+000 -1.401259167783863e-007
1.579636363636364e+000 -1.085675781939827e-004
1.579727272727273e+000 -2.050355469132854e-004
1.579818181818182e+000 -7.981087452982884e-005
1.579909090909091e+000 -4.673247187159680e-006
1.580000000000000e+000 -1.385090046182337e-004
1.580090909090909e+000 -1.902607813910617e-004
1.580181818181818e+000 -4.959858470258956e-005
1.580272727272727e+000 -1.688922301330366e-005
1.580363636363636e+000 -1.581341533774287e-004
1.580454545454546e+000 -1.713550124528216e-004
1.580545454545455e+000 -2.953258625374368e-005
1.580636363636364e+000 -3.067790949055930e-005
1.580727272727273e+000 -1.687162075358644e-004
1.580818181818182e+000 -1.532759234771463e-004
1.580909090909091e+000 -1.755175949785355e-005
1.581000000000000e+000 -4.219965043955478e-005
1.581090909090909e+000 -1.726696833008273e-004
1.581181818181818e+000 -1.388280339371936e-004
1.581272727272727e+000 -1.118161378834670e-005
1.581363636363637e+000 -4.951029715207550e-005
1.581454545454545e+000 -1.722838347330604e-004
1.581545454545455e+000 -1.292425129974324e-004
1.581636363636364e+000 -8.446093137956049e-006
1.581727272727273e+000 -5.191314106153468e-005
1.581818181818182e+000 -1.691137052876198e-004
1.581909090909091e+000 -1.247972613349554e-004
1.582000000000000e+000 -8.235844980787507e-006
1.582090909090909e+000 -4.942790861782364e-005
1.582181818181818e+000 -1.637927263611729e-004
1.582272727272727e+000 -1.252241284537756e-004
1.582363636363636e+000 -1.036477734547256e-005
1.582454545454546e+000 -4.252227500914490e-005
1.582545454545455e+000 -1.560705858000001e-004
1.582636363636364e+000 -1.298369300998814e-004
1.582727272727273e+000 -1.545907383013020e-005
1.582818181818182e+000 -3.211637920865232e-005
1.582909090909091e+000 -1.449904577917918e-004
1.583000000000000e+000 -1.374097076645683e-004
1.583090909090909e+000 -2.470737451240767e-005
1.583181818181818e+000 -1.979894500560359e-005
1.583272727272727e+000 -1.292279270067993e-004
1.583363636363637e+000 -1.458978991067931e-004
1.583454545454545e+000 -3.940931919246185e-005
1.583545454545455e+000 -8.125792733101564e-006
1.583636363636364e+000 -1.076796165518837e-004
1.583727272727273e+000 -1.521772037621821e-004
1.583818181818182e+000 -6.023028127168732e-005
1.583909090909091e+000 -7.706139204264553e-007
1.584000000000000e+000 -8.036983905603436e-005
1.584090909090909e+000 -1.520919283998711e-004
1.584181818181818e+000 -8.615372477301793e-005
1.584272727272727e+000 -2.176800907038427e-006
1.584363636363636e+000 -4.958119864803095e-005
1.584454545454546e+000 -1.412059767119095e-004
1.584545454545455e+000 -1.133750100756285e-004
1.584636363636364e+000 -1.631427564334999e-005
1.584727272727273e+000 -2.077150133319638e-005
1.584818181818182e+000 -1.165883666815706e-004
1.584909090909091e+000 -1.347981115988637e-004
1.585000000000000e+000 -4.437125879749439e-005
1.585090909090909e+000 -2.392250133337122e-006
1.585181818181818e+000 -7.951649421025503e-005
1.585272727272727e+000 -1.411915544750308e-004
1.585363636363637e+000 -8.192471731313528e-005
1.585454545454545e+000 -3.503454728717033e-006
1.585545454545455e+000 -3.799910857332079e-005
1.585636363636364e+000 -1.249463989240616e-004
1.585727272727273e+000 -1.173170323583612e-004
1.585818181818182e+000 -2.870404135039718e-005
1.585909090909091e+000 -6.796683989030668e-006
1.586000000000000e+000 -8.608790088328077e-005
1.586090909090909e+000 -1.339510484757024e-004
1.586181818181818e+000 -7.193015751628909e-005
1.586272727272727e+000 -2.263436657926827e-006
1.586363636363636e+000 -3.750674769052354e-005
1.586454545454546e+000 -1.184723827552670e-004
1.586545454545455e+000 -1.136826932737742e-004
1.586636363636364e+000 -3.160983100707764e-005
1.586727272727273e+000 -3.677275757478933e-006
1.586818181818182e+000 -7.275435114076522e-005
1.586909090909091e+000 -1.277007517383244e-004
1.587000000000000e+000 -8.187528849318881e-005
1.587090909090909e+000 -8.024863992267133e-006
1.587181818181818e+000 -2.102459774603692e-005
1.587272727272727e+000 -9.881689242735369e-005
1.587363636363637e+000 -1.198892991536198e-004
1.587454545454546e+000 -5.230550141993149e-005
1.587545454545455e+000 -2.222603578612547e-007
1.587636363636364e+000 -4.207477014067913e-005
1.587727272727273e+000 -1.125384280213426e-004
1.587818181818182e+000 -1.045682368597108e-004
1.587909090909091e+000 -3.089371477195568e-005
1.588000000000000e+000 -1.974943396117740e-006
1.588090909090909e+000 -5.954538178331973e-005
1.588181818181818e+000 -1.167239051464859e-004
1.588272727272727e+000 -8.902729856827838e-005
1.588363636363636e+000 -1.788395165070184e-005
1.588454545454546e+000 -7.093183340187367e-006
1.588545454545455e+000 -7.087170654217121e-005
1.588636363636364e+000 -1.156755851568025e-004
1.588727272727273e+000 -7.714235797384583e-005
1.588818181818182e+000 -1.117587785111047e-005
1.588909090909091e+000 -1.145328524387891e-005
1.589000000000000e+000 -7.610114426053049e-005
1.589090909090909e+000 -1.128165992946037e-004
1.589181818181818e+000 -7.031439509882210e-005
1.589272727272727e+000 -8.612039336455197e-006
1.589363636363637e+000 -1.303489358541539e-005
1.589454545454546e+000 -7.603502861756700e-005
1.589545454545455e+000 -1.099730139007020e-004
1.589636363636364e+000 -6.869191789776726e-005
1.589727272727273e+000 -9.015040949794033e-006
1.589818181818182e+000 -1.137062771813526e-005
1.589909090909091e+000 -7.122742768044630e-005
1.590000000000000e+000 -1.073958615954977e-004
1.590090909090909e+000 -7.188659652451409e-005
1.590181818181818e+000 -1.242045455952419e-005
1.590272727272727e+000 -7.172462219569082e-006
1.590363636363636e+000 -6.177684176392994e-005
1.590454545454546e+000 -1.039420405327012e-004
1.590545454545455e+000 -7.902571564945519e-005
1.590636363636364e+000 -1.984055870633423e-005
1.590727272727273e+000 -2.325930612267626e-006
1.590818181818182e+000 -4.776188028142528e-005
1.590909090909091e+000 -9.731520144929945e-005
1.591000000000000e+000 -8.825523294780245e-005
1.591090909090909e+000 -3.257643226629543e-005
1.591181818181818e+000 -3.770354498049015e-008
1.591272727272727e+000 -3.023292635607070e-005
1.591363636363637e+000 -8.466832635472718e-005
1.591454545454546e+000 -9.602514583497630e-005
1.591545454545455e+000 -5.090404901428377e-005
1.591636363636364e+000 -4.565485079899344e-006
1.591727272727273e+000 -1.252002742110644e-005
1.591818181818182e+000 -6.407303827192419e-005
1.591909090909091e+000 -9.688312787983357e-005
1.592000000000000e+000 -7.217141185579681e-005
1.592090909090909e+000 -1.969744784484817e-005
1.592181818181818e+000 -1.037647106459151e-006
1.592272727272727e+000 -3.707100930477879e-005
1.592363636363636e+000 -8.496749980212258e-005
1.592454545454546e+000 -8.921867326821975e-005
1.592545454545455e+000 -4.544456580010538e-005
1.592636363636364e+000 -3.933893772960187e-006
1.592727272727273e+000 -1.129109682367942e-005
1.592818181818182e+000 -5.819703090461420e-005
1.592909090909091e+000 -9.139630540547426e-005
1.593000000000000e+000 -7.404898613252672e-005
1.593090909090909e+000 -2.590515285436653e-005
1.593181818181818e+000 -3.529562168708825e-008
1.593272727272727e+000 -2.403063841488282e-005
1.593363636363637e+000 -7.083723320726032e-005
1.593454545454546e+000 -8.945904506395609e-005
1.593545454545455e+000 -6.022960860152016e-005
1.593636363636364e+000 -1.482940690563844e-005
1.593727272727273e+000 -1.308177633010681e-006
1.593818181818182e+000 -3.312050744338268e-005
1.593909090909091e+000 -7.607892804131644e-005
1.594000000000000e+000 -8.522168624561689e-005
1.594090909090909e+000 -5.149750914387815e-005
1.594181818181818e+000 -9.991602002822612e-006
1.594272727272727e+000 -2.900108013603685e-006
1.594363636363636e+000 -3.661629596260890e-005
1.594454545454546e+000 -7.635567399364518e-005
1.594545454545455e+000 -8.213115465459470e-005
1.594636363636364e+000 -4.860787661393906e-005
1.594727272727273e+000 -9.337145368840287e-006
1.594818181818182e+000 -2.715058768516364e-006
1.594909090909091e+000 -3.444662171050252e-005
1.595000000000000e+000 -7.300368368452144e-005
1.595090909090909e+000 -8.104702132260483e-005
1.595181818181818e+000 -5.125571988553442e-005
1.595272727272727e+000 -1.236671405025460e-005
1.595363636363637e+000 -1.005080937201316e-006
1.595454545454546e+000 -2.715878843898764e-005
1.595545454545455e+000 -6.569974483000342e-005
1.595636363636364e+000 -8.066501870700874e-005
1.595727272727273e+000 -5.858320141387414e-005
1.595818181818182e+000 -2.006150250950564e-005
1.595909090909091e+000 -8.732663412511385e-008
1.596000000000000e+000 -1.613178721628686e-005
1.596090909090909e+000 -5.309060114305092e-005
1.596181818181818e+000 -7.768713298851301e-005
1.596272727272727e+000 -6.834181840008382e-005
1.596363636363636e+000 -3.367977527456486e-005
1.596454545454546e+000 -4.097097448758850e-006
1.596545454545455e+000 -4.864770650614833e-006
1.596636363636364e+000 -3.464680079278781e-005
1.596727272727273e+000 -6.747431942403263e-005
1.596818181818182e+000 -7.545181268718310e-005
1.596909090909091e+000 -5.220507902200609e-005
1.597000000000000e+000 -1.750327109793951e-005
1.597090909090909e+000 -8.798255039455256e-008
1.597181818181818e+000 -1.380297352194115e-005
1.597272727272727e+000 -4.679375748772710e-005
1.597363636363637e+000 -7.192093107703638e-005
1.597454545454546e+000 -6.904139932526463e-005
1.597545454545455e+000 -4.083474578877722e-005
1.597636363636364e+000 -9.943269314214653e-006
1.597727272727273e+000 -5.426969696839906e-007
1.597818181818182e+000 -1.944787698243810e-005
1.597909090909091e+000 -5.140836866500598e-005
1.598000000000000e+000 -7.154379622212872e-005
1.598090909090909e+000 -6.462260016506763e-005
1.598181818181818e+000 -3.626337453312064e-005
1.598272727272727e+000 -8.026598084320028e-006
1.598363636363636e+000 -8.241421239953165e-007
1.598454545454546e+000 -1.948185459873118e-005
1.598545454545455e+000 -4.973748956719224e-005
1.598636363636364e+000 -6.926321387517388e-005
1.598727272727273e+000 -6.406362298063249e-005
1.598818181818182e+000 -3.822345208548801e-005
1.598909090909091e+000 -1.039061817404234e-005
1.599000000000000e+000 -1.263085005871722e-007
1.599090909090909e+000 -1.418307512450129e-005
1.599181818181818e+000 -4.225443099943583e-005
1.599272727272727e+000 -6.466007786097527e-005
1.599363636363637e+000 -6.611635975315858e-005
1.599454545454546e+000 -4.594314029689708e-005
1.599545454545455e+000 -1.801449906732817e-005
1.599636363636364e+000 -1.000366323699561e-006
1.599727272727273e+000 -5.850119745218142e-006
1.599818181818182e+000 -2.887987194964001e-005
1.599909090909091e+000 -5.468392771445154e-005
1.600000000000000e+000 -6.648894787838870e-005
