1.450000000000000e+000 -5.488246436562789e+001
1.450181818181818e+000 -8.884166708199457e+001
1.450363636363636e+000 -5.487848592724028e+001
1.450545454545455e+000 -7.051136855099976e+001
1.450727272727273e+000 -5.509358370951037e+001
1.450909090909091e+000 -6.410437625442886e+001
1.451090909090909e+000 -5.572091553383163e+001
1.451272727272727e+000 -6.007998511281521e+001
1.451454545454545e+000 -5.707855449415415e+001
1.451636363636364e+000 -5.732534123848492e+001
1.451818181818182e+000 -5.983340068482852e+001
1.452000000000000e+000 -5.554195365329871e+001
1.452181818181818e+000 -6.627296143204386e+001
1.452363636363636e+000 -5.470763098605301e+001
1.452545454545455e+000 -7.517880639039406e+001
1.452727272727273e+000 -5.500864266456141e+001
1.452909090909091e+000 -6.109990003760213e+001
1.453090909090909e+000 -5.700277597052078e+001
1.453272727272727e+000 -5.648972493790225e+001
1.453454545454545e+000 -6.270388583511581e+001
1.453636363636364e+000 -5.466973518563999e+001
1.453818181818182e+000 -7.503350229574239e+001
1.454000000000000e+000 -5.509644753649913e+001
1.454181818181818e+000 -5.908937467474993e+001
1.454363636363636e+000 -5.878459783318184e+001
1.454545454545455e+000 -5.506552956794329e+001
1.454727272727273e+000 -7.874748478214718e+001
1.454909090909091e+000 -5.472249182791935e+001
1.455090909090909e+000 -5.974507080285255e+001
1.455272727272727e+000 -5.859569780403475e+001
1.455454545454545e+000 -5.486207223757403e+001
1.455636363636364e+000 -8.587017319944971e+001
1.455818181818182e+000 -5.503269482534500e+001
1.456000000000000e+000 -5.760073647774205e+001
1.456181818181818e+000 -6.188585636056212e+001
1.456363636363636e+000 -5.432161315194828e+001
1.456545454545455e+000 -6.341987766122626e+001
1.456727272727273e+000 -5.713253781984678e+001
1.456909090909091e+000 -5.492358698502719e+001
1.457090909090909e+000 -8.138192632164493e+001
1.457272727272727e+000 -5.528340439821862e+001
1.457454545454545e+000 -5.612959453455278e+001
1.457636363636364e+000 -6.903485142990661e+001
1.457818181818182e+000 -5.453863087450244e+001
1.458000000000000e+000 -5.737562698283401e+001
1.458181818181818e+000 -6.415981062996445e+001
1.458363636363636e+000 -5.426352189994390e+001
1.458545454545455e+000 -5.812468601386753e+001
1.458727272727273e+000 -6.285801149990831e+001
1.458909090909091e+000 -5.417942915620917e+001
1.459090909090909e+000 -5.801025628483515e+001
1.459272727272727e+000 -6.362362239213429e+001
1.459454545454545e+000 -5.423154904600830e+001
1.459636363636364e+000 -5.706372251461475e+001
1.459818181818182e+000 -6.734831236528569e+001
1.460000000000000e+000 -5.457348867494477e+001
1.460181818181818e+000 -5.569040943102576e+001
1.460363636363636e+000 -9.578614492014893e+001
1.460545454545455e+000 -5.561622553710458e+001
1.460727272727273e+000 -5.443209088370969e+001
1.460909090909091e+000 -6.484913399190191e+001
1.461090909090909e+000 -5.831924699950502e+001
1.461272727272727e+000 -5.385392669511347e+001
1.461454545454545e+000 -5.798849414718015e+001
1.461636363636364e+000 -6.658552727517848e+001
1.461818181818182e+000 -5.470177324599178e+001
1.462000000000000e+000 -5.462819946320457e+001
1.462181818181818e+000 -6.540641893180357e+001
1.462363636363636e+000 -5.874443034525721e+001
1.462545454545455e+000 -5.379346385803640e+001
1.462727272727273e+000 -5.621080171682401e+001
1.462909090909091e+000 -9.046979614686242e+001
1.463090909090909e+000 -5.648231589973639e+001
1.463272727272727e+000 -5.367122561447010e+001
1.463454545454545e+000 -5.733132017112774e+001
1.463636363636364e+000 -7.528663667483791e+001
1.463818181818182e+000 -5.595090684529805e+001
1.464000000000000e+000 -5.361072812422663e+001
1.464181818181818e+000 -5.708538651141902e+001
1.464363636363636e+000 -8.498070605507475e+001
1.464545454545455e+000 -5.663970259963869e+001
1.464727272727273e+000 -5.352933519665832e+001
1.464909090909091e+000 -5.561248761410622e+001
1.465090909090909e+000 -6.833495902353936e+001
1.465272727272727e+000 -5.942007459320698e+001
1.465454545454545e+000 -5.396362724342730e+001
1.465636363636364e+000 -5.395694414634446e+001
1.465818181818182e+000 -5.914074345329075e+001
1.466000000000000e+000 -7.124047184620456e+001
1.466181818181818e+000 -5.633679268672035e+001
1.466363636363636e+000 -5.342089831287660e+001
1.466545454545455e+000 -5.453433581879461e+001
1.466727272727273e+000 -6.104317800412132e+001
1.466909090909091e+000 -6.730391119294819e+001
1.467090909090909e+000 -5.603620079374743e+001
1.467272727272727e+000 -5.335548740408158e+001
1.467454545454545e+000 -5.412349306668508e+001
1.467636363636364e+000 -5.898392912914560e+001
1.467818181818182e+000 -8.221712625743206e+001
1.468000000000000e+000 -5.811674631071889e+001
1.468181818181818e+000 -5.391769274624358e+001
1.468363636363636e+000 -5.322400395986085e+001
1.468545454545455e+000 -5.527422398330292e+001
1.468727272727273e+000 -6.201134547269869e+001
1.468909090909091e+000 -6.944487108690014e+001
1.469090909090909e+000 -5.728568673451726e+001
1.469272727272727e+000 -5.378948758010894e+001
1.469454545454545e+000 -5.305824664528819e+001
1.469636363636364e+000 -5.447670285147864e+001
1.469818181818182e+000 -5.886390364652228e+001
1.470000000000000e+000 -7.599493560685741e+001
1.470181818181818e+000 -6.150697995491228e+001
1.470363636363636e+000 -5.559817327504621e+001
1.470545454545455e+000 -5.333522218552219e+001
1.470727272727273e+000 -5.294993156445509e+001
1.470909090909091e+000 -5.415866016587363e+001
1.471090909090909e+000 -5.740400229586083e+001
1.471272727272727e+000 -6.542047567045590e+001
1.471454545454545e+000 -6.930282310614517e+001
1.471636363636364e+000 -5.874377922204081e+001
1.471818181818182e+000 -5.491688880190222e+001
1.472000000000000e+000 -5.319186436228731e+001
1.472181818181818e+000 -5.273955621206667e+001
1.472363636363636e+000 -5.334079425497546e+001
1.472545454545455e+000 -5.506851881795819e+001
1.472727272727273e+000 -5.840873454659639e+001
1.472909090909091e+000 -6.546374989082871e+001
1.473090909090909e+000 -7.550677999016438e+001
1.473272727272727e+000 -6.155485778288850e+001
1.473454545454545e+000 -5.696356134758068e+001
1.473636363636364e+000 -5.453328369113526e+001
1.473818181818182e+000 -5.320128019093162e+001
1.474000000000000e+000 -5.260151435247578e+001
1.474181818181818e+000 -5.257612368328891e+001
1.474363636363636e+000 -5.306142388207404e+001
1.474545454545455e+000 -5.405696379049207e+001
1.474727272727273e+000 -5.563038989920693e+001
1.474909090909091e+000 -5.796507231123190e+001
1.475090909090909e+000 -6.153364313293768e+001
1.475272727272727e+000 -6.798122543719803e+001
1.475454545454545e+000 -8.929616165525582e+001
1.475636363636364e+000 -6.700579241497688e+001
1.475818181818182e+000 -6.165927111064073e+001
1.476000000000000e+000 -5.866551963276373e+001
1.476181818181818e+000 -5.669943202704314e+001
1.476363636363636e+000 -5.532193070640431e+001
1.476545454545454e+000 -5.432897633940074e+001
1.476727272727273e+000 -5.360670297528946e+001
1.476909090909091e+000 -5.308346951045132e+001
1.477090909090909e+000 -5.271012760943571e+001
1.477272727272727e+000 -5.245067897757728e+001
1.477454545454545e+000 -5.227740779909205e+001
1.477636363636364e+000 -5.216817758350102e+001
1.477818181818182e+000 -5.210487507386930e+001
1.478000000000000e+000 -5.207250869868344e+001
1.478181818181818e+000 -5.205870196318642e+001
1.478363636363636e+000 -5.205343244456258e+001
1.478545454545454e+000 -5.204892203391912e+001
1.478727272727273e+000 -5.203961338006635e+001
1.478909090909091e+000 -5.202218543396446e+001
1.479090909090909e+000 -5.199557481226297e+001
1.479272727272727e+000 -5.196098284971126e+001
1.479454545454545e+000 -5.192186184115292e+001
1.479636363636364e+000 -5.188388786055802e+001
1.479818181818182e+000 -5.185494101582367e+001
1.480000000000000e+000 -5.184512690451508e+001
1.480181818181818e+000 -5.186688659977516e+001
1.480363636363636e+000 -5.193526030150750e+001
1.480545454545454e+000 -5.206839918770307e+001
1.480727272727273e+000 -5.228847543320051e+001
1.480909090909091e+000 -5.262325177614282e+001
1.481090909090909e+000 -5.310880753695578e+001
1.481272727272727e+000 -5.379444920253366e+001
1.481454545454545e+000 -5.475214462297743e+001
1.481636363636364e+000 -5.609647928414339e+001
1.481818181818182e+000 -5.803326584808381e+001
1.482000000000000e+000 -6.100698454205116e+001
1.482181818181818e+000 -6.636875470105990e+001
1.482363636363636e+000 -9.016374794285244e+001
1.482545454545454e+000 -6.701952004513875e+001
1.482727272727273e+000 -6.059868659983317e+001
1.482909090909091e+000 -5.700906652388046e+001
1.483090909090909e+000 -5.464066842213752e+001
1.483272727272727e+000 -5.302696137644137e+001
1.483454545454545e+000 -5.198591279996794e+001
1.483636363636364e+000 -5.144952364549324e+001
1.483818181818182e+000 -5.141660421098920e+001
1.484000000000000e+000 -5.194724045034157e+001
1.484181818181818e+000 -5.319122841895235e+001
1.484363636363636e+000 -5.549264758062333e+001
1.484545454545454e+000 -5.982446978987728e+001
1.484727272727273e+000 -7.198870510525195e+001
1.484909090909091e+000 -6.492234082439202e+001
1.485090909090909e+000 -5.731605627895817e+001
1.485272727272727e+000 -5.376956082677500e+001
1.485454545454545e+000 -5.189077691464501e+001
1.485636363636364e+000 -5.114248681202640e+001
1.485818181818182e+000 -5.142313723375246e+001
1.486000000000000e+000 -5.290723942983460e+001
1.486181818181818e+000 -5.627733772039984e+001
1.486363636363636e+000 -6.477923438853367e+001
1.486545454545454e+000 -6.616644844679102e+001
1.486727272727273e+000 -5.638076873165819e+001
1.486909090909091e+000 -5.264188723380910e+001
1.487090909090909e+000 -5.109132930441957e+001
1.487272727272727e+000 -5.112036593177820e+001
1.487454545454545e+000 -5.286632396648965e+001
1.487636363636364e+000 -5.751792147606844e+001
1.487818181818182e+000 -7.948963237316333e+001
1.488000000000000e+000 -5.863249985092872e+001
1.488181818181818e+000 -5.302440494518481e+001
1.488363636363636e+000 -5.095576997724096e+001
1.488545454545454e+000 -5.103954835197131e+001
1.488727272727273e+000 -5.347977550166017e+001
1.488909090909091e+000 -6.092079331273914e+001
1.489090909090909e+000 -6.482127858329241e+001
1.489272727272727e+000 -5.428838292590021e+001
1.489454545454545e+000 -5.107577260789802e+001
1.489636363636364e+000 -5.076647715147917e+001
1.489818181818182e+000 -5.330210862988164e+001
1.490000000000000e+000 -6.228424377040660e+001
1.490181818181818e+000 -6.101074028787586e+001
1.490363636363636e+000 -5.276567050768141e+001
1.490545454545454e+000 -5.050243702188709e+001
1.490727272727273e+000 -5.145316353993400e+001
1.490909090909091e+000 -5.689704996961822e+001
1.491090909090909e+000 -6.906615573209318e+001
1.491272727272727e+000 -5.381675477001990e+001
1.491454545454545e+000 -5.050714763318886e+001
1.491636363636364e+000 -5.110852182906275e+001
1.491818181818182e+000 -5.667925994703710e+001
1.492000000000000e+000 -6.639620739554167e+001
1.492181818181818e+000 -5.293338211043514e+001
1.492363636363636e+000 -5.021068848736411e+001
1.492545454545454e+000 -5.184000711801357e+001
1.492727272727273e+000 -6.136947152013375e+001
1.492909090909091e+000 -5.786185401861506e+001
1.493090909090909e+000 -5.094819044453876e+001
1.493272727272727e+000 -5.038629382474280e+001
1.493454545454545e+000 -5.541397830061013e+001
1.493636363636364e+000 -6.553101915249025e+001
1.493818181818182e+000 -5.200390068813840e+001
1.494000000000000e+000 -4.997927554264101e+001
1.494181818181818e+000 -5.359684177806635e+001
1.494363636363636e+000 -7.459515194863860e+001
1.494545454545454e+000 -5.242915411479483e+001
1.494727272727273e+000 -4.984358813440425e+001
1.494909090909091e+000 -5.346617504276975e+001
1.495090909090909e+000 -7.049887843671951e+001
1.495272727272727e+000 -5.180898115383427e+001
1.495454545454545e+000 -4.983317432172181e+001
1.495636363636364e+000 -5.499831130541639e+001
1.495818181818182e+000 -6.115214035743654e+001
1.496000000000000e+000 -5.053921230365841e+001
1.496181818181818e+000 -5.036327343582439e+001
1.496363636363636e+000 -6.048915159939743e+001
1.496545454545454e+000 -5.463449513090891e+001
1.496727272727273e+000 -4.955500889253111e+001
1.496909090909091e+000 -5.266797173914195e+001
1.497090909090909e+000 -6.659633557067026e+001
1.497272727272727e+000 -5.064503099558800e+001
1.497454545454545e+000 -5.014263985358051e+001
1.497636363636364e+000 -6.217892130858371e+001
1.497818181818182e+000 -5.305426066641584e+001
1.498000000000000e+000 -4.934905683561117e+001
1.498181818181818e+000 -5.534217203381228e+001
1.498363636363636e+000 -5.653560224351168e+001
1.498545454545454e+000 -4.931795167017807e+001
1.498727272727273e+000 -5.270397575015410e+001
1.498909090909091e+000 -6.083302722612837e+001
1.499090909090909e+000 -4.953915836667946e+001
1.499272727272727e+000 -5.150698985872671e+001
1.499454545454545e+000 -6.497768959397835e+001
1.499636363636364e+000 -4.968385520767077e+001
1.499818181818182e+000 -5.106283239742228e+001
1.500000000000000e+000 -6.621809417916181e+001
1.500181818181818e+000 -4.957956010207117e+001
1.500363636363636e+000 -5.118128041537001e+001
1.500545454545454e+000 -6.315275066253656e+001
1.500727272727273e+000 -4.923495402301768e+001
1.500909090909091e+000 -5.197329407588043e+001
1.501090909090909e+000 -5.854490722874247e+001
1.501272727272727e+000 -4.883742034400957e+001
1.501454545454545e+000 -5.395587064621005e+001
1.501636363636364e+000 -5.436441370608252e+001
1.501818181818182e+000 -4.872735076879632e+001
1.502000000000000e+000 -5.893754159605327e+001
1.502181818181818e+000 -5.113437416141892e+001
1.502363636363636e+000 -4.943215689775762e+001
1.502545454545454e+000 -7.677249397091170e+001
1.502727272727273e+000 -4.905550321863261e+001
1.502909090909091e+000 -5.198330561201127e+001
1.503090909090909e+000 -5.536661112323052e+001
1.503272727272727e+000 -4.845987505407803e+001
1.503454545454545e+000 -6.052477028418343e+001
1.503636363636364e+000 -4.998415097116288e+001
1.503818181818182e+000 -5.022434565058006e+001
1.504000000000000e+000 -5.855034573347412e+001
1.504181818181818e+000 -4.824721662796824e+001
1.504363636363636e+000 -5.832597625205556e+001
1.504545454545454e+000 -4.996112444451555e+001
1.504727272727273e+000 -5.019058643205548e+001
1.504909090909091e+000 -5.681817381627587e+001
1.505090909090909e+000 -4.812276369907509e+001
1.505272727272727e+000 -6.372343175846788e+001
1.505454545454545e+000 -4.880971151887803e+001
1.505636363636364e+000 -5.210231175532362e+001
1.505818181818182e+000 -5.219077805815962e+001
1.506000000000000e+000 -4.873159076217387e+001
1.506181818181818e+000 -6.162378486453427e+001
1.506363636363636e+000 -4.783709815914571e+001
1.506545454545454e+000 -6.136768091534619e+001
1.506727272727273e+000 -4.850762944304083e+001
1.506909090909091e+000 -5.276792613640480e+001
1.507090909090909e+000 -5.059736194813656e+001
1.507272727272727e+000 -4.950183756653452e+001
1.507454545454545e+000 -5.454584073780369e+001
1.507636363636364e+000 -4.802803394949108e+001
1.507818181818182e+000 -6.287899057029566e+001
1.508000000000000e+000 -4.752222680012307e+001
1.508181818181818e+000 -6.856272926263235e+001
1.508363636363636e+000 -4.762796905971372e+001
1.508545454545454e+000 -5.761250530505134e+001
1.508727272727273e+000 -4.813486239139689e+001
1.508909090909091e+000 -5.364582903282150e+001
1.509090909090909e+000 -4.888551935701025e+001
1.509272727272727e+000 -5.150384258963476e+001
1.509454545454545e+000 -4.973751121954479e+001
1.509636363636364e+000 -5.023025221712660e+001
1.509818181818182e+000 -5.054666361055264e+001
1.510000000000000e+000 -4.946240744152003e+001
1.510181818181818e+000 -5.116719536640339e+001
1.510363636363636e+000 -4.902774471151300e+001
1.510545454545454e+000 -5.147111416839614e+001
1.510727272727273e+000 -4.884367927354589e+001
1.510909090909091e+000 -5.138197909917548e+001
1.511090909090909e+000 -4.888604675156506e+001
1.511272727272727e+000 -5.090247985700027e+001
1.511454545454545e+000 -4.918159757879919e+001
1.511636363636364e+000 -5.011329384209233e+001
1.511818181818182e+000 -4.981618673926933e+001
1.512000000000000e+000 -4.914419883477127e+001
1.512181818181818e+000 -5.096791880871378e+001
1.512363636363636e+000 -4.814070389852035e+001
1.512545454545454e+000 -5.301283200101922e+001
1.512727272727273e+000 -4.724580790819623e+001
1.512909090909091e+000 -5.695908603743372e+001
1.513090909090909e+000 -4.660081571902668e+001
1.513272727272727e+000 -6.864027821918616e+001
1.513454545454545e+000 -4.636264281382191e+001
1.513636363636364e+000 -6.107318166249383e+001
1.513818181818182e+000 -4.674255684076618e+001
1.514000000000000e+000 -5.294757926763435e+001
1.514181818181818e+000 -4.810132636289276e+001
1.514363636363636e+000 -4.894709202058390e+001
1.514545454545454e+000 -5.128186166072610e+001
1.514727272727273e+000 -4.675802717918869e+001
1.514909090909091e+000 -5.999976758897268e+001
1.515090909090909e+000 -4.597036120557368e+001
1.515272727272727e+000 -5.933569200323816e+001
1.515454545454545e+000 -4.673775200583528e+001
1.515636363636364e+000 -5.002022059180934e+001
1.515818181818182e+000 -4.997380300242366e+001
1.516000000000000e+000 -4.653792357169092e+001
1.516181818181818e+000 -6.145829620562147e+001
1.516363636363636e+000 -4.570503225654615e+001
1.516545454545454e+000 -5.438190261827227e+001
1.516727272727273e+000 -4.758113510930238e+001
1.516909090909091e+000 -4.735413343776362e+001
1.517090909090909e+000 -5.532079584290538e+001
1.517272727272727e+000 -4.543537793179768e+001
1.517454545454545e+000 -5.612057227769281e+001
1.517636363636364e+000 -4.712407821905063e+001
1.517818181818182e+000 -4.707553852582369e+001
1.518000000000000e+000 -5.649488933064342e+001
1.518181818181818e+000 -4.522249700363558e+001
1.518363636363636e+000 -5.273237811648367e+001
1.518545454545454e+000 -4.822644596039772e+001
1.518727272727273e+000 -4.575962476407561e+001
1.518909090909091e+000 -8.283319551657428e+001
1.519090909090909e+000 -4.560176368069837e+001
1.519272727272727e+000 -4.795739349922470e+001
1.519454545454545e+000 -5.348046054224939e+001
1.519636363636364e+000 -4.481833284752450e+001
1.519818181818182e+000 -5.171941459980077e+001
1.520000000000000e+000 -4.885220188004950e+001
1.520181818181818e+000 -4.488530780985667e+001
1.520363636363636e+000 -5.757869482147425e+001
1.520545454545454e+000 -4.679985539089586e+001
1.520727272727273e+000 -4.527420680313153e+001
1.520909090909091e+000 -6.827227792610883e+001
1.521090909090909e+000 -4.579756569612749e+001
1.521272727272727e+000 -4.560829270850087e+001
1.521454545454545e+000 -7.785490587040910e+001
1.521636363636364e+000 -4.534115499223984e+001
1.521818181818182e+000 -4.563030395438116e+001
1.522000000000000e+000 -7.461172866991304e+001
1.522181818181818e+000 -4.525938562277886e+001
1.522363636363636e+000 -4.525126472975388e+001
1.522545454545454e+000 -7.249096083609423e+001
1.522727272727273e+000 -4.559646064441308e+001
1.522909090909091e+000 -4.457946293791096e+001
1.523090909090909e+000 -5.868822758905701e+001
1.523272727272727e+000 -4.663722685679164e+001
1.523454545454545e+000 -4.388474275982396e+001
1.523636363636364e+000 -5.180504940267326e+001
1.523818181818182e+000 -4.915059879119213e+001
1.524000000000000e+000 -4.355196849689740e+001
1.524181818181818e+000 -4.731475228094263e+001
1.524363636363636e+000 -5.613009597660735e+001
1.524545454545454e+000 -4.412599113746392e+001
1.524727272727273e+000 -4.443518475125755e+001
1.524909090909091e+000 -5.896346405781452e+001
1.525090909090909e+000 -4.666759000610142e+001
1.525272727272727e+000 -4.313235625144468e+001
1.525454545454545e+000 -4.755871998217614e+001
1.525636363636364e+000 -5.568838571751317e+001
1.525818181818182e+000 -4.394690505946213e+001
1.526000000000000e+000 -4.352901615456559e+001
1.526181818181818e+000 -5.233069688895311e+001
1.526363636363636e+000 -4.917241470882568e+001
1.526545454545454e+000 -4.294704861790592e+001
1.526727272727273e+000 -4.417070267478883e+001
1.526909090909091e+000 -5.758337446481021e+001
1.527090909090909e+000 -4.713135007441107e+001
1.527272727272727e+000 -4.252639718170618e+001
1.527454545454545e+000 -4.428620791137101e+001
1.527636363636364e+000 -5.879546595862534e+001
1.527818181818182e+000 -4.693559618397996e+001
1.528000000000000e+000 -4.231894161314187e+001
1.528181818181818e+000 -4.358294495830690e+001
1.528363636363636e+000 -5.394336089834278e+001
1.528545454545454e+000 -4.865180862577394e+001
1.528727272727273e+000 -4.246903367233902e+001
1.528909090909091e+000 -4.240314550683193e+001
1.529090909090909e+000 -4.818827944230061e+001
1.529272727272727e+000 -5.540684683440275e+001
1.529454545454545e+000 -4.370894644965012e+001
1.529636363636364e+000 -4.154153745348655e+001
1.529818181818182e+000 -4.379274842933962e+001
1.530000000000000e+000 -5.542030719187063e+001
1.530181818181818e+000 -4.833252916090288e+001
1.530363636363636e+000 -4.217440904327899e+001
1.530545454545454e+000 -4.133130480021363e+001
1.530727272727273e+000 -4.450312245239714e+001
1.530909090909091e+000 -6.002577512670445e+001
1.531090909090909e+000 -4.719241566306719e+001
1.531272727272727e+000 -4.177334610107654e+001
1.531454545454545e+000 -4.088955752867113e+001
1.531636363636364e+000 -4.342324664750671e+001
1.531818181818182e+000 -5.336689768836000e+001
1.532000000000000e+000 -4.992504917149017e+001
1.532181818181818e+000 -4.246685242164766e+001
1.532363636363636e+000 -4.041790617768918e+001
1.532545454545454e+000 -4.126861046507518e+001
1.532727272727273e+000 -4.569631484981326e+001
1.532909090909091e+000 -7.280535145774815e+001
1.533090909090909e+000 -4.633246793034689e+001
1.533272727272727e+000 -4.131006476631104e+001
1.533454545454545e+000 -3.987624474985628e+001
1.533636363636364e+000 -4.079942494795425e+001
1.533818181818182e+000 -4.465571185323109e+001
1.534000000000000e+000 -5.862142482345451e+001
1.534181818181818e+000 -4.840375068696186e+001
1.534363636363636e+000 -4.199069213114498e+001
1.534545454545454e+000 -3.964701853948684e+001
1.534727272727273e+000 -3.938891039876627e+001
1.534909090909091e+000 -4.101516963563878e+001
1.535090909090909e+000 -4.545020081062471e+001
1.535272727272727e+000 -6.223859564329560e+001
1.535454545454545e+000 -4.806416739935266e+001
1.535636363636364e+000 -4.192208988132057e+001
1.535818181818182e+000 -3.935861677179023e+001
1.536000000000000e+000 -3.855107180600168e+001
1.536181818181818e+000 -3.912185301788625e+001
1.536363636363636e+000 -4.122013494340094e+001
1.536545454545454e+000 -4.586946948368824e+001
1.536727272727273e+000 -6.203293159761719e+001
1.536909090909091e+000 -4.882779974105768e+001
1.537090909090909e+000 -4.238694240512548e+001
1.537272727272727e+000 -3.941623190478933e+001
1.537454545454545e+000 -3.798814164437447e+001
1.537636363636364e+000 -3.760008762810475e+001
1.537818181818182e+000 -3.811175528814254e+001
1.538000000000000e+000 -3.959136770965220e+001
1.538181818181818e+000 -4.240621627798323e+001
1.538363636363636e+000 -4.790497523597767e+001
1.538545454545454e+000 -7.699173750801039e+001
1.538727272727273e+000 -4.851560994599447e+001
1.538909090909091e+000 -4.265075766391924e+001
1.539090909090909e+000 -3.959126919122609e+001
1.539272727272727e+000 -3.777574386218741e+001
1.539454545454545e+000 -3.672676895285917e+001
1.539636363636364e+000 -3.624077044435189e+001
1.539818181818182e+000 -3.622211519017833e+001
1.540000000000000e+000 -3.663348470763368e+001
1.540181818181818e+000 -3.748225468089891e+001
1.540363636363636e+000 -3.882725461962854e+001
1.540545454545454e+000 -4.081364320958183e+001
1.540727272727273e+000 -4.378598922668999e+001
1.540909090909091e+000 -4.876132072269219e+001
1.541090909090909e+000 -6.246996345675246e+001
1.541272727272727e+000 -5.345413212188748e+001
1.541454545454545e+000 -4.617945049494405e+001
1.541636363636364e+000 -4.244829227387119e+001
1.541818181818182e+000 -4.001181590855089e+001
1.542000000000000e+000 -3.826459068037760e+001
1.542181818181818e+000 -3.695011791414073e+001
1.542363636363636e+000 -3.593334902124965e+001
1.542545454545454e+000 -3.513292433261928e+001
1.542727272727273e+000 -3.449498170024378e+001
1.542909090909091e+000 -3.398125102901944e+001
1.543090909090909e+000 -3.356300633205832e+001
1.543272727272727e+000 -3.321774029766269e+001
1.543454545454545e+000 -3.292723140950282e+001
1.543636363636364e+000 -3.267638031402201e+001
1.543818181818182e+000 -3.245249874531494e+001
1.544000000000000e+000 -3.224487814791873e+001
1.544181818181818e+000 -3.204453667491282e+001
1.544363636363636e+000 -3.184408048347645e+001
1.544545454545454e+000 -3.163763555371562e+001
1.544727272727273e+000 -3.142081818669660e+001
1.544909090909091e+000 -3.119072037775137e+001
1.545090909090909e+000 -3.094589278175942e+001
1.545272727272727e+000 -3.068631409588396e+001
1.545454545454545e+000 -3.041334168651712e+001
1.545636363636364e+000 -3.012964397845226e+001
1.545818181818182e+000 -2.983912009580696e+001
1.546000000000000e+000 -2.954681613655230e+001
1.546181818181818e+000 -2.925885015314794e+001
1.546363636363636e+000 -2.898235962170682e+001
1.546545454545454e+000 -2.872548649492349e+001
1.546727272727273e+000 -2.849741674824387e+001
1.546909090909091e+000 -2.830849492030134e+001
1.547090909090909e+000 -2.817044130616711e+001
1.547272727272727e+000 -2.809671305452493e+001
1.547454545454545e+000 -2.810307551761085e+001
1.547636363636364e+000 -2.820849675505998e+001
1.547818181818182e+000 -2.843656699743400e+001
1.548000000000000e+000 -2.881782335091439e+001
1.548181818181818e+000 -2.939374307603086e+001
1.548363636363636e+000 -3.022406520860499e+001
1.548545454545454e+000 -3.140144607561557e+001
1.548727272727273e+000 -3.308458641179185e+001
1.548909090909091e+000 -3.558785166334514e+001
1.549090909090909e+000 -3.970867726087774e+001
1.549272727272727e+000 -4.909827021442846e+001
1.549454545454545e+000 -4.894859571807217e+001
1.549636363636364e+000 -3.970709422850993e+001
1.549818181818182e+000 -3.602029463981528e+001
1.550000000000000e+000 -3.488057341519442e+001
1.550181818181818e+000 -3.776930621234197e+001
1.550363636363636e+000 -4.144721957127197e+001
1.550545454545454e+000 -2.365078189677106e+001
1.550727272727273e+000 -1.452389612667851e+001
1.550909090909091e+000 -1.076023195681651e+001
1.551090909090909e+000 -7.151774475110484e+000
1.551272727272727e+000 -1.687170562625831e+000
1.551454545454545e+000 8.685893981439090e-006
1.551636363636364e+000 1.517816498505125e-005
1.551818181818182e+000 -3.222395335659838e+001
1.552000000000000e+000 -1.198990251318752e+001
1.552181818181818e+000 -1.316925921772247e+001
1.552363636363636e+000 -2.438347068682758e+001
1.552545454545455e+000 -5.080407961123736e+001
1.552727272727273e+000 -3.532473316784920e+001
1.552909090909091e+000 -3.896951488785260e+001
1.553090909090909e+000 -5.026513706666132e+001
1.553272727272727e+000 -3.371452246690956e+001
1.553454545454545e+000 -2.833802131421782e+001
1.553636363636364e+000 -2.540299867439198e+001
1.553818181818182e+000 -2.377345133127636e+001
1.554000000000000e+000 -2.310995080661445e+001
1.554181818181818e+000 -2.333868537635063e+001
1.554363636363636e+000 -2.456779701161193e+001
1.554545454545455e+000 -2.718703701882370e+001
1.554727272727273e+000 -3.249709556269671e+001
1.554909090909091e+000 -5.484479896722731e+001
1.555090909090909e+000 -3.452596455856362e+001
1.555272727272727e+000 -2.916474146316623e+001
1.555454545454545e+000 -2.719476031310622e+001
1.555636363636364e+000 -2.714578968327774e+001
1.555818181818182e+000 -2.895753301674911e+001
1.556000000000000e+000 -3.370691928280262e+001
1.556181818181818e+000 -5.354579182259896e+001
1.556363636363636e+000 -3.600230098143104e+001
1.556545454545455e+000 -3.071373286049015e+001
1.556727272727273e+000 -2.919511496349313e+001
1.556909090909091e+000 -3.008621955742861e+001
1.557090909090909e+000 -3.398607651543119e+001
1.557272727272727e+000 -4.832672055828017e+001
1.557454545454545e+000 -3.797371564360897e+001
1.557636363636364e+000 -3.214221688099699e+001
1.557818181818182e+000 -3.077074464543563e+001
1.558000000000000e+000 -3.234478595759064e+001
1.558181818181818e+000 -3.846361167720264e+001
1.558363636363636e+000 -4.873759604672173e+001
1.558545454545455e+000 -3.518434215317519e+001
1.558727272727273e+000 -3.216588794419097e+001
1.558909090909091e+000 -3.280387081487186e+001
1.559090909090909e+000 -3.778790611684526e+001
1.559272727272727e+000 -5.615070467281082e+001
1.559454545454545e+000 -3.652750850254174e+001
1.559636363636364e+000 -3.316914150973651e+001
1.559818181818182e+000 -3.401476267648199e+001
1.560000000000000e+000 -4.024426037268395e+001
1.560181818181818e+000 -4.739951179275851e+001
1.560363636363636e+000 -3.593469306630190e+001
1.560545454545455e+000 -3.388110511744580e+001
1.560727272727273e+000 -3.637644966969967e+001
1.560909090909091e+000 -4.983757542006669e+001
1.561090909090909e+000 -4.006881115845324e+001
1.561272727272727e+000 -3.495629352917644e+001
1.561454545454545e+000 -3.552854327038612e+001
1.561636363636364e+000 -4.292845735034588e+001
1.561818181818182e+000 -4.458217112078290e+001
1.562000000000000e+000 -3.620777014752578e+001
1.562181818181818e+000 -3.567891010274335e+001
1.562363636363636e+000 -4.158598564040727e+001
1.562545454545455e+000 -4.739781461910803e+001
1.562727272727273e+000 -3.701084892187440e+001
1.562909090909091e+000 -3.621507073097082e+001
1.563090909090909e+000 -4.242215738158640e+001
1.563272727272727e+000 -4.648009656850828e+001
1.563454545454545e+000 -3.718362277418932e+001
1.563636363636364e+000 -3.708494308988620e+001
1.563818181818182e+000 -4.575276260411743e+001
1.564000000000000e+000 -4.328116372390068e+001
1.564181818181818e+000 -3.705470867072826e+001
1.564363636363636e+000 -3.874827726407657e+001
1.564545454545455e+000 -5.880321001181125e+001
1.564727272727273e+000 -4.013783612082852e+001
1.564909090909091e+000 -3.734401213613884e+001
1.565090909090909e+000 -4.264359322137059e+001
1.565272727272727e+000 -4.764406153799884e+001
1.565454545454545e+000 -3.818305312358982e+001
1.565636363636364e+000 -3.922151489868066e+001
1.565818181818182e+000 -5.923560179573380e+001
1.566000000000000e+000 -4.051447230630311e+001
1.566181818181818e+000 -3.827691137266439e+001
1.566363636363636e+000 -4.603202020039619e+001
1.566545454545455e+000 -4.415372739690417e+001
1.566727272727273e+000 -3.842794550525299e+001
1.566909090909091e+000 -4.254839621117971e+001
1.567090909090909e+000 -4.927914756268002e+001
1.567272727272727e+000 -3.907910474660036e+001
1.567454545454545e+000 -4.114675497358092e+001
1.567636363636364e+000 -5.665253191780029e+001
1.567818181818182e+000 -3.984712837288671e+001
1.568000000000000e+000 -4.065865747304977e+001
1.568181818181818e+000 -6.871499489869741e+001
1.568363636363636e+000 -4.045539428549749e+001
1.568545454545455e+000 -4.067281539627546e+001
1.568727272727273e+000 -8.227664679288472e+001
1.568909090909091e+000 -4.074510058214834e+001
1.569090909090909e+000 -4.105448916604626e+001
1.569272727272727e+000 -6.554136652030533e+001
1.569454545454545e+000 -4.071089110956186e+001
1.569636363636364e+000 -4.185768413212450e+001
1.569818181818182e+000 -5.566694212465610e+001
1.570000000000000e+000 -4.050197783435153e+001
1.570181818181818e+000 -4.335535707266433e+001
1.570363636363636e+000 -4.956147367278176e+001
1.570545454545455e+000 -4.038633405074768e+001
1.570727272727273e+000 -4.627082017753006e+001
1.570909090909091e+000 -4.542165577137478e+001
1.571090909090909e+000 -4.073363535405715e+001
1.571272727272727e+000 -5.333989113679511e+001
1.571454545454545e+000 -4.268215134154480e+001
1.571636363636364e+000 -4.210201866775326e+001
1.571818181818182e+000 -5.826627523061188e+001
1.572000000000000e+000 -4.125591308461433e+001
1.572181818181818e+000 -4.571171824571744e+001
1.572363636363636e+000 -4.641013270021703e+001
1.572545454545455e+000 -4.141503727388206e+001
1.572727272727273e+000 -5.847918807615334e+001
1.572909090909091e+000 -4.242337981658211e+001
1.573090909090909e+000 -4.413353690757703e+001
1.573272727272727e+000 -4.934321158132685e+001
1.573454545454545e+000 -4.161928020967275e+001
1.573636363636364e+000 -5.487576718697671e+001
1.573818181818182e+000 -4.299008842722062e+001
1.574000000000000e+000 -4.445845702495834e+001
1.574181818181818e+000 -4.905453058456101e+001
1.574363636363636e+000 -4.205551535914603e+001
1.574545454545455e+000 -6.131606684277207e+001
1.574727272727273e+000 -4.270233590282442e+001
1.574909090909091e+000 -4.663535506701346e+001
1.575090909090909e+000 -4.624239675413070e+001
1.575272727272727e+000 -4.311407890459242e+001
1.575454545454545e+000 -5.656715131487866e+001
1.575636363636364e+000 -4.240799060231104e+001
1.575818181818182e+000 -5.435218808515760e+001
1.576000000000000e+000 -4.353978039974434e+001
1.576181818181818e+000 -4.663071499273723e+001
1.576363636363636e+000 -4.656729651025028e+001
1.576545454545455e+000 -4.385632434607748e+001
1.576727272727273e+000 -5.295436738823865e+001
1.576909090909091e+000 -4.293288522508166e+001
1.577090909090909e+000 -7.331573931590120e+001
1.577272727272727e+000 -4.313260262360652e+001
1.577454545454545e+000 -5.244690730178084e+001
1.577636363636364e+000 -4.418653281495850e+001
1.577818181818182e+000 -4.775616687806966e+001
1.578000000000000e+000 -4.601044360425136e+001
1.578181818181818e+000 -4.551221655124516e+001
1.578363636363636e+000 -4.866103043004895e+001
1.578545454545455e+000 -4.436324977593782e+001
1.578727272727273e+000 -5.241427660395998e+001
1.578909090909091e+000 -4.383162342672780e+001
1.579090909090909e+000 -5.818605647657805e+001
1.579272727272727e+000 -4.367366099642749e+001
1.579454545454545e+000 -7.165747380175682e+001
1.579636363636364e+000 -4.373651973569794e+001
1.579818181818182e+000 -6.612319400057177e+001
1.580000000000000e+000 -4.391212055775037e+001
1.580181818181818e+000 -5.972214646341781e+001
1.580363636363636e+000 -4.412062973554190e+001
1.580545454545455e+000 -5.730821192664511e+001
1.580727272727273e+000 -4.430560771110931e+001
1.580909090909091e+000 -5.648530405627967e+001
1.581090909090909e+000 -4.443407013154595e+001
1.581272727272727e+000 -5.677779377477113e+001
1.581454545454545e+000 -4.449781034546755e+001
1.581636363636364e+000 -5.826861615393334e+001
1.581818181818182e+000 -4.451383588355274e+001
1.582000000000000e+000 -6.176675021954588e+001
1.582181818181818e+000 -4.452335800940803e+001
1.582363636363636e+000 -7.247615282689792e+001
1.582545454545455e+000 -4.459047937197793e+001
1.582727272727273e+000 -6.591304779661120e+001
1.582909090909091e+000 -4.480319081935433e+001
1.583090909090909e+000 -5.710232111478592e+001
1.583272727272727e+000 -4.528095725594127e+001
1.583454545454545e+000 -5.243131621093816e+001
1.583636363636364e+000 -4.619767833636733e+001
1.583818181818182e+000 -4.932551022558884e+001
1.584000000000000e+000 -4.784621608925833e+001
1.584181818181818e+000 -4.718847760302533e+001
1.584363636363636e+000 -5.085588736107688e+001
1.584545454545455e+000 -4.583697554757967e+001
1.584727272727273e+000 -5.739396579014800e+001
1.584909090909091e+000 -4.526116709589311e+001
1.585090909090909e+000 -6.773054063444107e+001
1.585272727272727e+000 -4.559046739865516e+001
1.585454545454545e+000 -5.299407350500205e+001
1.585636363636364e+000 -4.717966776584589e+001
1.585818181818182e+000 -4.824619368942384e+001
1.586000000000000e+000 -5.105432362671096e+001
1.586181818181818e+000 -4.608038052488922e+001
1.586363636363636e+000 -6.349362500082280e+001
1.586545454545455e+000 -4.568289312288342e+001
1.586727272727273e+000 -5.545644399916317e+001
1.586909090909091e+000 -4.723232607292886e+001
1.587090909090909e+000 -4.850207635364982e+001
1.587272727272727e+000 -5.226700790140672e+001
1.587454545454546e+000 -4.610197175250500e+001
1.587636363636364e+000 -7.446110035027706e+001
1.587818181818182e+000 -4.639039506845704e+001
1.588000000000000e+000 -5.094830667746533e+001
1.588181818181818e+000 -5.010003489253392e+001
1.588363636363636e+000 -4.671137222912426e+001
1.588545454545455e+000 -6.940933882038404e+001
1.588727272727273e+000 -4.643330132704290e+001
1.588909090909091e+000 -5.156882915132403e+001
1.589090909090909e+000 -5.038204857753740e+001
1.589272727272727e+000 -4.678210660913400e+001
1.589454545454546e+000 -8.431086421250372e+001
1.589636363636364e+000 -4.696875665961981e+001
1.589818181818182e+000 -4.997750435419020e+001
1.590000000000000e+000 -5.321388684589631e+001
1.590181818181818e+000 -4.654409044092514e+001
1.590363636363636e+000 -5.769296231313644e+001
1.590545454545455e+000 -4.870039999796703e+001
1.590727272727273e+000 -4.776653060544188e+001
1.590909090909091e+000 -6.689608215237864e+001
1.591090909090909e+000 -4.713874668896541e+001
1.591272727272727e+000 -5.021164458272032e+001
1.591454545454546e+000 -5.479945117133479e+001
1.591636363636364e+000 -4.682232808522905e+001
1.591818181818182e+000 -5.376252964965337e+001
1.592000000000000e+000 -5.123143061622088e+001
1.592181818181818e+000 -4.710335369399862e+001
1.592363636363636e+000 -5.847870539592716e+001
1.592545454545455e+000 -4.965665084992206e+001
1.592727272727273e+000 -4.759602057233315e+001
1.592909090909091e+000 -6.440452321300457e+001
1.593090909090909e+000 -4.898578688795929e+001
1.593272727272727e+000 -4.802837817873835e+001
1.593454545454546e+000 -7.019738174447036e+001
1.593636363636364e+000 -4.883524856763950e+001
1.593818181818182e+000 -4.823000159565284e+001
1.594000000000000e+000 -7.019190902345476e+001
1.594181818181818e+000 -4.908449453280196e+001
1.594363636363636e+000 -4.815706407080974e+001
1.594545454545455e+000 -6.456380438606848e+001
1.594727272727273e+000 -4.979535117663649e+001
1.594909090909091e+000 -4.790240934801616e+001
1.595090909090909e+000 -5.889949427002964e+001
1.595272727272727e+000 -5.124971616039839e+001
1.595454545454546e+000 -4.767490705848562e+001
1.595636363636364e+000 -5.444939288381209e+001
1.595818181818182e+000 -5.420855278309967e+001
1.596000000000000e+000 -4.777996262381263e+001
1.596181818181818e+000 -5.115909252270884e+001
1.596363636363636e+000 -6.174647692101704e+001
1.596545454545455e+000 -4.866236213561974e+001
1.596727272727273e+000 -4.897025097088936e+001
1.596909090909091e+000 -6.418416765846665e+001
1.597090909090909e+000 -5.116185624072384e+001
1.597272727272727e+000 -4.800049377707448e+001
1.597454545454546e+000 -5.327526081366232e+001
1.597636363636364e+000 -5.817880459598955e+001
1.597818181818182e+000 -4.867290107917933e+001
1.598000000000000e+000 -4.926458018698602e+001
1.598181818181818e+000 -6.242359094834096e+001
1.598363636363636e+000 -5.232220105106835e+001
1.598545454545455e+000 -4.820850769189752e+001
1.598727272727273e+000 -5.137412778530891e+001
1.598909090909091e+000 -7.137866342260826e+001
1.599090909090909e+000 -5.039932841842956e+001
1.599272727272727e+000 -4.844076019951160e+001
1.599454545454546e+000 -5.340029038755493e+001
1.599636363636364e+000 -6.175188096928810e+001
1.599818181818182e+000 -4.981872023946231e+001
1.600000000000000e+000 -4.872867497646831e+001
1.600181818181818e+000 -5.433656724432284e+001
1.600363636363636e+000 -6.079464672919411e+001
1.600545454545455e+000 -4.994756921622663e+001
1.600727272727273e+000 -4.879836596479518e+001
1.600909090909091e+000 -5.366467090746092e+001
1.601090909090909e+000 -6.469474346767534e+001
1.601272727272727e+000 -5.078406310791306e+001
1.601454545454546e+000 -4.874161202631870e+001
1.601636363636364e+000 -5.190293919153364e+001
1.601818181818182e+000 -7.551625501591482e+001
1.602000000000000e+000 -5.295312034128343e+001
1.602181818181818e+000 -4.900667237224263e+001
1.602363636363636e+000 -5.005530642695719e+001
1.602545454545455e+000 -5.780194485473315e+001
1.602727272727273e+000 -5.899712053757553e+001
1.602909090909091e+000 -5.047348420574729e+001
1.603090909090909e+000 -4.904375942827686e+001
1.603272727272727e+000 -5.187177600568704e+001
1.603454545454546e+000 -6.571704283675776e+001
1.603636363636364e+000 -5.542959154933880e+001
1.603818181818182e+000 -4.992918097403870e+001
1.604000000000000e+000 -4.934678960705706e+001
1.604181818181818e+000 -5.269222506434264e+001
1.604363636363636e+000 -6.844180447716352e+001
1.604545454545455e+000 -5.555339137179035e+001
1.604727272727273e+000 -5.022122937073441e+001
1.604909090909091e+000 -4.938636292023105e+001
1.605090909090909e+000 -5.190571730813927e+001
1.605272727272727e+000 -6.138904913021988e+001
1.605454545454546e+000 -5.930905232445745e+001
1.605636363636364e+000 -5.157080738870734e+001
1.605818181818182e+000 -4.950175893219227e+001
1.606000000000000e+000 -5.036248820531348e+001
1.606181818181818e+000 -5.475822693175584e+001
1.606363636363636e+000 -7.836969155380470e+001
1.606545454545455e+000 -5.597626005061603e+001
1.606727272727273e+000 -5.095270292744713e+001
1.606909090909091e+000 -4.962267140829145e+001
1.607090909090909e+000 -5.072308444975423e+001
1.607272727272727e+000 -5.492687132008903e+001
1.607454545454546e+000 -7.167874640695716e+001
1.607636363636364e+000 -5.769633730420144e+001
1.607818181818182e+000 -5.191609183524946e+001
1.608000000000000e+000 -4.996241893608232e+001
1.608181818181818e+000 -5.013846060335097e+001
1.608363636363636e+000 -5.241956505809636e+001
1.608545454545455e+000 -5.841632234569632e+001
1.608727272727273e+000 -7.371276919010219e+001
1.608909090909091e+000 -5.623283242401688e+001
1.609090909090909e+000 -5.182148862247740e+001
1.609272727272727e+000 -5.016853361116327e+001
1.609454545454546e+000 -5.020820409596579e+001
1.609636363636364e+000 -5.185485013443219e+001
1.609818181818182e+000 -5.582016633616254e+001
1.610000000000000e+000 -6.694550553431776e+001
1.610181818181818e+000 -6.238434819534780e+001
1.610363636363636e+000 -5.475102955606253e+001
1.610545454545455e+000 -5.164341661683194e+001
1.610727272727273e+000 -5.036846617666002e+001
1.610909090909091e+000 -5.034314749489036e+001
1.611090909090909e+000 -5.147689730081073e+001
1.611272727272727e+000 -5.404731695539030e+001
1.611454545454546e+000 -5.925474482012479e+001
1.611636363636364e+000 -8.021101682287258e+001
1.611818181818182e+000 -6.112712143913099e+001
1.612000000000000e+000 -5.519604233619853e+001
1.612181818181818e+000 -5.237264380543098e+001
1.612363636363636e+000 -5.095707274815683e+001
1.612545454545455e+000 -5.047046918201212e+001
1.612727272727273e+000 -5.074773936695167e+001
1.612909090909091e+000 -5.177684661649345e+001
1.613090909090909e+000 -5.369630792005038e+001
1.613272727272727e+000 -5.694569363378994e+001
1.613454545454546e+000 -6.310647842495610e+001
1.613636363636364e+000 -8.696627361750979e+001
1.613818181818182e+000 -6.236590769691639e+001
1.614000000000000e+000 -5.701730836113632e+001
1.614181818181818e+000 -5.416276894197400e+001
1.614363636363636e+000 -5.244515188683740e+001
1.614545454545455e+000 -5.142551416459332e+001
1.614727272727273e+000 -5.090829964002984e+001
1.614909090909091e+000 -5.079364496287426e+001
1.615090909090909e+000 -5.102993369201717e+001
1.615272727272727e+000 -5.159622070378534e+001
1.615454545454546e+000 -5.249717342332296e+001
1.615636363636364e+000 -5.376654930820251e+001
1.615818181818182e+000 -5.548203999858045e+001
1.616000000000000e+000 -5.780569935112192e+001
1.616181818181818e+000 -6.110598360221948e+001
1.616363636363636e+000 -6.647295415089815e+001
1.616545454545455e+000 -8.185199244182573e+001
1.616727272727273e+000 -7.067413663559259e+001
1.616909090909091e+000 -6.388369792279509e+001
1.617090909090909e+000 -6.039365060091382e+001
1.617272727272727e+000 -5.813818988967163e+001
1.617454545454546e+000 -5.654305805801291e+001
1.617636363636364e+000 -5.536271565548049e+001
1.617818181818182e+000 -5.446778762714833e+001
1.618000000000000e+000 -5.378073658468285e+001
1.618181818181818e+000 -5.325078566658769e+001
1.618363636363636e+000 -5.284246468760554e+001
1.618545454545455e+000 -5.252977610808790e+001
1.618727272727273e+000 -5.229298066956881e+001
1.618909090909091e+000 -5.211672195080912e+001
1.619090909090909e+000 -5.198888638933289e+001
1.619272727272727e+000 -5.189989112688435e+001
1.619454545454545e+000 -5.184223227108232e+001
1.619636363636364e+000 -5.181019729469754e+001
1.619818181818182e+000 -5.179968370027156e+001
1.620000000000000e+000 -5.180808816125080e+001
1.620181818181818e+000 -5.183424407818639e+001
1.620363636363636e+000 -5.187839489574898e+001
1.620545454545455e+000 -5.194219778577909e+001
1.620727272727273e+000 -5.202875875158257e+001
1.620909090909091e+000 -5.214270677731422e+001
1.621090909090909e+000 -5.229032239770281e+001
1.621272727272727e+000 -5.247974648836333e+001
1.621454545454546e+000 -5.272131082319530e+001
1.621636363636364e+000 -5.302805798321590e+001
1.621818181818182e+000 -5.341656444580928e+001
1.622000000000000e+000 -5.390826805708772e+001
1.622181818181818e+000 -5.453167685205658e+001
1.622363636363636e+000 -5.532621596037931e+001
1.622545454545455e+000 -5.634936492526885e+001
1.622727272727273e+000 -5.769110057003718e+001
1.622909090909091e+000 -5.950690640327800e+001
1.623090909090909e+000 -6.210818371936136e+001
1.623272727272727e+000 -6.629769699721328e+001
1.623454545454545e+000 -7.587495201827990e+001
1.623636363636364e+000 -7.482467147151087e+001
1.623818181818182e+000 -6.541614059851523e+001
1.624000000000000e+000 -6.096683898474590e+001
1.624181818181818e+000 -5.808187497733623e+001
1.624363636363636e+000 -5.601933126078681e+001
1.624545454545455e+000 -5.449908318152590e+001
1.624727272727273e+000 -5.339229531837169e+001
1.624909090909091e+000 -5.263707826357657e+001
1.625090909090909e+000 -5.220884265524297e+001
1.625272727272727e+000 -5.210960287921782e+001
1.625454545454545e+000 -5.236679288620514e+001
1.625636363636364e+000 -5.304061182683668e+001
1.625818181818182e+000 -5.424584386225327e+001
1.626000000000000e+000 -5.621121178887200e+001
1.626181818181818e+000 -5.947489868391526e+001
1.626363636363636e+000 -6.591023680216911e+001
1.626545454545455e+000 -8.065798869792036e+001
1.626727272727273e+000 -6.310340165027468e+001
1.626909090909091e+000 -5.790140855437734e+001
1.627090909090909e+000 -5.504017134142882e+001
1.627272727272727e+000 -5.336488783692403e+001
1.627454545454545e+000 -5.252571866187010e+001
1.627636363636364e+000 -5.241758887299446e+001
1.627818181818182e+000 -5.307316600405054e+001
1.628000000000000e+000 -5.468288308436878e+001
1.628181818181818e+000 -5.778921675709111e+001
1.628363636363636e+000 -6.443925041494744e+001
1.628545454545455e+000 -7.577197420192519e+001
1.628727272727273e+000 -6.072378065631696e+001
1.628909090909091e+000 -5.598877805290746e+001
1.629090909090909e+000 -5.363725098359960e+001
1.629272727272727e+000 -5.265036675919718e+001
1.629454545454545e+000 -5.279189041330186e+001
1.629636363636364e+000 -5.416887798823391e+001
1.629818181818182e+000 -5.737925185519368e+001
1.630000000000000e+000 -6.518610169609163e+001
1.630181818181818e+000 -6.933558889804182e+001
1.630363636363636e+000 -5.846824889680546e+001
1.630545454545455e+000 -5.456793240507000e+001
1.630727272727273e+000 -5.294809814092407e+001
1.630909090909091e+000 -5.289942092721914e+001
1.631090909090909e+000 -5.447985947594648e+001
1.631272727272727e+000 -5.862327538775423e+001
1.631454545454545e+000 -7.265099222428455e+001
1.631636363636364e+000 -6.239071698623652e+001
1.631818181818182e+000 -5.584402933838836e+001
1.632000000000000e+000 -5.334433948626035e+001
1.632181818181818e+000 -5.295938236869362e+001
1.632363636363636e+000 -5.457296434689194e+001
1.632545454545455e+000 -5.938740051617150e+001
1.632727272727273e+000 -9.078178072608415e+001
1.632909090909091e+000 -5.973501559767919e+001
1.633090909090909e+000 -5.463940200416516e+001
1.633272727272727e+000 -5.303993235264142e+001
1.633454545454546e+000 -5.378655544276683e+001
1.633636363636364e+000 -5.751596364877496e+001
1.633818181818182e+000 -7.174998991353426e+001
1.634000000000000e+000 -6.098894905796465e+001
1.634181818181818e+000 -5.488279939922776e+001
1.634363636363636e+000 -5.314003785940670e+001
1.634545454545455e+000 -5.415559865350905e+001
1.634727272727273e+000 -5.896905968952592e+001
1.634909090909091e+000 -8.444806854888860e+001
1.635090909090909e+000 -5.816959953044113e+001
1.635272727272727e+000 -5.390036331843660e+001
1.635454545454545e+000 -5.338973245687691e+001
1.635636363636364e+000 -5.624619375831294e+001
1.635818181818182e+000 -6.784675222935398e+001
1.636000000000000e+000 -6.111324206459988e+001
1.636181818181818e+000 -5.463663869195771e+001
1.636363636363636e+000 -5.334995581120178e+001
1.636545454545455e+000 -5.571394159365917e+001
1.636727272727273e+000 -6.614563437589612e+001
1.636909090909091e+000 -6.139568759123496e+001
1.637090909090909e+000 -5.460468296790182e+001
1.637272727272727e+000 -5.349845699017288e+001
1.637454545454546e+000 -5.656376948743959e+001
1.637636363636364e+000 -7.309883143634841e+001
1.637818181818182e+000 -5.882923875940615e+001
1.638000000000000e+000 -5.394025865687922e+001
1.638181818181818e+000 -5.410867993090337e+001
1.638363636363636e+000 -5.978419554795739e+001
1.638545454545455e+000 -6.786230774172876e+001
1.638727272727273e+000 -5.566922632920701e+001
1.638909090909091e+000 -5.358836426587541e+001
1.639090909090909e+000 -5.646067302176603e+001
1.639272727272727e+000 -7.626155140596757e+001
1.639454545454545e+000 -5.786228108883840e+001
1.639636363636364e+000 -5.377216965738097e+001
1.639818181818182e+000 -5.523471325493376e+001
1.640000000000000e+000 -6.644686953729892e+001
1.640181818181818e+000 -5.962118177766923e+001
1.640363636363636e+000 -5.404447579531993e+001
1.640545454545455e+000 -5.490184394156265e+001
1.640727272727273e+000 -6.487190098793147e+001
1.640909090909091e+000 -6.003386870766151e+001
1.641090909090909e+000 -5.410411510659827e+001
1.641272727272727e+000 -5.513137085145918e+001
1.641454545454546e+000 -6.693752283300083e+001
1.641636363636364e+000 -5.888485976741884e+001
1.641818181818182e+000 -5.396515875679437e+001
1.642000000000000e+000 -5.605132531317967e+001
1.642181818181818e+000 -7.901987586211168e+001
1.642363636363636e+000 -5.689735759249665e+001
1.642545454545455e+000 -5.395370389635612e+001
1.642727272727273e+000 -5.837927412594327e+001
1.642909090909091e+000 -6.717828936465456e+001
1.643090909090909e+000 -5.502319675603524e+001
1.643272727272727e+000 -5.471183762104084e+001
1.643454545454545e+000 -6.497305574801368e+001
1.643636363636364e+000 -5.894745366545784e+001
1.643818181818182e+000 -5.407392500908781e+001
1.644000000000000e+000 -5.755074623110170e+001
1.644181818181818e+000 -6.913883446683094e+001
1.644363636363636e+000 -5.512195385371704e+001
1.644545454545455e+000 -5.503560879129991e+001
1.644727272727273e+000 -6.870283164895395e+001
1.644909090909091e+000 -5.747848915777583e+001
1.645090909090909e+000 -5.424099012448244e+001
1.645272727272727e+000 -6.068332821166025e+001
1.645454545454545e+000 -6.116028537000640e+001
1.645636363636364e+000 -5.430773878769036e+001
1.645818181818182e+000 -5.768384539216063e+001
1.646000000000000e+000 -6.668880982039855e+001
1.646181818181818e+000 -5.479642180406500e+001
1.646363636363636e+000 -5.626389056408970e+001
1.646545454545455e+000 -7.653312267203619e+001
1.646727272727273e+000 -5.539809356722476e+001
1.646909090909091e+000 -5.559817647201336e+001
1.647090909090909e+000 -8.607540148724628e+001
1.647272727272727e+000 -5.587081493477077e+001
1.647454545454545e+000 -5.535231413321186e+001
1.647636363636364e+000 -7.763975208145357e+001
1.647818181818182e+000 -5.605105926063609e+001
1.648000000000000e+000 -5.538950900897513e+001
1.648181818181818e+000 -8.019663064625880e+001
1.648363636363636e+000 -5.588959132560186e+001
1.648545454545455e+000 -5.570382015932002e+001
1.648727272727273e+000 -8.622791334434660e+001
1.648909090909091e+000 -5.546642958902378e+001
1.649090909090909e+000 -5.641752271575545e+001
1.649272727272727e+000 -7.030850415661446e+001
1.649454545454545e+000 -5.496677370662246e+001
1.649636363636364e+000 -5.783774692661712e+001
1.649818181818182e+000 -6.362423891349376e+001
1.650000000000000e+000 -5.464625896447554e+001
