1.450000000000000e+000 3.407391158473586e-004
1.450181818181818e+000 3.547993357028562e-004
1.450363636363636e+000 3.406372239841390e-004
1.450545454545455e+000 3.543300151673162e-004
1.450727272727273e+000 3.412307704485020e-004
1.450909090909091e+000 3.529392756170611e-004
1.451090909090909e+000 3.429497030341992e-004
1.451272727272727e+000 3.502746337821347e-004
1.451454545454545e+000 3.459839256695333e-004
1.451636363636364e+000 3.464096251055721e-004
1.451818181818182e+000 3.498923558328102e-004
1.452000000000000e+000 3.422383387541318e-004
1.452181818181818e+000 3.532919583040292e-004
1.452363636363636e+000 3.395820454849187e-004
1.452545454545455e+000 3.540959136299484e-004
1.452727272727273e+000 3.404770650118830e-004
1.452909090909091e+000 3.507677850543435e-004
1.453090909090909e+000 3.454349694882282e-004
1.453272727272727e+000 3.443047755165857e-004
1.453454545454545e+000 3.516759599825124e-004
1.453636363636364e+000 3.391431515789979e-004
1.453818181818182e+000 3.537813569467115e-004
1.454000000000000e+000 3.404413999395679e-004
1.454181818181818e+000 3.484730646071704e-004
1.454363636363636e+000 3.480394557650549e-004
1.454545454545455e+000 3.402127461523165e-004
1.454727272727273e+000 3.536385424744398e-004
1.454909090909091e+000 3.390124697644440e-004
1.455090909090909e+000 3.490026015285212e-004
1.455272727272727e+000 3.475630561883018e-004
1.455454545454545e+000 3.393429851687420e-004
1.455636363636364e+000 3.534643795890761e-004
1.455818181818182e+000 3.398008618375500e-004
1.456000000000000e+000 3.458414488779266e-004
1.456181818181818e+000 3.505300416443216e-004
1.456363636363636e+000 3.372436235598207e-004
1.456545454545455e+000 3.512789812911013e-004
1.456727272727273e+000 3.448060708076324e-004
1.456909090909091e+000 3.391894677411428e-004
1.457090909090909e+000 3.530912084131152e-004
1.457272727272727e+000 3.402127202322604e-004
1.457454545454545e+000 3.424464279795082e-004
1.457636363636364e+000 3.524483023145237e-004
1.457818181818182e+000 3.376737403179965e-004
1.458000000000000e+000 3.449553045585355e-004
1.458181818181818e+000 3.511921586875403e-004
1.458363636363636e+000 3.365429643025357e-004
1.458545454545455e+000 3.460823843048195e-004
1.458727272727273e+000 3.504777564291779e-004
1.458909090909091e+000 3.360929297707527e-004
1.459090909090909e+000 3.457719550437050e-004
1.459272727272727e+000 3.507094156633531e-004
1.459454545454545e+000 3.361590409632658e-004
1.459636363636364e+000 3.439679587252372e-004
1.459818181818182e+000 3.516634198440704e-004
1.460000000000000e+000 3.372684578417193e-004
1.460181818181818e+000 3.406603584355472e-004
1.460363636363636e+000 3.523303915165559e-004
1.460545454545455e+000 3.403708085305757e-004
1.460727272727273e+000 3.365916165315764e-004
1.460909090909091e+000 3.507780995231668e-004
1.461090909090909e+000 3.457608985122986e-004
1.461272727272727e+000 3.342313426993960e-004
1.461454545454545e+000 3.451672037934860e-004
1.461636363636364e+000 3.510714790988017e-004
1.461818181818182e+000 3.372711729966709e-004
1.462000000000000e+000 3.369760832670762e-004
1.462181818181818e+000 3.506428123040566e-004
1.462363636363636e+000 3.460508902458886e-004
1.462545454545455e+000 3.336742887234087e-004
1.462727272727273e+000 3.413701457023077e-004
1.462909090909091e+000 3.517146674942933e-004
1.463090909090909e+000 3.419125394641660e-004
1.463272727272727e+000 3.329818659614774e-004
1.463454545454545e+000 3.435586541780672e-004
1.463636363636364e+000 3.514152587157498e-004
1.463818181818182e+000 3.404671506050166e-004
1.464000000000000e+000 3.325456066696119e-004
1.464181818181818e+000 3.429162630249118e-004
1.464363636363636e+000 3.513554604922299e-004
1.464545454545455e+000 3.419107663289899e-004
1.464727272727273e+000 3.320133658881857e-004
1.464909090909091e+000 3.393113082030577e-004
1.465090909090909e+000 3.505576427742020e-004
1.465272727272727e+000 3.461879150092380e-004
1.465454545454545e+000 3.336727093014445e-004
1.465636363636364e+000 3.336023092127658e-004
1.465818181818182e+000 3.457275395699284e-004
1.466000000000000e+000 3.506507231100714e-004
1.466181818181818e+000 3.408386143195398e-004
1.466363636363636e+000 3.311342514813440e-004
1.466545454545455e+000 3.355585656665589e-004
1.466727272727273e+000 3.473875124900232e-004
1.466909090909091e+000 3.499516699797025e-004
1.467090909090909e+000 3.398977300320949e-004
1.467272727272727e+000 3.306170789338147e-004
1.467454545454545e+000 3.338243832060885e-004
1.467636363636364e+000 3.450981327416137e-004
1.467818181818182e+000 3.505163638065991e-004
1.468000000000000e+000 3.437984775682063e-004
1.468181818181818e+000 3.328352164355005e-004
1.468363636363636e+000 3.297401186274669e-004
1.468545454545455e+000 3.374756042652811e-004
1.468727272727273e+000 3.475924285230743e-004
1.468909090909091e+000 3.497886268275570e-004
1.469090909090909e+000 3.421251483824035e-004
1.469272727272727e+000 3.320471394136175e-004
1.469454545454545e+000 3.286757758962603e-004
1.469636363636364e+000 3.346165654167994e-004
1.469818181818182e+000 3.444240299288597e-004
1.470000000000000e+000 3.499130178367869e-004
1.470181818181818e+000 3.469093223501835e-004
1.470363636363636e+000 3.379691746654672e-004
1.470545454545455e+000 3.297429831076814e-004
1.470727272727273e+000 3.278304519108633e-004
1.470909090909091e+000 3.331365770419202e-004
1.471090909090909e+000 3.418671310263749e-004
1.471272727272727e+000 3.484728761888452e-004
1.471454545454545e+000 3.491663797337983e-004
1.471636363636364e+000 3.438333908384213e-004
1.471818181818182e+000 3.355909517606304e-004
1.472000000000000e+000 3.287210843515051e-004
1.472181818181818e+000 3.263919986453022e-004
1.472363636363636e+000 3.293368290211416e-004
1.472545454545455e+000 3.358986558663523e-004
1.472727272727273e+000 3.431093126642386e-004
1.472909090909091e+000 3.480967835028214e-004
1.473090909090909e+000 3.491657335821999e-004
1.473272727272727e+000 3.462088679471723e-004
1.473454545454545e+000 3.404634265003678e-004
1.473636363636364e+000 3.338669511639622e-004
1.473818181818182e+000 3.283350550859558e-004
1.474000000000000e+000 3.252145628038658e-004
1.474181818181818e+000 3.250316263310682e-004
1.474363636363636e+000 3.275258318101760e-004
1.474545454545455e+000 3.318791535534130e-004
1.474727272727273e+000 3.370223830012181e-004
1.474909090909091e+000 3.419187639152290e-004
1.475090909090909e+000 3.457636176751521e-004
1.475272727272727e+000 3.480801906452517e-004
1.475454545454545e+000 3.487234070796239e-004
1.475636363636364e+000 3.478201792717139e-004
1.475818181818182e+000 3.456787504608130e-004
1.476000000000000e+000 3.426944979132635e-004
1.476181818181818e+000 3.392704691081317e-004
1.476363636363636e+000 3.357614304808564e-004
1.476545454545454e+000 3.324426233644452e-004
1.476727272727273e+000 3.294995835008769e-004
1.476909090909091e+000 3.270331522138172e-004
1.477090909090909e+000 3.250735407344287e-004
1.477272727272727e+000 3.235982328865628e-004
1.477454545454545e+000 3.225499475281039e-004
1.477636363636364e+000 3.218523531108447e-004
1.477818181818182e+000 3.214224655553734e-004
1.478000000000000e+000 3.211795540139481e-004
1.478181818181818e+000 3.210509354409354e-004
1.478363636363636e+000 3.209753144572849e-004
1.478545454545454e+000 3.209044006597026e-004
1.478727272727273e+000 3.208034846473198e-004
1.478909090909091e+000 3.206515335425239e-004
1.479090909090909e+000 3.204412170865851e-004
1.479272727272727e+000 3.201791143768482e-004
1.479454545454545e+000 3.198861878944749e-004
1.479636363636364e+000 3.195984425450373e-004
1.479818181818182e+000 3.193675094876259e-004
1.480000000000000e+000 3.192607070908922e-004
1.480181818181818e+000 3.193599380467927e-004
1.480363636363636e+000 3.197586117321484e-004
1.480545454545454e+000 3.205556738846599e-004
1.480727272727273e+000 3.218458542905458e-004
1.480909090909091e+000 3.237055009969330e-004
1.481090909090909e+000 3.261739641698255e-004
1.481272727272727e+000 3.292315171690521e-004
1.481454545454545e+000 3.327762911899765e-004
1.481636363636364e+000 3.366045650080348e-004
1.481818181818182e+000 3.404007038731084e-004
1.482000000000000e+000 3.437445227242006e-004
1.482181818181818e+000 3.461440324424577e-004
1.482363636363636e+000 3.470993789822359e-004
1.482545454545454e+000 3.461983600581121e-004
1.482727272727273e+000 3.432347678408279e-004
1.482909090909091e+000 3.383286742807375e-004
1.483090909090909e+000 3.320151403002176e-004
1.483272727272727e+000 3.252592577964976e-004
1.483454545454545e+000 3.193571404540643e-004
1.483636363636364e+000 3.157006568037664e-004
1.483818181818182e+000 3.154215011332104e-004
1.484000000000000e+000 3.189838012464123e-004
1.484181818181818e+000 3.258497621541944e-004
1.484363636363636e+000 3.343751900419716e-004
1.484545454545454e+000 3.420715156152207e-004
1.484727272727273e+000 3.462764241871083e-004
1.484909090909091e+000 3.451106012966383e-004
1.485090909090909e+000 3.384092255922577e-004
1.485272727272727e+000 3.281921509864075e-004
1.485454545454545e+000 3.182814361946388e-004
1.485636363636364e+000 3.129552521636606e-004
1.485818181818182e+000 3.150020054291568e-004
1.486000000000000e+000 3.240182011075372e-004
1.486181818181818e+000 3.359779693604325e-004
1.486363636363636e+000 3.447247902524658e-004
1.486545454545454e+000 3.450775631323878e-004
1.486727272727273e+000 3.360918515297253e-004
1.486909090909091e+000 3.224055850740621e-004
1.487090909090909e+000 3.122210438675744e-004
1.487272727272727e+000 3.124038563132703e-004
1.487454545454545e+000 3.234692503777105e-004
1.487636363636364e+000 3.381825440453967e-004
1.487818181818182e+000 3.457826201809067e-004
1.488000000000000e+000 3.398389826306824e-004
1.488181818181818e+000 3.241026268933909e-004
1.488363636363636e+000 3.108542712778725e-004
1.488545454545454e+000 3.114779118519389e-004
1.488727272727273e+000 3.261305510412411e-004
1.488909090909091e+000 3.420649600134070e-004
1.489090909090909e+000 3.441049448251615e-004
1.489272727272727e+000 3.293150135457197e-004
1.489454545454545e+000 3.115509698134310e-004
1.489636363636364e+000 3.090064255977070e-004
1.489818181818182e+000 3.250637274292783e-004
1.490000000000000e+000 3.427586568186180e-004
1.490181818181818e+000 3.418419482526514e-004
1.490363636363636e+000 3.222680108669176e-004
1.490545454545454e+000 3.065139586154751e-004
1.490727272727273e+000 3.140776925801104e-004
1.490909090909091e+000 3.362416066970007e-004
1.491090909090909e+000 3.445342540388457e-004
1.491272727272727e+000 3.269959465182463e-004
1.491454545454545e+000 3.063455808076830e-004
1.491636363636364e+000 3.113005779495605e-004
1.491818181818182e+000 3.355750763790475e-004
1.492000000000000e+000 3.438667936822660e-004
1.492181818181818e+000 3.227177781317757e-004
1.492363636363636e+000 3.034055343155773e-004
1.492545454545454e+000 3.163060698789783e-004
1.492727272727273e+000 3.415262544675229e-004
1.492909090909091e+000 3.375471002538363e-004
1.493090909090909e+000 3.096993477783904e-004
1.493272727272727e+000 3.048352811095776e-004
1.493454545454545e+000 3.320419035312336e-004
1.493636363636364e+000 3.432696476348427e-004
1.493818181818182e+000 3.170654229145755e-004
1.494000000000000e+000 3.007637343869647e-004
1.494181818181818e+000 3.253877815608018e-004
1.494363636363636e+000 3.441666260212892e-004
1.494545454545454e+000 3.194516075205226e-004
1.494727272727273e+000 2.992113528603574e-004
1.494909090909091e+000 3.246408696963703e-004
1.495090909090909e+000 3.437628165547014e-004
1.495272727272727e+000 3.154737885764562e-004
1.495454545454545e+000 2.989359502133624e-004
1.495636363636364e+000 3.302855823848402e-004
1.495818181818182e+000 3.406517821975393e-004
1.496000000000000e+000 3.055821692517573e-004
1.496181818181818e+000 3.039545150947050e-004
1.496363636363636e+000 3.399770994732889e-004
1.496545454545454e+000 3.288762023322915e-004
1.496727272727273e+000 2.956583529545506e-004
1.496909090909091e+000 3.202365186412740e-004
1.497090909090909e+000 3.427395597740706e-004
1.497272727272727e+000 3.062133332310203e-004
1.497454545454545e+000 3.015806639068054e-004
1.497636363636364e+000 3.409357825699448e-004
1.497818181818182e+000 3.220276376801879e-004
1.498000000000000e+000 2.930297317214762e-004
1.498181818181818e+000 3.307472944611433e-004
1.498363636363636e+000 3.337554731024827e-004
1.498545454545454e+000 2.925421407819484e-004
1.498727272727273e+000 3.200137705241786e-004
1.498909090909091e+000 3.396889313933316e-004
1.499090909090909e+000 2.949407435465874e-004
1.499272727272727e+000 3.124943119271172e-004
1.499454545454545e+000 3.417686524869047e-004
1.499636363636364e+000 2.963984517532932e-004
1.499818181818182e+000 3.090640807161465e-004
1.500000000000000e+000 3.419869261537058e-004
1.500181818181818e+000 2.951384979458549e-004
1.500363636363636e+000 3.098542790127321e-004
1.500545454545454e+000 3.407983941623127e-004
1.500727272727273e+000 2.910628487836258e-004
1.500909090909091e+000 3.152455455356355e-004
1.501090909090909e+000 3.367038226814722e-004
1.501272727272727e+000 2.859734562348532e-004
1.501454545454545e+000 3.252261553756136e-004
1.501636363636364e+000 3.267528373713808e-004
1.501818181818182e+000 2.843921224168582e-004
1.502000000000000e+000 3.370213492982864e-004
1.502181818181818e+000 3.090802287308290e-004
1.502363636363636e+000 2.929890353949118e-004
1.502545454545454e+000 3.423524272768536e-004
1.502727272727273e+000 2.884218700484709e-004
1.502909090909091e+000 3.148532034222404e-004
1.503090909090909e+000 3.296977064555250e-004
1.503272727272727e+000 2.803626407346932e-004
1.503454545454545e+000 3.383882173341786e-004
1.503636363636364e+000 2.986070667881793e-004
1.503818181818182e+000 3.009110312135108e-004
1.504000000000000e+000 3.360489824777430e-004
1.504181818181818e+000 2.770487062469908e-004
1.504363636363636e+000 3.356448540721858e-004
1.504545454545454e+000 2.981687745201630e-004
1.504727272727273e+000 3.003826662699422e-004
1.504909090909091e+000 3.328705740543915e-004
1.505090909090909e+000 2.749520077626154e-004
1.505272727272727e+000 3.399812346283664e-004
1.505454545454545e+000 2.846589780949205e-004
1.505636363636364e+000 3.149771943559280e-004
1.505818181818182e+000 3.154756505700689e-004
1.506000000000000e+000 2.834984765177361e-004
1.506181818181818e+000 3.386296043491634e-004
1.506363636363636e+000 2.701141133828321e-004
1.506545454545454e+000 3.383657262063269e-004
1.506727272727273e+000 2.802557617755251e-004
1.506909090909091e+000 3.184919810660974e-004
1.507090909090909e+000 3.035633258980445e-004
1.507272727272727e+000 2.926625052513198e-004
1.507454545454545e+000 3.260820985966552e-004
1.507636363636364e+000 2.728998691144639e-004
1.507818181818182e+000 3.390093322854766e-004
1.508000000000000e+000 2.643702407879720e-004
1.508181818181818e+000 3.405606257454004e-004
1.508363636363636e+000 2.661363195499122e-004
1.508545454545454e+000 3.335576723945492e-004
1.508727272727273e+000 2.743151289663647e-004
1.508909090909091e+000 3.222423762131149e-004
1.509090909090909e+000 2.848248401643127e-004
1.509272727272727e+000 3.102003973102891e-004
1.509454545454545e+000 2.947424713228591e-004
1.509636363636364e+000 2.996499078642942e-004
1.509818181818182e+000 3.025029712442167e-004
1.510000000000000e+000 2.916024897266262e-004
1.510181818181818e+000 3.075195458457021e-004
1.510363636363636e+000 2.863465099441186e-004
1.510545454545454e+000 3.096811849194807e-004
1.510727272727273e+000 2.839126202155600e-004
1.510909090909091e+000 3.089575188000048e-004
1.511090909090909e+000 2.843810247768804e-004
1.511272727272727e+000 3.051877199827590e-004
1.511454545454545e+000 2.879918890647569e-004
1.511636363636364e+000 2.980753539422718e-004
1.511818181818182e+000 2.950385791588128e-004
1.512000000000000e+000 2.874157802142688e-004
1.512181818181818e+000 3.055109917757745e-004
1.512363636363636e+000 2.735860233802708e-004
1.512545454545454e+000 3.184803536811693e-004
1.512727272727273e+000 2.582560431189687e-004
1.512909090909091e+000 3.313535100662826e-004
1.513090909090909e+000 2.450635825727081e-004
1.513272727272727e+000 3.394253143234402e-004
1.513454545454545e+000 2.396267276340059e-004
1.513636363636364e+000 3.365456555531510e-004
1.513818181818182e+000 2.479509050404908e-004
1.514000000000000e+000 3.178255860159392e-004
1.514181818181818e+000 2.725712843085440e-004
1.514363636363636e+000 2.844298619547171e-004
1.514545454545454e+000 3.074045319697232e-004
1.514727272727273e+000 2.480742595031477e-004
1.514909090909091e+000 3.353095272026344e-004
1.515090909090909e+000 2.297737619092678e-004
1.515272727272727e+000 3.345106119986303e-004
1.515454545454545e+000 2.474828520136493e-004
1.515636363636364e+000 2.962621455286840e-004
1.515818181818182e+000 2.957570141043124e-004
1.516000000000000e+000 2.430266369964667e-004
1.516181818181818e+000 3.362639789695169e-004
1.516363636363636e+000 2.225695444335346e-004
1.516545454545454e+000 3.234528791980967e-004
1.516727272727273e+000 2.634455190885194e-004
1.516909090909091e+000 2.593374986645882e-004
1.517090909090909e+000 3.264096121059700e-004
1.517272727272727e+000 2.148872948415905e-004
1.517454545454545e+000 3.284739739881719e-004
1.517636363636364e+000 2.548304532868760e-004
1.517818181818182e+000 2.538434316436185e-004
1.518000000000000e+000 3.292286528562805e-004
1.518181818181818e+000 2.084431156016196e-004
1.518363636363636e+000 3.157319756303785e-004
1.518545454545454e+000 2.735067770274348e-004
1.518727272727273e+000 2.235013417684900e-004
1.518909090909091e+000 3.387378333098783e-004
1.519090909090909e+000 2.191523141780366e-004
1.519272727272727e+000 2.691694278786917e-004
1.519454545454545e+000 3.191524693001171e-004
1.519636363636364e+000 1.953938186324614e-004
1.519818181818182e+000 3.093273980830735e-004
1.520000000000000e+000 2.819505807125348e-004
1.520181818181818e+000 1.974642565113599e-004
1.520363636363636e+000 3.308530830132995e-004
1.520545454545454e+000 2.476561013835717e-004
1.520727272727273e+000 2.094219503687179e-004
1.520909090909091e+000 3.376699408102646e-004
1.521090909090909e+000 2.239794918490558e-004
1.521272727272727e+000 2.188477547793641e-004
1.521454545454545e+000 3.381244083627487e-004
1.521636363636364e+000 2.111929108809409e-004
1.521818181818182e+000 2.193305528536200e-004
1.522000000000000e+000 3.379246642178805e-004
1.522181818181818e+000 2.086590727721615e-004
1.522363636363636e+000 2.083767139413594e-004
1.522545454545454e+000 3.377094926316057e-004
1.522727272727273e+000 2.182002386738107e-004
1.522909090909091e+000 1.865715541827282e-004
1.523090909090909e+000 3.319593400029375e-004
1.523272727272727e+000 2.435902291586473e-004
1.523454545454545e+000 1.602041665350342e-004
1.523636363636364e+000 3.090530240450021e-004
1.523818181818182e+000 2.848619021128392e-004
1.524000000000000e+000 1.459442019603940e-004
1.524181818181818e+000 2.569971296380266e-004
1.524363636363636e+000 3.269659428950078e-004
1.524545454545454e+000 1.695576969907402e-004
1.524727272727273e+000 1.810596221057150e-004
1.524909090909091e+000 3.319192568273310e-004
1.525090909090909e+000 2.438458625090434e-004
1.525272727272727e+000 1.262183757429200e-004
1.525454545454545e+000 2.611197305926863e-004
1.525636363636364e+000 3.255524478552852e-004
1.525818181818182e+000 1.622070084000596e-004
1.526000000000000e+000 1.444883557813789e-004
1.526181818181818e+000 3.117600365217293e-004
1.526363636363636e+000 2.845665415310081e-004
1.526545454545454e+000 1.167348139060581e-004
1.526727272727273e+000 1.707985189751384e-004
1.526909090909091e+000 3.294174909084879e-004
1.527090909090909e+000 2.528813648420208e-004
1.527272727272727e+000 9.416534963702187e-005
1.527454545454545e+000 1.750021776167180e-004
1.527636363636364e+000 3.311032388142222e-004
1.527818181818182e+000 2.488459301677208e-004
1.528000000000000e+000 8.212872023846118e-005
1.528181818181818e+000 1.463885188556839e-004
1.528363636363636e+000 3.191587507472594e-004
1.528545454545454e+000 2.773967919452698e-004
1.528727272727273e+000 9.061963143767508e-005
1.528909090909091e+000 8.681960925564092e-005
1.529090909090909e+000 2.706053133942327e-004
1.529272727272727e+000 3.239714673863026e-004
1.529454545454545e+000 1.515535023894115e-004
1.529636363636364e+000 3.185670273498036e-005
1.529818181818182e+000 1.550077256966889e-004
1.530000000000000e+000 3.238517935388339e-004
1.530181818181818e+000 2.725210460380009e-004
1.530363636363636e+000 7.299666659339934e-005
1.530545454545454e+000 1.655360387106765e-005
1.530727272727273e+000 1.821750389039854e-004
1.530909090909091e+000 3.318038106012882e-004
1.531090909090909e+000 2.531830821436466e-004
1.531272727272727e+000 4.733067139331376e-005
1.531454545454545e+000 -1.786923247127040e-005
1.531636363636364e+000 1.385078069843053e-004
1.531818181818182e+000 3.159210725178034e-004
1.532000000000000e+000 2.916990867704050e-004
1.532181818181818e+000 8.974561230379595e-005
1.532363636363636e+000 -5.866328755010195e-005
1.532545454545454e+000 1.147252761466949e-005
1.532727272727273e+000 2.187350534560334e-004
1.532909090909091e+000 3.354609007306298e-004
1.533090909090909e+000 2.345979258156230e-004
1.533272727272727e+000 1.439666706529685e-005
1.533454545454545e+000 -1.112998732350219e-004
1.533636363636364e+000 -2.576122319036339e-005
1.533818181818182e+000 1.868239613567484e-004
1.534000000000000e+000 3.294885649746255e-004
1.534181818181818e+000 2.726941115869842e-004
1.534363636363636e+000 6.075819015996337e-005
1.534545454545454e+000 -1.357551374958423e-004
1.534727272727273e+000 -1.646421506592772e-004
1.534909090909091e+000 -8.523661707965016e-006
1.535090909090909e+000 2.114064613665884e-004
1.535272727272727e+000 3.325881672962640e-004
1.535454545454545e+000 2.673211290489417e-004
1.535636363636364e+000 5.611410732407188e-005
1.535818181818182e+000 -1.683742166971956e-004
1.536000000000000e+000 -2.713004567232803e-004
1.536181818181818e+000 -1.966609687589772e-004
1.536363636363636e+000 7.015685936660321e-006
1.536545454545454e+000 2.224919871994525e-004
1.536727272727273e+000 3.321539435189099e-004
1.536909090909091e+000 2.779489052984309e-004
1.537090909090909e+000 8.412673639582077e-005
1.537272727272727e+000 -1.620463321300084e-004
1.537454545454545e+000 -3.555266836465593e-004
1.537636363636364e+000 -4.200852231893770e-004
1.537818181818182e+000 -3.362316797004947e-004
1.538000000000000e+000 -1.425616050389285e-004
1.538181818181818e+000 8.500852728767602e-005
1.538363636363636e+000 2.641766146877452e-004
1.538545454545454e+000 3.344063538796687e-004
1.538727272727273e+000 2.733295174922756e-004
1.538909090909091e+000 9.852219407449765e-005
1.539090909090909e+000 -1.427982694195026e-004
1.539272727272727e+000 -3.905033644360184e-004
1.539454545454545e+000 -5.885915650979446e-004
1.539636363636364e+000 -6.979191353794725e-004
1.539818181818182e+000 -7.023999755630833e-004
1.540000000000000e+000 -6.087424666880230e-004
1.540181818181818e+000 -4.413697493193389e-004
1.540363636363636e+000 -2.348453551157188e-004
1.540545454545454e+000 -2.602680718837702e-005
1.540727272727273e+000 1.524164064044657e-004
1.540909090909091e+000 2.762495072925079e-004
1.541090909090909e+000 3.315181803454672e-004
1.541272727272727e+000 3.143364345248600e-004
1.541454545454545e+000 2.292308377469550e-004
1.541636363636364e+000 8.671708153144126e-005
1.541818181818182e+000 -9.930012554887040e-005
1.542000000000000e+000 -3.138745021188305e-004
1.542181818181818e+000 -5.428632679274478e-004
1.542363636363636e+000 -7.741781991096421e-004
1.542545454545454e+000 -9.984676368700396e-004
1.542727272727273e+000 -1.209325315123637e-003
1.542909090909091e+000 -1.403152720580043e-003
1.543090909090909e+000 -1.578802922971484e-003
1.543272727272727e+000 -1.737116607402615e-003
1.543454545454545e+000 -1.880435092115481e-003
1.543636363636364e+000 -2.012147483448431e-003
1.543818181818182e+000 -2.136304226637771e-003
1.544000000000000e+000 -2.257309279137677e-003
1.544181818181818e+000 -2.379688481656636e-003
1.544363636363636e+000 -2.507921921020086e-003
1.544545454545454e+000 -2.646322197635151e-003
1.544727272727273e+000 -2.798937428795834e-003
1.544909090909091e+000 -2.969456605195106e-003
1.545090909090909e+000 -3.161094912800556e-003
1.545272727272727e+000 -3.376437548451182e-003
1.545454545454545e+000 -3.617222503934128e-003
1.545636363636364e+000 -3.884046268936007e-003
1.545818181818182e+000 -4.175982295068384e-003
1.546000000000000e+000 -4.490111543808615e-003
1.546181818181818e+000 -4.820978864413860e-003
1.546363636363636e+000 -5.160009576084739e-003
1.546545454545454e+000 -5.494948238325650e-003
1.546727272727273e+000 -5.809415894500946e-003
1.546909090909091e+000 -6.082720931647404e-003
1.547090909090909e+000 -6.290097270766560e-003
1.547272727272727e+000 -6.403573464585425e-003
1.547454545454545e+000 -6.393684944187110e-003
1.547636363636364e+000 -6.232212789125305e-003
1.547818181818182e+000 -5.896047316745302e-003
1.548000000000000e+000 -5.372115570168567e-003
1.548181818181818e+000 -4.663066406504944e-003
1.548363636363636e+000 -3.793074869673765e-003
1.548545454545454e+000 -2.812724551290504e-003
1.548727272727273e+000 -1.801481008477962e-003
1.548909090909091e+000 -8.657994359747701e-004
1.549090909090909e+000 -1.303628419205133e-004
1.549272727272727e+000 2.809293122343364e-004
1.549454545454545e+000 2.794412837404614e-004
1.549636363636364e+000 -1.293345226752460e-004
1.549818181818182e+000 -7.499498343149010e-004
1.550000000000000e+000 -1.074871438316813e-003
1.550181818181818e+000 -3.874268717958377e-004
1.550363636363636e+000 2.957991383212254e-005
1.550545454545454e+000 -1.843311819528766e-002
1.550727272727273e+000 -1.556652107484786e-001
1.550909090909091e+000 -3.804004147391544e-001
1.551090909090909e+000 -9.290913882058470e-001
1.551272727272727e+000 -4.921523013744745e+000
1.551454545454545e+000 -1.000000000000000e+002
1.551636363636364e+000 -1.000000000000000e+002
1.551818181818182e+000 -2.115328076721924e-003
1.552000000000000e+000 -2.833473534449411e-001
1.552181818181818e+000 -2.141997738555457e-001
1.552363636363636e+000 -1.551045093372393e-002
1.552545454545455e+000 3.056960251667633e-004
1.552727272727273e+000 -9.357588235360442e-004
1.552909090909091e+000 -2.136537117046500e-004
1.553090909090909e+000 2.948531558165158e-004
1.553272727272727e+000 -1.512012238113226e-003
1.553454545454545e+000 -6.038231448599545e-003
1.553636363636364e+000 -1.220099702930677e-002
1.553818181818182e+000 -1.792051668092426e-002
1.554000000000000e+000 -2.094128506487079e-002
1.554181818181818e+000 -1.984754457052100e-002
1.554363636363636e+000 -1.486484793364297e-002
1.554545454545455e+000 -7.975810134231810e-003
1.554727272727273e+000 -2.112529253077493e-003
1.554909090909091e+000 3.176275919596136e-004
1.555090909090909e+000 -1.200291772579424e-003
1.555272727272727e+000 -4.935514722691179e-003
1.555454545454545e+000 -7.961714375504645e-003
1.555636363636364e+000 -8.055948033751996e-003
1.555818181818182e+000 -5.193373891116475e-003
1.556000000000000e+000 -1.518834540237402e-003
1.556181818181818e+000 3.119455868253976e-004
1.556363636363636e+000 -7.593916278464503e-004
1.556545454545455e+000 -3.355345423510936e-003
1.556727272727273e+000 -4.899467318352337e-003
1.556909090909091e+000 -3.928803871004007e-003
1.557090909090909e+000 -1.404058827355433e-003
1.557272727272727e+000 2.668932796943292e-004
1.557454545454545e+000 -3.618658416760557e-004
1.557636363636364e+000 -2.322122104329151e-003
1.557818181818182e+000 -3.307677365809751e-003
1.558000000000000e+000 -2.201304893250871e-003
1.558181818181818e+000 -2.882034628337297e-004
1.558363636363636e+000 2.723279084748380e-004
1.558545454545455e+000 -9.861274090003211e-004
1.558727272727273e+000 -2.308011780955678e-003
1.558909090909091e+000 -1.947517441486986e-003
1.559090909090909e+000 -3.926084307161924e-004
1.559272727272727e+000 3.196267980676135e-004
1.559454545454545e+000 -6.361157642410319e-004
1.559636363636364e+000 -1.763920424568676e-003
1.559818181818182e+000 -1.393407196438127e-003
1.560000000000000e+000 -8.058222655962338e-005
1.560181818181818e+000 2.508968816702369e-004
1.560363636363636e+000 -7.776772349437026e-004
1.560545454545455e+000 -1.447461211023252e-003
1.560727272727273e+000 -6.706332009495891e-004
1.560909090909091e+000 2.846748877696165e-004
1.561090909090909e+000 -9.777210749513142e-005
1.561272727272727e+000 -1.057798634864447e-003
1.561454545454545e+000 -8.865291289689724e-004
1.561636363636364e+000 1.083049382592203e-004
1.561818181818182e+000 1.783386696438301e-004
1.562000000000000e+000 -7.105574125273623e-004
1.562181818181818e+000 -8.453048172851704e-004
1.562363636363636e+000 2.798148073637784e-005
1.562545454545455e+000 2.503109849344272e-004
1.562727272727273e+000 -5.351166308732840e-004
1.562909090909091e+000 -7.090172979870812e-004
1.563090909090909e+000 8.061108605625558e-005
1.563272727272727e+000 2.315419064890648e-004
1.563454545454545e+000 -5.015616804274035e-004
1.563636363636364e+000 -5.206960945558519e-004
1.563818181818182e+000 2.136124243482821e-004
1.564000000000000e+000 1.250314317844401e-004
1.564181818181818e+000 -5.267546674682772e-004
1.564363636363636e+000 -2.504359007236135e-004
1.564545454545455e+000 3.232125719982881e-004
1.564727272727273e+000 -9.185419746157740e-005
1.564909090909091e+000 -4.717603371392457e-004
1.565090909090909e+000 9.252837317117276e-005
1.565272727272727e+000 2.540634445100503e-004
1.565454545454545e+000 -3.312171627679578e-004
1.565636363636364e+000 -1.908929634513424e-004
1.565818181818182e+000 3.234763710922571e-004
1.566000000000000e+000 -5.717917037931041e-005
1.566181818181818e+000 -3.172646027856678e-004
1.566363636363636e+000 2.202469575320573e-004
1.566545454545455e+000 1.616114790594672e-004
1.566727272727273e+000 -2.953067213350124e-004
1.566909090909091e+000 8.689692767261606e-005
1.567090909090909e+000 2.771087618398954e-004
1.567272727272727e+000 -2.085683286498932e-004
1.567454545454545e+000 -5.221200850632510e-006
1.567636363636364e+000 3.188754308026964e-004
1.567818181818182e+000 -1.216536500178166e-004
1.568000000000000e+000 -4.501165062233299e-005
1.568181818181818e+000 3.275618116711608e-004
1.568363636363636e+000 -6.297219036303297e-005
1.568545454545455e+000 -4.391363170404172e-005
1.568727272727273e+000 3.280033701470391e-004
1.568909090909091e+000 -3.785084067069345e-005
1.569090909090909e+000 -1.273300069041380e-005
1.569272727272727e+000 3.267004225007175e-004
1.569454545454545e+000 -4.086024166597382e-005
1.569636363636364e+000 4.467667981083227e-005
1.569818181818182e+000 3.160183328076932e-004
1.570000000000000e+000 -5.914811204477671e-005
1.570181818181818e+000 1.271530616402212e-004
1.570363636363636e+000 2.796371104940929e-004
1.570545454545455e+000 -6.970515553274484e-005
1.570727272727273e+000 2.251079903292173e-004
1.570909090909091e+000 2.029349652751795e-004
1.571090909090909e+000 -3.928107376309191e-005
1.571272727272727e+000 3.073609760453613e-004
1.571454545454545e+000 9.325361462696745e-005
1.571636363636364e+000 5.974437928672264e-005
1.571818181818182e+000 3.208998750330846e-004
1.572000000000000e+000 2.091331706506194e-006
1.572181818181818e+000 2.107185330597111e-004
1.572363636363636e+000 2.279983122298894e-004
1.572545454545455e+000 1.367804577688834e-005
1.572727272727273e+000 3.210181375849340e-004
1.572909090909091e+000 7.856820468565200e-005
1.573090909090909e+000 1.594420532896471e-004
1.573272727272727e+000 2.765472767195382e-004
1.573454545454545e+000 2.789160424245586e-005
1.573636363636364e+000 3.128590617554931e-004
1.573818181818182e+000 1.087874260466453e-004
1.574000000000000e+000 1.713375956345781e-004
1.574181818181818e+000 2.728842884999526e-004
1.574363636363636e+000 5.628953238025652e-005
1.574545454545455e+000 3.235931106276604e-004
1.574727272727273e+000 9.365185086997882e-005
1.574909090909091e+000 2.324806417546325e-004
1.575090909090909e+000 2.235174463124957e-004
1.575272727272727e+000 1.146235971794114e-004
1.575454545454545e+000 3.170371090456453e-004
1.575636363636364e+000 7.711444430706898e-005
1.575818181818182e+000 3.105917862723928e-004
1.576000000000000e+000 1.342690451658813e-004
1.576181818181818e+000 2.321140685191584e-004
1.576363636363636e+000 2.306883513557487e-004
1.576545454545455e+000 1.476680366075097e-004
1.576727272727273e+000 3.043488218992779e-004
1.576909090909091e+000 1.052488909039922e-004
1.577090909090909e+000 3.260669406989016e-004
1.577272727272727e+000 1.151089551411000e-004
1.577454545454545e+000 3.014710251216910e-004
1.577636363636364e+000 1.605257301900259e-004
1.577818181818182e+000 2.533113548320241e-004
1.578000000000000e+000 2.172510639910698e-004
1.578181818181818e+000 2.039837663222202e-004
1.578363636363636e+000 2.668915429103635e-004
1.578545454545455e+000 1.669412659720854e-004
1.578727272727273e+000 3.010201253356824e-004
1.578909090909091e+000 1.461571925910330e-004
1.579090909090909e+000 3.192593193308949e-004
1.579272727272727e+000 1.394239601047982e-004
1.579454545454545e+000 3.254818753283569e-004
1.579636363636364e+000 1.420270149491882e-004
1.579818181818182e+000 3.246426523307273e-004
1.580000000000000e+000 1.492318767701332e-004
1.580181818181818e+000 3.209978643067956e-004
1.580363636363636e+000 1.574273887256219e-004
1.580545454545455e+000 3.174808264858894e-004
1.580727272727273e+000 1.643644159971428e-004
1.580909090909091e+000 3.157216892828484e-004
1.581090909090909e+000 1.689862751797274e-004
1.581272727272727e+000 3.162819227197378e-004
1.581454545454545e+000 1.711906403241864e-004
1.581636363636364e+000 3.188567566137089e-004
1.581818181818182e+000 1.716834202542691e-004
1.582000000000000e+000 3.223605640033965e-004
1.582181818181818e+000 1.719448048828131e-004
1.582363636363636e+000 3.249313870007264e-004
1.582545454545455e+000 1.742204600785686e-004
1.582727272727273e+000 3.239890185350238e-004
1.582909090909091e+000 1.813593297291680e-004
1.583090909090909e+000 3.165634961433280e-004
1.583272727272727e+000 1.962550753929131e-004
1.583454545454545e+000 3.001406070527112e-004
1.583636363636364e+000 2.206777807780372e-004
1.583818181818182e+000 2.741507050926413e-004
1.584000000000000e+000 2.535273050860670e-004
1.584181818181818e+000 2.418287634292128e-004
1.584363636363636e+000 2.891038068694712e-004
1.584545454545455e+000 2.114636111005073e-004
1.584727272727273e+000 3.167765260359468e-004
1.584909090909091e+000 1.953305344719145e-004
1.585090909090909e+000 3.238833132102734e-004
1.585272727272727e+000 2.046992227181370e-004
1.585454545454545e+000 3.027449619868693e-004
1.585636363636364e+000 2.413614752198125e-004
1.585818181818182e+000 2.594282551028975e-004
1.586000000000000e+000 2.903605620734973e-004
1.586181818181818e+000 2.173011652751815e-004
1.586363636363636e+000 3.224117832366117e-004
1.586545454545455e+000 2.069624895939288e-004
1.586727272727273e+000 3.119165647294320e-004
1.586909090909091e+000 2.421025839350347e-004
1.587090909090909e+000 2.628887251537681e-004
1.587272727272727e+000 2.984000936320947e-004
1.587454545454546e+000 2.175715524021409e-004
1.587636363636364e+000 3.239384391936369e-004
1.587818181818182e+000 2.243441817895707e-004
1.588000000000000e+000 2.891090951650460e-004
1.588181818181818e+000 2.815416247572397e-004
1.588363636363636e+000 2.313365148040466e-004
1.588545454545455e+000 3.234104783015088e-004
1.588727272727273e+000 2.251386295075214e-004
1.588909090909091e+000 2.935713943141608e-004
1.589090909090909e+000 2.840242672468526e-004
1.589272727272727e+000 2.326469673847608e-004
1.589454545454546e+000 3.237063151333576e-004
1.589636363636364e+000 2.364056592853745e-004
1.589818181818182e+000 2.799930165699031e-004
1.590000000000000e+000 3.028908144782359e-004
1.590181818181818e+000 2.273286535011405e-004
1.590363636363636e+000 3.161496689436607e-004
1.590545454545455e+000 2.649202504583486e-004
1.590727272727273e+000 2.508297725412748e-004
1.590909090909091e+000 3.225383746402814e-004
1.591090909090909e+000 2.394595216920422e-004
1.591272727272727e+000 2.819879130288130e-004
1.591454545454546e+000 3.089321671624692e-004
1.591636363636364e+000 2.330052422863956e-004
1.591818181818182e+000 3.049795469396798e-004
1.592000000000000e+000 2.904967301790947e-004
1.592181818181818e+000 2.385507947843593e-004
1.592363636363636e+000 3.169652395856980e-004
1.592545454545455e+000 2.760904538104276e-004
1.592727272727273e+000 2.475145078922468e-004
1.592909090909091e+000 3.214439650374348e-004
1.593090909090909e+000 2.681282224099377e-004
1.593272727272727e+000 2.545620416643468e-004
1.593454545454546e+000 3.224934181327435e-004
1.593636363636364e+000 2.660827742600016e-004
1.593818181818182e+000 2.575535456697875e-004
1.594000000000000e+000 3.223822413937388e-004
1.594181818181818e+000 2.691395713455180e-004
1.594363636363636e+000 2.563373176265970e-004
1.594545454545455e+000 3.211687289947267e-004
1.594727272727273e+000 2.771251924570292e-004
1.594909090909091e+000 2.522176977432197e-004
1.595090909090909e+000 3.169812486176993e-004
1.595272727272727e+000 2.899701453259558e-004
1.595454545454546e+000 2.483212939013256e-004
1.595636363636364e+000 3.068763020651617e-004
1.595818181818182e+000 3.059505427655806e-004
1.596000000000000e+000 2.499838755481218e-004
1.596181818181818e+000 2.890994478671938e-004
1.596363636363636e+000 3.194142653572345e-004
1.596545454545455e+000 2.631874099951508e-004
1.596727272727273e+000 2.671951240782804e-004
1.596909090909091e+000 3.205518084531058e-004
1.597090909090909e+000 2.889369001080226e-004
1.597272727272727e+000 2.533117866654624e-004
1.597454545454546e+000 3.016692670699833e-004
1.597636363636364e+000 3.154566643800091e-004
1.597818181818182e+000 2.630736427025278e-004
1.598000000000000e+000 2.705454699746137e-004
1.598181818181818e+000 3.194665388227591e-004
1.598363636363636e+000 2.964726098014239e-004
1.598545454545455e+000 2.562738089568152e-004
1.598727272727273e+000 2.901921915010665e-004
1.598909090909091e+000 3.214893445605166e-004
1.599090909090909e+000 2.821544526116789e-004
1.599272727272727e+000 2.595435802159035e-004
1.599454545454546e+000 3.018458546240240e-004
1.599636363636364e+000 3.187577353711773e-004
1.599818181818182e+000 2.763416208750848e-004
1.600000000000000e+000 2.633863236824266e-004
1.600181818181818e+000 3.055490033251776e-004
1.600363636363636e+000 3.178959863526485e-004
1.600545454545455e+000 2.775190346968112e-004
1.600727272727273e+000 2.641665581721093e-004
1.600909090909091e+000 3.027256297491483e-004
1.601090909090909e+000 3.198932096185448e-004
1.601272727272727e+000 2.850740578794112e-004
1.601454545454546e+000 2.632670875674270e-004
1.601636363636364e+000 2.932355076189693e-004
1.601818181818182e+000 3.210985946172440e-004
1.602000000000000e+000 2.991814823600399e-004
1.602181818181818e+000 2.665567287052981e-004
1.602363636363636e+000 2.782309999350325e-004
1.602545454545455e+000 3.138703672661096e-004
1.602727272727273e+000 3.155671142018697e-004
1.602909090909091e+000 2.820579868562587e-004
1.603090909090909e+000 2.668386667441593e-004
1.603272727272727e+000 2.927055590966272e-004
1.603454545454546e+000 3.197281210148929e-004
1.603636363636364e+000 3.084158967593478e-004
1.603818181818182e+000 2.766759814129330e-004
1.604000000000000e+000 2.703045904589161e-004
1.604181818181818e+000 2.973820240078614e-004
1.604363636363636e+000 3.200887636249138e-004
1.604545454545455e+000 3.085835866828926e-004
1.604727272727273e+000 2.793650170438121e-004
1.604909090909091e+000 2.705806327921314e-004
1.605090909090909e+000 2.925614705849172e-004
1.605272727272727e+000 3.173746146636688e-004
1.605454545454546e+000 3.154005255274710e-004
1.605636363636364e+000 2.902075163048941e-004
1.605818181818182e+000 2.717106109172673e-004
1.606000000000000e+000 2.804315908838404e-004
1.606181818181818e+000 3.058273473004575e-004
1.606363636363636e+000 3.202477073928533e-004
1.606545454545455e+000 3.093058539681672e-004
1.606727272727273e+000 2.853632574184053e-004
1.606909090909091e+000 2.728303623933546e-004
1.607090909090909e+000 2.833972239563844e-004
1.607272727272727e+000 3.061628042715211e-004
1.607454545454546e+000 3.197983435398338e-004
1.607636363636364e+000 3.126755717997958e-004
1.607818181818182e+000 2.920841727018396e-004
1.608000000000000e+000 2.761776468667774e-004
1.608181818181818e+000 2.778816740804147e-004
1.608363636363636e+000 2.950335908484963e-004
1.608545454545455e+000 3.136222664245401e-004
1.608727272727273e+000 3.196552967869148e-004
1.608909090909091e+000 3.094643002723760e-004
1.609090909090909e+000 2.912156700243490e-004
1.609272727272727e+000 2.779549494935819e-004
1.609454545454546e+000 2.782986809592568e-004
1.609636363636364e+000 2.913257414650079e-004
1.609818181818182e+000 3.082529465683822e-004
1.610000000000000e+000 3.187095623370335e-004
1.610181818181818e+000 3.170428013530973e-004
1.610363636363636e+000 3.049708904173349e-004
1.610545454545455e+000 2.897316749892143e-004
1.610727272727273e+000 2.795457103324183e-004
1.610909090909091e+000 2.792763640426631e-004
1.611090909090909e+000 2.884607267093013e-004
1.611272727272727e+000 3.022322067015799e-004
1.611454545454546e+000 3.141424506341627e-004
1.611636363636364e+000 3.192210074275670e-004
1.611818181818182e+000 3.158761330959035e-004
1.612000000000000e+000 3.060628611668558e-004
1.612181818181818e+000 2.940052799706814e-004
1.612363636363636e+000 2.842782495826683e-004
1.612545454545455e+000 2.801115000640660e-004
1.612727272727273e+000 2.824858053454041e-004
1.612909090909091e+000 2.901633007987100e-004
1.613090909090909e+000 3.004324471643746e-004
1.613272727272727e+000 3.101640320185907e-004
1.613454545454546e+000 3.167785212363022e-004
1.613636363636364e+000 3.188577516764496e-004
1.613818181818182e+000 3.163117438607157e-004
1.614000000000000e+000 3.101637545512503e-004
1.614181818181818e+000 3.021050824255969e-004
1.614363636363636e+000 2.939901377044805e-004
1.614545454545455e+000 2.874091885783468e-004
1.614727272727273e+000 2.834174376632519e-004
1.614909090909091e+000 2.824389826654537e-004
1.615090909090909e+000 2.843187716451167e-004
1.615272727272727e+000 2.884712154229001e-004
1.615454545454546e+000 2.940693055137130e-004
1.615636363636364e+000 3.002271596636693e-004
1.615818181818182e+000 3.061449171461436e-004
1.616000000000000e+000 3.112018489673080e-004
1.616181818181818e+000 3.149975048227280e-004
1.616363636363636e+000 3.173498991194363e-004
1.616545454545455e+000 3.182640674708448e-004
1.616727272727273e+000 3.178847576834537e-004
1.616909090909091e+000 3.164449248683346e-004
1.617090909090909e+000 3.142184062937123e-004
1.617272727272727e+000 3.114816905035004e-004
1.617454545454546e+000 3.084867197994074e-004
1.617636363636364e+000 3.054444853931713e-004
1.617818181818182e+000 3.025178289072735e-004
1.618000000000000e+000 2.998212457979975e-004
1.618181818181818e+000 2.974253990520047e-004
1.618363636363636e+000 2.953643074547467e-004
1.618545454545455e+000 2.936435942629308e-004
1.618727272727273e+000 2.922486481760276e-004
1.618909090909091e+000 2.911519792746908e-004
1.619090909090909e+000 2.903194017908828e-004
1.619272727272727e+000 2.897149342221082e-004
1.619454545454545e+000 2.893044760307428e-004
1.619636363636364e+000 2.890584157560027e-004
1.619818181818182e+000 2.889533605783554e-004
1.620000000000000e+000 2.889731760938306e-004
1.620181818181818e+000 2.891094928937541e-004
1.620363636363636e+000 2.893617924413604e-004
1.620545454545455e+000 2.897371307225322e-004
1.620727272727273e+000 2.902495047294716e-004
1.620909090909091e+000 2.909188165689367e-004
1.621090909090909e+000 2.917693463510053e-004
1.621272727272727e+000 2.928276175198826e-004
1.621454545454546e+000 2.941195309002639e-004
1.621636363636364e+000 2.956666626601244e-004
1.621818181818182e+000 2.974816866852259e-004
1.622000000000000e+000 2.995629894031550e-004
1.622181818181818e+000 3.018887177632892e-004
1.622363636363636e+000 3.044107299082011e-004
1.622545454545455e+000 3.070492012294789e-004
1.622727272727273e+000 3.096889463110818e-004
1.622909090909091e+000 3.121788022030591e-004
1.623090909090909e+000 3.143356028535818e-004
1.623272727272727e+000 3.159542570129466e-004
1.623454545454545e+000 3.168250965882091e-004
1.623636363636364e+000 3.167588777496701e-004
1.623818181818182e+000 3.156185051993041e-004
1.624000000000000e+000 3.133547257585324e-004
1.624181818181818e+000 3.100408534761616e-004
1.624363636363636e+000 3.058993976218892e-004
1.624545454545455e+000 3.013118534086640e-004
1.624727272727273e+000 2.968026484395688e-004
1.624909090909091e+000 2.929901562303972e-004
1.625090909090909e+000 2.905024664290475e-004
1.625272727272727e+000 2.898634002587709e-004
1.625454545454545e+000 2.913643648051577e-004
1.625636363636364e+000 2.949481366280274e-004
1.625818181818182e+000 3.001384074455239e-004
1.626000000000000e+000 3.060499285703673e-004
1.626181818181818e+000 3.115045773151195e-004
1.626363636363636e+000 3.152566277399802e-004
1.626545454545455e+000 3.162976111146202e-004
1.626727272727273e+000 3.141741517953718e-004
1.626909090909091e+000 3.092230582364604e-004
1.627090909090909e+000 3.026216905300310e-004
1.627272727272727e+000 2.961812422088919e-004
1.627454545454545e+000 2.918801443900435e-004
1.627636363636364e+000 2.912327590417166e-004
1.627818181818182e+000 2.946848320133273e-004
1.628000000000000e+000 3.012782788392344e-004
1.628181818181818e+000 3.087915125226216e-004
1.628363636363636e+000 3.144189954153787e-004
1.628545454545455e+000 3.158313802168352e-004
1.628727272727273e+000 3.122348110149628e-004
1.628909090909091e+000 3.049385799291323e-004
1.629090909090909e+000 2.970447689857032e-004
1.629272727272727e+000 2.922141520843137e-004
1.629454545454545e+000 2.929352815594764e-004
1.629636363636364e+000 2.991046058999016e-004
1.629818181818182e+000 3.077588569952614e-004
1.630000000000000e+000 3.143485952383002e-004
1.630181818181818e+000 3.151230457701887e-004
1.630363636363636e+000 3.094143352868330e-004
1.630545454545455e+000 3.003885090692236e-004
1.630727272727273e+000 2.934955093769939e-004
1.630909090909091e+000 2.932120390545172e-004
1.631090909090909e+000 2.999721733011498e-004
1.631272727272727e+000 3.094551167819175e-004
1.631454545454545e+000 3.151469743898049e-004
1.631636363636364e+000 3.128432474565928e-004
1.631818181818182e+000 3.040046563866421e-004
1.632000000000000e+000 2.951702308301824e-004
1.632181818181818e+000 2.932714263087069e-004
1.632363636363636e+000 3.000545205936120e-004
1.632545454545455e+000 3.101712020806369e-004
1.632727272727273e+000 3.151333281849661e-004
1.632909090909091e+000 3.104856766386994e-004
1.633090909090909e+000 3.001441583790410e-004
1.633272727272727e+000 2.934645700017739e-004
1.633454545454546e+000 2.968360387269304e-004
1.633636363636364e+000 3.072669115872774e-004
1.633818181818182e+000 3.146362361670535e-004
1.634000000000000e+000 3.114329313606567e-004
1.634181818181818e+000 3.007471169460058e-004
1.634363636363636e+000 2.937456914064047e-004
1.634545454545455e+000 2.981052219035832e-004
1.634727272727273e+000 3.092447890689236e-004
1.634909090909091e+000 3.147007220009307e-004
1.635090909090909e+000 3.080618220483201e-004
1.635272727272727e+000 2.969554633137939e-004
1.635454545454545e+000 2.947132126411333e-004
1.635636363636364e+000 3.042685671168127e-004
1.635818181818182e+000 3.138283513407413e-004
1.636000000000000e+000 3.111454841407814e-004
1.636181818181818e+000 2.995393547355539e-004
1.636363636363636e+000 2.943553140652400e-004
1.636545454545455e+000 3.027498389615905e-004
1.636727272727273e+000 3.133117222747693e-004
1.636909090909091e+000 3.111824094182760e-004
1.637090909090909e+000 2.992544179013830e-004
1.637272727272727e+000 2.948557377196202e-004
1.637454545454546e+000 3.046460619399483e-004
1.637636363636364e+000 3.139793373619750e-004
1.637818181818182e+000 3.084705124265927e-004
1.638000000000000e+000 2.965932522163411e-004
1.638181818181818e+000 2.972251569940951e-004
1.638363636363636e+000 3.094884053535938e-004
1.638545454545455e+000 3.133072718697121e-004
1.638727272727273e+000 3.022105827058969e-004
1.638909090909091e+000 2.949395264927238e-004
1.639090909090909e+000 3.041021435290593e-004
1.639272727272727e+000 3.137757020573034e-004
1.639454545454545e+000 3.067387238349676e-004
1.639636363636364e+000 2.955879589994810e-004
1.639818181818182e+000 3.007629047071784e-004
1.640000000000000e+000 3.127549695949397e-004
1.640181818181818e+000 3.089656391421186e-004
1.640363636363636e+000 2.965561899754732e-004
1.640545454545455e+000 2.995873207616971e-004
1.640727272727273e+000 3.121856390546613e-004
1.640909090909091e+000 3.092561476085112e-004
1.641090909090909e+000 2.966505652561321e-004
1.641272727272727e+000 3.001714670622046e-004
1.641454545454546e+000 3.125820566123946e-004
1.641636363636364e+000 3.078120828966337e-004
1.641818181818182e+000 2.959628339383802e-004
1.642000000000000e+000 3.025761670308779e-004
1.642181818181818e+000 3.132678760831658e-004
1.642363636363636e+000 3.044150483383402e-004
1.642545454545455e+000 2.957780216718503e-004
1.642727272727273e+000 3.069107500723699e-004
1.642909090909091e+000 3.123519026756148e-004
1.643090909090909e+000 2.994884605954529e-004
1.643272727272727e+000 2.984384843025286e-004
1.643454545454545e+000 3.116977151204859e-004
1.643636363636364e+000 3.075109837110736e-004
1.643818181818182e+000 2.960125567674197e-004
1.644000000000000e+000 3.053424721241057e-004
1.644181818181818e+000 3.124115753083268e-004
1.644363636363636e+000 2.995531806987055e-004
1.644545454545455e+000 2.992504375890610e-004
1.644727272727273e+000 3.122518550277288e-004
1.644909090909091e+000 3.050414131129175e-004
1.645090909090909e+000 2.964118208988080e-004
1.645272727272727e+000 3.090229275428513e-004
1.645454545454545e+000 3.093743045256411e-004
1.645636363636364e+000 2.965576048635475e-004
1.645818181818182e+000 3.052270621468369e-004
1.646000000000000e+000 3.116644939625755e-004
1.646181818181818e+000 2.981681453879025e-004
1.646363636363636e+000 3.022604718012091e-004
1.646545454545455e+000 3.123953394100478e-004
1.646727272727273e+000 2.999266127899982e-004
1.646909090909091e+000 3.004563171134892e-004
1.647090909090909e+000 3.123776071836916e-004
1.647272727272727e+000 3.011154727678796e-004
1.647454545454545e+000 2.996558739626783e-004
1.647636363636364e+000 3.122101143746884e-004
1.647818181818182e+000 3.014689435965933e-004
1.648000000000000e+000 2.996604825079819e-004
1.648181818181818e+000 3.121400301540237e-004
1.648363636363636e+000 3.009572107137409e-004
1.648545454545455e+000 3.004337424365673e-004
1.648727272727273e+000 3.120678932232804e-004
1.648909090909091e+000 2.997087488769217e-004
1.649090909090909e+000 3.021003589623342e-004
1.649272727272727e+000 3.115705059978146e-004
1.649454545454545e+000 2.981015343399317e-004
1.649636363636364e+000 3.047611148045766e-004
1.649818181818182e+000 3.099866512410564e-004
1.650000000000000e+000 2.969384246042193e-004
