1.500000000000000e+000 -7.630108743095530e-006
1.500272727272727e+000 -1.474570005762316e-007
1.500545454545455e+000 -5.624508113463605e-006
1.500818181818182e+000 -1.445311628471452e-005
1.501090909090909e+000 -9.968161803521973e-006
1.501363636363637e+000 -5.142830709249146e-007
1.501636363636364e+000 -5.090356112489784e-006
1.501909090909091e+000 -1.431852889164821e-005
1.502181818181818e+000 -8.172989768265635e-006
1.502454545454546e+000 -6.594291759830197e-008
1.502727272727273e+000 -8.604395069510529e-006
1.503000000000000e+000 -1.360741743836200e-005
1.503272727272727e+000 -2.710909122597252e-006
1.503545454545455e+000 -3.076258348522681e-006
1.503818181818182e+000 -1.372957104945800e-005
1.504090909090909e+000 -6.437491058486118e-006
1.504363636363636e+000 -8.383531293630297e-007
1.504636363636364e+000 -1.234895492002457e-005
1.504909090909091e+000 -8.184552856506484e-006
1.505181818181818e+000 -3.962732755752321e-007
1.505454545454545e+000 -1.191522687085559e-005
1.505727272727273e+000 -7.731241162294705e-006
1.506000000000000e+000 -7.912129482159656e-007
1.506272727272727e+000 -1.270104466503720e-005
1.506545454545455e+000 -5.179370225879516e-006
1.506818181818182e+000 -2.807513385641063e-006
1.507090909090909e+000 -1.311660739656932e-005
1.507363636363637e+000 -1.397378133227524e-006
1.507636363636364e+000 -7.676515911099554e-006
1.507909090909091e+000 -9.819863924582288e-006
1.508181818181818e+000 -4.749032379385262e-007
1.508454545454546e+000 -1.259928678459354e-005
1.508727272727273e+000 -2.392707766760409e-006
1.509000000000000e+000 -7.138146968884468e-006
1.509272727272727e+000 -8.902779946042891e-006
1.509545454545455e+000 -1.371386415799406e-006
1.509818181818182e+000 -1.241781466214070e-005
1.510090909090909e+000 -2.306281710254195e-007
1.510363636363636e+000 -1.125127097667248e-005
1.510636363636364e+000 -2.788413034191808e-006
1.510909090909091e+000 -7.805559729068859e-006
1.511181818181818e+000 -6.252119716663975e-006
1.511454545454545e+000 -4.519293563680770e-006
1.511727272727273e+000 -8.890443350851765e-006
1.512000000000000e+000 -2.368908309988689e-006
1.512272727272727e+000 -1.035010880774807e-005
1.512545454545455e+000 -1.284340158738964e-006
1.512818181818182e+000 -1.092902578212854e-005
1.513090909090909e+000 -8.954518987025803e-007
1.513363636363637e+000 -1.096216852198586e-005
1.513636363636364e+000 -9.670324336854303e-007
1.513909090909091e+000 -1.055259399146460e-005
1.514181818181818e+000 -1.536935038020691e-006
1.514454545454546e+000 -9.531950746047292e-006
1.514727272727273e+000 -2.872933897491764e-006
1.515000000000000e+000 -7.590386509219250e-006
1.515272727272727e+000 -5.235395946911821e-006
1.515545454545455e+000 -4.647113956616333e-006
1.515818181818182e+000 -8.363007402115511e-006
1.516090909090909e+000 -1.473477304370095e-006
1.516363636363636e+000 -1.085669519448432e-005
1.516636363636364e+000 -7.750879285795874e-008
1.516909090909091e+000 -1.035497437793797e-005
1.517181818181818e+000 -2.608490280364272e-006
1.517454545454545e+000 -5.772957770942693e-006
1.517727272727273e+000 -8.145732436117612e-006
1.518000000000000e+000 -6.561980755098337e-007
1.518272727272727e+000 -1.077083356009857e-005
1.518545454545455e+000 -1.732472227890765e-006
1.518818181818182e+000 -5.750955818407424e-006
1.519090909090909e+000 -8.642999635616579e-006
1.519363636363637e+000 -1.193851127917055e-007
1.519636363636364e+000 -9.508287344056948e-006
1.519909090909091e+000 -4.857786712790728e-006
1.520181818181818e+000 -1.604346441452579e-006
1.520454545454546e+000 -1.041683190378780e-005
1.520727272727273e+000 -2.659142070283062e-006
1.521000000000000e+000 -2.973121927131831e-006
1.521272727272727e+000 -1.027752902379459e-005
1.521545454545455e+000 -2.093911202070772e-006
1.521818181818182e+000 -3.031519599806745e-006
1.522090909090909e+000 -1.017327166279004e-005
1.522363636363636e+000 -2.862815442338850e-006
1.522636363636364e+000 -1.777725302918628e-006
1.522909090909091e+000 -9.723168283830694e-006
1.523181818181818e+000 -5.211978864130762e-006
1.523454545454545e+000 -2.211834740378268e-007
1.523727272727273e+000 -7.382985050565904e-006
1.524000000000000e+000 -8.625874686276742e-006
1.524272727272727e+000 -1.077999649850996e-006
1.524545454545455e+000 -2.574648130361034e-006
1.524818181818182e+000 -9.384799398959890e-006
1.525090909090909e+000 -6.324660075225853e-006
1.525363636363637e+000 -2.189892841931544e-007
1.525636363636364e+000 -3.702922995444630e-006
1.525909090909091e+000 -9.417243172290230e-006
1.526181818181818e+000 -6.263793354308034e-006
1.526454545454546e+000 -4.401732785489235e-007
1.526727272727273e+000 -2.407533782265111e-006
1.527000000000000e+000 -8.372575508532512e-006
1.527272727272727e+000 -8.284598660657113e-006
1.527545454545455e+000 -2.583435602405541e-006
1.527818181818182e+000 -1.700438732512451e-007
1.528090909090909e+000 -4.303308968352375e-006
1.528363636363636e+000 -8.849658051826390e-006
1.528636363636364e+000 -7.784386974106461e-006
1.528909090909091e+000 -2.797325323510544e-006
1.529181818181818e+000 -6.446029399036879e-008
1.529454545454545e+000 -2.472686026983803e-006
1.529727272727273e+000 -7.041120775830118e-006
1.530000000000000e+000 -8.985461866711526e-006
1.530272727272727e+000 -6.667526419383897e-006
1.530545454545455e+000 -2.506353490099780e-006
1.530818181818182e+000 -1.257806151804031e-007
1.531090909090909e+000 -1.198421109967069e-006
1.531363636363636e+000 -4.587470203718433e-006
1.531636363636364e+000 -7.749041278847731e-006
1.531909090909091e+000 -8.716303659083378e-006
1.532181818181818e+000 -7.169076228322549e-006
1.532454545454546e+000 -4.221169018990480e-006
1.532727272727273e+000 -1.477269213389212e-006
1.533000000000000e+000 -1.246796969645958e-007
1.533272727272727e+000 -5.115888254902976e-007
1.533545454545455e+000 -2.237050718526267e-006
1.533818181818182e+000 -4.521713054169486e-006
1.534090909090909e+000 -6.596401637892192e-006
1.534363636363636e+000 -7.948646830097814e-006
1.534636363636364e+000 -8.392986006457373e-006
1.534909090909091e+000 -8.012703397371796e-006
1.535181818181818e+000 -7.045579462000438e-006
1.535454545454545e+000 -5.772422868393600e-006
1.535727272727273e+000 -4.439330317970520e-006
1.536000000000000e+000 -3.220010556264358e-006
1.536272727272727e+000 -2.210014859369391e-006
1.536545454545454e+000 -1.439911737724277e-006
1.536818181818182e+000 -8.957996825107871e-007
1.537090909090909e+000 -5.394161406366764e-007
1.537363636363636e+000 -3.240334797632814e-007
1.537636363636364e+000 -2.052054133300304e-007
1.537909090909091e+000 -1.470427934676428e-007
1.538181818181818e+000 -1.253097041707206e-007
1.538454545454546e+000 -1.286083218545050e-007
1.538727272727273e+000 -1.585750293427083e-007
1.539000000000000e+000 -2.295314476077349e-007
1.539272727272727e+000 -3.675349832907268e-007
1.539545454545455e+000 -6.082957761822345e-007
1.539818181818182e+000 -9.930405321388045e-007
1.540090909090909e+000 -1.561212555746549e-006
1.540363636363636e+000 -2.339102932821621e-006
1.540636363636364e+000 -3.324379222831195e-006
1.540909090909091e+000 -4.468280607684067e-006
1.541181818181818e+000 -5.660038002808050e-006
1.541454545454545e+000 -6.721383663922242e-006
1.541727272727273e+000 -7.421494134821649e-006
1.542000000000000e+000 -7.521956405505012e-006
1.542272727272727e+000 -6.854399110916119e-006
1.542545454545454e+000 -5.418279428285831e-006
1.542818181818182e+000 -3.464720287728452e-006
1.543090909090909e+000 -1.512792413978700e-006
1.543363636363636e+000 -2.433997078137205e-007
1.543636363636364e+000 -2.514557573057629e-007
1.543909090909091e+000 -1.716266365687813e-006
1.544181818181818e+000 -4.149101097378737e-006
1.544454545454546e+000 -6.430757050484942e-006
1.544727272727273e+000 -7.274827279349155e-006
1.545000000000000e+000 -6.004153575705171e-006
1.545272727272727e+000 -3.201354736111142e-006
1.545545454545455e+000 -6.440307591508545e-007
1.545818181818182e+000 -2.457185283238803e-007
1.546090909090909e+000 -2.508056879602239e-006
1.546363636363636e+000 -5.733108228907491e-006
1.546636363636364e+000 -7.084213946541355e-006
1.546909090909091e+000 -5.114723884235616e-006
1.547181818181818e+000 -1.560861151798445e-006
1.547454545454545e+000 -9.437971475543091e-008
1.547727272727273e+000 -2.487568255852578e-006
1.548000000000000e+000 -6.129031748656247e-006
1.548272727272727e+000 -6.546201150418158e-006
1.548545454545454e+000 -3.000732438513033e-006
1.548818181818182e+000 -1.093443141145540e-007
1.549090909090909e+000 -2.011839852906970e-006
1.549363636363636e+000 -6.079249862919359e-006
1.549636363636364e+000 -6.076123023358095e-006
1.549909090909091e+000 -1.820816212128339e-006
1.550181818181818e+000 -2.692660298757794e-007
1.550454545454546e+000 -4.199643684466875e-006
1.550727272727273e+000 -6.678970752774446e-006
1.551000000000000e+000 -3.005228179183308e-006
1.551272727272727e+000 -7.871657638709633e-008
1.551545454545455e+000 -3.739946058147155e-006
1.551818181818182e+000 -6.581344885158983e-006
1.552090909090909e+000 -2.523174876669326e-006
1.552363636363636e+000 -2.783196969768113e-007
1.552636363636364e+000 -4.906736677085355e-006
1.552909090909091e+000 -5.784555727742737e-006
1.553181818181818e+000 -7.456704766909603e-007
1.553454545454545e+000 -1.973111434913503e-006
1.553727272727273e+000 -6.435183441136088e-006
1.554000000000000e+000 -2.709867675766751e-006
1.554272727272727e+000 -4.733254447029319e-007
1.554545454545455e+000 -5.691329396695131e-006
1.554818181818182e+000 -4.073587940758943e-006
1.555090909090909e+000 -1.058184112062831e-007
1.555363636363636e+000 -5.066420930007856e-006
1.555636363636364e+000 -4.482324885352636e-006
1.555909090909091e+000 -8.108501386922612e-008
1.556181818181818e+000 -5.113208751869089e-006
1.556454545454546e+000 -4.039887208218979e-006
1.556727272727273e+000 -2.423426394691030e-007
1.557000000000000e+000 -5.732739208264411e-006
1.557272727272727e+000 -2.704489415624473e-006
1.557545454545455e+000 -1.139910577255991e-006
1.557818181818182e+000 -6.135409863402796e-006
1.558090909090909e+000 -8.068729917335710e-007
1.558363636363636e+000 -3.414245866947841e-006
1.558636363636364e+000 -4.771278411255496e-006
1.558909090909091e+000 -1.878879196118801e-007
1.559181818181818e+000 -5.849515897492298e-006
1.559454545454545e+000 -1.362010790646908e-006
1.559727272727273e+000 -3.075641349193051e-006
1.560000000000000e+000 -4.529354805227473e-006
1.560272727272727e+000 -4.460895766663259e-007
1.560545454545455e+000 -5.936176104217476e-006
1.560818181818182e+000 -3.239980633879388e-007
1.561090909090909e+000 -5.936320967616166e-006
1.561363636363636e+000 -5.693164888910959e-006
1.561636363636364e+000 -4.923025618937966e-006
1.561909090909091e+000 -3.661529008087903e-006
1.562181818181818e+000 -2.133169705942047e-006
1.562454545454546e+000 -7.612115615515474e-007
1.562727272727273e+000 -7.586882812739157e-008
1.563000000000000e+000 -4.998220781937276e-007
1.563272727272727e+000 -2.063805650794548e-006
1.563545454545455e+000 -4.204911153324340e-006
1.563818181818182e+000 -5.857581213493219e-006
1.564090909090909e+000 -5.961079508938787e-006
1.564363636363636e+000 -4.225476428068834e-006
1.564636363636364e+000 -1.638967932914271e-006
1.564909090909091e+000 -9.519874364532862e-008
1.565181818181818e+000 -1.018537117588216e-006
1.565454545454545e+000 -3.877419217758234e-006
1.565727272727273e+000 -6.144274926281709e-006
1.566000000000000e+000 -5.436311997875448e-006
1.566272727272727e+000 -2.249197936485354e-006
1.566545454545455e+000 -8.220972058654130e-008
1.566818181818182e+000 -1.719737457026489e-006
1.567090909090909e+000 -5.350672452840772e-006
1.567363636363636e+000 -6.131216102921990e-006
1.567636363636364e+000 -2.728197706177064e-006
1.567909090909091e+000 -6.788732195755124e-008
1.568181818181818e+000 -2.486949698252504e-006
1.568454545454546e+000 -6.261084833721658e-006
1.568727272727273e+000 -4.863463753031003e-006
1.569000000000000e+000 -5.851881657723066e-007
1.569272727272727e+000 -1.461032346589260e-006
1.569545454545455e+000 -6.030911952616719e-006
1.569818181818182e+000 -5.071542019175728e-006
1.570090909090909e+000 -4.187492663398598e-007
1.570363636363636e+000 -2.244672276876102e-006
1.570636363636364e+000 -6.640218333926891e-006
1.570909090909091e+000 -3.337701537540779e-006
1.571181818181818e+000 -1.701623649933389e-007
1.571454545454545e+000 -5.119686186148287e-006
1.571727272727273e+000 -5.649028432473873e-006
1.572000000000000e+000 -2.854698480907974e-007
1.572272727272727e+000 -3.545578152226970e-006
1.572545454545455e+000 -6.512597648368858e-006
1.572818181818182e+000 -7.378005820165819e-007
1.573090909090909e+000 -3.041516666690539e-006
1.573363636363636e+000 -6.646261953126106e-006
1.573636363636364e+000 -6.033185680266444e-007
1.573909090909091e+000 -3.723574303735884e-006
1.574181818181818e+000 -6.153635815723899e-006
1.574454545454546e+000 -1.005546093541595e-007
1.574727272727273e+000 -5.515467481888605e-006
1.575000000000000e+000 -4.283239485337300e-006
1.575272727272727e+000 -7.074499774906484e-007
1.575545454545455e+000 -7.127870084782312e-006
1.575818181818182e+000 -1.086654972219754e-006
1.576090909090909e+000 -4.172780600489533e-006
1.576363636363636e+000 -5.196285085532257e-006
1.576636363636364e+000 -6.100964708990823e-007
1.576909090909091e+000 -7.276781590113448e-006
1.577181818181818e+000 -4.241617090635283e-007
1.577454545454545e+000 -5.959244797233883e-006
1.577727272727273e+000 -2.767808320894287e-006
1.578000000000000e+000 -3.321269247978527e-006
1.578272727272727e+000 -5.318478179299827e-006
1.578545454545455e+000 -1.264636964015184e-006
1.578818181818182e+000 -6.878544805663841e-006
1.579090909090909e+000 -2.923815407867295e-007
1.579363636363636e+000 -7.472383183177756e-006
1.579636363636364e+000 -6.313797343301685e-008
1.579909090909091e+000 -7.574240772294897e-006
1.580181818181818e+000 -1.001576641942570e-007
1.580454545454546e+000 -7.586476278426112e-006
1.580727272727273e+000 -1.125457377005020e-007
1.581000000000000e+000 -7.674858773618594e-006
1.581272727272727e+000 -6.354901705730295e-008
1.581545454545455e+000 -7.744981492026900e-006
1.581818181818182e+000 -1.809852179897562e-007
1.582090909090909e+000 -7.438175098911240e-006
1.582363636363636e+000 -9.357545045110928e-007
1.582636363636364e+000 -6.222776520967409e-006
1.582909090909091e+000 -2.817678064767903e-006
1.583181818181818e+000 -3.816635756529495e-006
1.583454545454545e+000 -5.680175433001733e-006
1.583727272727273e+000 -1.026330745540457e-006
1.584000000000000e+000 -7.911279866180550e-006
1.584272727272727e+000 -1.863042749412405e-007
1.584545454545455e+000 -6.912399967626831e-006
1.584818181818182e+000 -3.266744382373951e-006
1.585090909090909e+000 -2.510999556943139e-006
1.585363636363636e+000 -7.668754848663383e-006
1.585636363636364e+000 -1.233242686152228e-007
1.585909090909091e+000 -6.706129269607612e-006
1.586181818181818e+000 -4.559369836651461e-006
1.586454545454546e+000 -9.712372143378412e-007
1.586727272727273e+000 -8.303155937100943e-006
1.587000000000000e+000 -2.110917533568864e-006
1.587272727272727e+000 -2.688409376766618e-006
1.587545454545455e+000 -8.338859671612153e-006
1.587818181818182e+000 -1.190960290492513e-006
1.588090909090909e+000 -3.433556430720669e-006
1.588363636363636e+000 -8.367177278314078e-006
1.588636363636364e+000 -1.348702305154268e-006
1.588909090909091e+000 -2.815852967295536e-006
1.589181818181818e+000 -8.662957265961975e-006
1.589454545454546e+000 -2.744967764351039e-006
1.589727272727273e+000 -1.106653191592018e-006
1.590000000000000e+000 -8.063241317229106e-006
1.590272727272727e+000 -5.859548527593187e-006
1.590545454545455e+000 -9.431786616552868e-008
1.590818181818182e+000 -4.684501908059670e-006
1.591090909090909e+000 -8.842029656361561e-006
1.591363636363636e+000 -3.276663009897409e-006
1.591636363636364e+000 -3.173513148108400e-007
1.591909090909091e+000 -6.137753157867243e-006
1.592181818181818e+000 -8.792681104345570e-006
1.592454545454546e+000 -3.254440117348026e-006
1.592727272727273e+000 -1.603315948001005e-007
1.593000000000000e+000 -5.002533331966625e-006
1.593272727272727e+000 -9.202626824954756e-006
1.593545454545455e+000 -5.919968712332051e-006
1.593818181818182e+000 -6.589821336863865e-007
1.594090909090909e+000 -1.409493178863321e-006
1.594363636363636e+000 -6.833507289392571e-006
1.594636363636364e+000 -9.376367648055855e-006
1.594909090909091e+000 -5.964537550997775e-006
1.595181818181818e+000 -1.114587818396930e-006
1.595454545454546e+000 -4.937068985303024e-007
1.595727272727273e+000 -4.511151776024676e-006
1.596000000000000e+000 -8.789604880964014e-006
1.596272727272727e+000 -9.267140207351889e-006
1.596545454545455e+000 -5.838702615315327e-006
1.596818181818182e+000 -1.681322672392032e-006
1.597090909090909e+000 -6.649551726465265e-008
1.597363636363636e+000 -1.918748495923633e-006
1.597636363636364e+000 -5.695469721367507e-006
1.597909090909091e+000 -8.934864938928915e-006
1.598181818181818e+000 -9.924885326590396e-006
1.598454545454545e+000 -8.444877721361842e-006
1.598727272727273e+000 -5.486171210099237e-006
1.599000000000000e+000 -2.466450819938316e-006
1.599272727272727e+000 -5.113186888874427e-007
1.599545454545455e+000 -1.065470035376500e-007
1.599818181818182e+000 -1.124519658080869e-006
1.600090909090909e+000 -3.063867093440796e-006
1.600363636363636e+000 -5.324894865037614e-006
1.600636363636364e+000 -7.409271396390519e-006
1.600909090909091e+000 -9.010958553567548e-006
1.601181818181818e+000 -1.001800813080876e-005
1.601454545454546e+000 -1.046445779841445e-005
1.601727272727273e+000 -1.046808001927747e-005
1.602000000000000e+000 -1.017652559769095e-005
1.602272727272727e+000 -9.731056950516652e-006
1.602545454545455e+000 -9.247917024950328e-006
1.602818181818182e+000 -8.812944525685464e-006
1.603090909090909e+000 -8.484038103307890e-006
1.603363636363636e+000 -8.296872227010141e-006
1.603636363636364e+000 -8.270650275170532e-006
1.603909090909091e+000 -8.411957272840560e-006
1.604181818181818e+000 -8.715724428842152e-006
1.604454545454546e+000 -9.162990966636145e-006
1.604727272727273e+000 -9.715751102020399e-006
1.605000000000000e+000 -1.030995148294529e-005
1.605272727272727e+000 -1.084885256093332e-005
1.605545454545455e+000 -1.120052227601301e-005
1.605818181818182e+000 -1.120487535400129e-005
1.606090909090909e+000 -1.069656051922034e-005
1.606363636363636e+000 -9.548618607700112e-006
1.606636363636364e+000 -7.736261781147148e-006
1.606909090909091e+000 -5.408911731786089e-006
1.607181818181818e+000 -2.942657757830421e-006
1.607454545454546e+000 -9.301528653641843e-007
1.607727272727273e+000 -6.254379823426520e-008
1.608000000000000e+000 -8.842932404430811e-007
1.608272727272727e+000 -3.467467093776985e-006
1.608545454545455e+000 -7.146120004363264e-006
1.608818181818182e+000 -1.052438150849842e-005
1.609090909090909e+000 -1.193898145517643e-005
1.609363636363636e+000 -1.034394677671811e-005
1.609636363636364e+000 -6.219776926422909e-006
1.609909090909091e+000 -1.805955882055088e-006
1.610181818181818e+000 -7.607854572901270e-008
1.610454545454545e+000 -2.659979958056130e-006
1.610727272727273e+000 -8.068044519273000e-006
1.611000000000000e+000 -1.208268475084800e-005
1.611272727272727e+000 -1.095334306105164e-005
1.611545454545455e+000 -5.262150021074063e-006
1.611818181818182e+000 -4.182063103864460e-007
1.612090909090909e+000 -1.798674360945604e-006
1.612363636363636e+000 -8.409706557586734e-006
1.612636363636364e+000 -1.270375018382242e-005
1.612909090909091e+000 -9.032176587849792e-006
1.613181818181818e+000 -1.763774864543322e-006
1.613454545454546e+000 -9.576949109567922e-007
1.613727272727273e+000 -8.313428738120928e-006
1.614000000000000e+000 -1.302184285906917e-005
1.614272727272727e+000 -7.337090574637306e-006
1.614545454545455e+000 -2.840357599768138e-007
1.614818181818182e+000 -4.250283304796520e-006
1.615090909090909e+000 -1.264919071645394e-005
1.615363636363636e+000 -9.822035377491547e-006
1.615636363636364e+000 -8.460055471183385e-007
1.615909090909091e+000 -3.811431780001243e-006
1.616181818181818e+000 -1.306398376804536e-005
1.616454545454546e+000 -8.774613573521795e-006
1.616727272727273e+000 -1.355442425469852e-007
1.617000000000000e+000 -7.092855081617305e-006
1.617272727272727e+000 -1.366396875832840e-005
1.617545454545455e+000 -3.796240506856060e-006
1.617818181818182e+000 -1.974067499010301e-006
1.618090909090909e+000 -1.322489541831846e-005
1.618363636363636e+000 -8.118951652521632e-006
1.618636363636364e+000 -2.648672865110424e-007
1.618909090909091e+000 -1.155292764716188e-005
1.619181818181818e+000 -1.033139627607384e-005
1.619454545454546e+000 -6.603956539145090e-008
1.619727272727273e+000 -1.117971877295597e-005
1.620000000000000e+000 -1.041989080751262e-005
1.620272727272727e+000 -1.512979309903720e-007
1.620545454545455e+000 -1.262934317068097e-005
1.620818181818182e+000 -8.261673840935318e-006
1.621090909090909e+000 -1.325623090257399e-006
1.621363636363636e+000 -1.477398396235110e-005
1.621636363636364e+000 -3.742045752830035e-006
1.621909090909091e+000 -5.903354277330168e-006
1.622181818181818e+000 -1.383337616357819e-005
1.622454545454545e+000 -8.126026110299834e-008
1.622727272727273e+000 -1.343529452161256e-005
1.623000000000000e+000 -6.102727721414739e-006
1.623272727272727e+000 -5.020405849251030e-006
1.623545454545455e+000 -1.405587984291767e-005
1.623818181818182e+000 -1.307887367174034e-007
1.624090909090909e+000 -1.535391911875342e-005
1.624363636363637e+000 -2.424470655409438e-006
1.624636363636364e+000 -1.088309635178824e-005
1.624909090909091e+000 -8.155792181711966e-006
1.625181818181818e+000 -5.341257003896312e-006
1.625454545454546e+000 -1.312269268529997e-005
1.625727272727273e+000 -1.674977000800159e-006
1.626000000000000e+000 -1.579218210609114e-005
1.626272727272727e+000 -2.264937383002457e-007
1.626545454545455e+000 -1.663191220175127e-005
1.626818181818182e+000 -9.986250814029858e-008
1.627090909090909e+000 -1.666600653649787e-005
1.627363636363636e+000 -3.401496215225135e-007
1.627636363636364e+000 -1.667267708471678e-005
1.627909090909091e+000 -3.919809244121873e-007
1.628181818181818e+000 -1.697171475403554e-005
1.628454545454545e+000 -1.734347867545153e-007
1.628727272727273e+000 -1.740268067829633e-005
1.629000000000000e+000 -9.791865632638431e-008
1.629272727272727e+000 -1.729022577034319e-005
1.629545454545455e+000 -1.092734662083248e-006
1.629818181818182e+000 -1.551301377140347e-005
1.630090909090909e+000 -4.332969357755499e-006
1.630363636363637e+000 -1.109787505623350e-005
1.630636363636364e+000 -1.020830937664790e-005
1.630909090909091e+000 -4.709334875388550e-006
1.631181818181818e+000 -1.655702509221334e-005
1.631454545454546e+000 -2.101898076801574e-007
1.631727272727273e+000 -1.813445632718118e-005
1.632000000000000e+000 -3.127978356237836e-006
1.632272727272727e+000 -1.105862681569182e-005
1.632545454545455e+000 -1.332960667371183e-005
1.632818181818182e+000 -1.321446101670083e-006
1.633090909090909e+000 -1.904728906055242e-005
1.633363636363636e+000 -3.249459180477881e-006
1.633636363636364e+000 -9.707061530681246e-006
1.633909090909091e+000 -1.652755705883596e-005
1.634181818181818e+000 -5.947809268818440e-008
1.634454545454545e+000 -1.651322672738715e-005
1.634727272727273e+000 -1.126398457758465e-005
1.635000000000000e+000 -1.449482714157500e-006
1.635272727272727e+000 -1.930060951639650e-005
1.635545454545455e+000 -8.193632074583563e-006
1.635818181818182e+000 -2.843828725622951e-006
1.636090909090909e+000 -2.008200108561876e-005
1.636363636363637e+000 -8.159432900824491e-006
1.636636363636364e+000 -2.327169541805095e-006
1.636909090909091e+000 -1.975473211993006e-005
1.637181818181818e+000 -1.132411414554251e-005
1.637454545454546e+000 -4.801909666579553e-007
1.637727272727273e+000 -1.673280955546110e-005
1.638000000000000e+000 -1.738250207465974e-005
1.638272727272727e+000 -9.717321603424028e-007
1.638545454545455e+000 -8.807114251230288e-006
1.638818181818182e+000 -2.183337369487476e-005
1.639090909090909e+000 -9.373841157677572e-006
1.639363636363636e+000 -4.618806093391413e-007
1.639636363636364e+000 -1.504642158307985e-005
1.639909090909091e+000 -2.148411388140590e-005
1.640181818181818e+000 -6.634828197063726e-006
1.640454545454545e+000 -1.011375275687048e-006
1.640727272727273e+000 -1.551279493578981e-005
1.641000000000000e+000 -2.256210476018262e-005
1.641272727272727e+000 -9.735602818704312e-006
1.641545454545455e+000 -6.003114848061048e-008
1.641818181818182e+000 -9.752629398743399e-006
1.642090909090909e+000 -2.274127854079311e-005
1.642363636363637e+000 -1.905613443354410e-005
1.642636363636364e+000 -4.872983027783617e-006
1.642909090909091e+000 -6.684690171019145e-007
1.643181818181818e+000 -1.175501529318577e-005
1.643454545454546e+000 -2.338015779836019e-005
1.643727272727273e+000 -2.151516968336301e-005
1.644000000000000e+000 -9.106431369614749e-006
1.644272727272727e+000 -3.520641453145659e-007
1.644545454545455e+000 -4.142244075482265e-006
1.644818181818182e+000 -1.610546502603900e-005
1.645090909090909e+000 -2.486031521750964e-005
1.645363636363636e+000 -2.320040340577799e-005
1.645636363636364e+000 -1.329037761474873e-005
1.645909090909091e+000 -3.256993077386003e-006
1.646181818181818e+000 -1.680091962199666e-007
1.646454545454545e+000 -5.482130509458391e-006
1.646727272727273e+000 -1.531056745376099e-005
1.647000000000000e+000 -2.385350246789696e-005
1.647272727272727e+000 -2.696966884665322e-005
1.647545454545455e+000 -2.385139979864963e-005
1.647818181818182e+000 -1.656952381758730e-005
1.648090909090909e+000 -8.446409355530066e-006
1.648363636363637e+000 -2.415833868615993e-006
1.648636363636364e+000 -7.452904697099320e-008
1.648909090909091e+000 -1.544946009997928e-006
1.649181818181818e+000 -5.888539771691565e-006
1.649454545454546e+000 -1.170752463169829e-005
1.649727272727273e+000 -1.766073170132172e-005
1.650000000000000e+000 -2.276898745394343e-005
1.650272727272727e+000 -2.650916843611525e-005
1.650545454545455e+000 -2.876126098636667e-005
1.650818181818182e+000 -2.968592273235225e-005
1.651090909090909e+000 -2.959316183708168e-005
1.651363636363636e+000 -2.883656724046379e-005
1.651636363636364e+000 -2.774479427757176e-005
1.651909090909091e+000 -2.658753380349966e-005
1.652181818181818e+000 -2.556663780078690e-005
1.652454545454545e+000 -2.482197111823445e-005
1.652727272727273e+000 -2.444324515190560e-005
1.653000000000000e+000 -2.448162554580962e-005
1.653272727272727e+000 -2.495723401166434e-005
1.653545454545455e+000 -2.586043492958725e-005
1.653818181818182e+000 -2.714613141383231e-005
1.654090909090909e+000 -2.872155725331005e-005
1.654363636363637e+000 -3.042968943296782e-005
1.654636363636364e+000 -3.203280777066663e-005
1.654909090909091e+000 -3.320398382322336e-005
1.655181818181818e+000 -3.353790783818110e-005
1.655454545454546e+000 -3.259499964186706e-005
1.655727272727273e+000 -2.999150721221956e-005
1.656000000000000e+000 -2.553954423583463e-005
1.656272727272727e+000 -1.942122792726455e-005
1.656545454545455e+000 -1.234971064439383e-005
1.656818181818182e+000 -5.633671923371974e-006
1.657090909090909e+000 -1.038825583372259e-006
1.657363636363636e+000 -3.596961753643579e-007
1.657636363636364e+000 -4.708378210395105e-006
1.657909090909091e+000 -1.370268747670967e-005
1.658181818181818e+000 -2.494565457334153e-005
1.658454545454545e+000 -3.430302424494739e-005
1.658727272727273e+000 -3.732276807353935e-005
1.659000000000000e+000 -3.157717746985932e-005
1.659272727272727e+000 -1.886546787858554e-005
1.659545454545455e+000 -5.599243401777226e-006
1.659818181818182e+000 -6.915678145893684e-008
1.660090909090909e+000 -7.120461097451046e-006
1.660363636363637e+000 -2.339215736910522e-005
1.660636363636364e+000 -3.760060780931366e-005
1.660909090909091e+000 -3.797061170780287e-005
1.661181818181818e+000 -2.279384283065535e-005
1.661454545454546e+000 -4.680474466717328e-006
1.661727272727273e+000 -1.342458896668364e-006
1.662000000000000e+000 -1.789855393730106e-005
1.662272727272727e+000 -3.824423270855176e-005
1.662545454545455e+000 -3.939941186544123e-005
1.662818181818182e+000 -1.850915265705564e-005
1.663090909090909e+000 -6.273087422475852e-007
1.663363636363636e+000 -1.017458748780766e-005
1.663636363636364e+000 -3.621730568413169e-005
1.663909090909091e+000 -4.224098432790113e-005
1.664181818181818e+000 -1.792317298346811e-005
1.664454545454545e+000 -5.840973066705678e-008
1.664727272727273e+000 -1.891172517208865e-005
1.665000000000000e+000 -4.491025045027044e-005
1.665272727272727e+000 -3.264747436063163e-005
1.665545454545455e+000 -2.819163701394545e-006
1.665818181818182e+000 -1.171558092087677e-005
1.666090909090909e+000 -4.439650811439869e-005
1.666363636363637e+000 -3.606261946746286e-005
1.666636363636364e+000 -2.593769687408130e-006
1.666909090909091e+000 -1.569654428635239e-005
1.667181818181818e+000 -4.890684796306396e-005
1.667454545454546e+000 -2.757605154241097e-005
1.667727272727273e+000 -1.542838293394648e-007
1.668000000000000e+000 -3.329017699922746e-005
1.668272727272727e+000 -4.781871560106783e-005
1.668545454545455e+000 -6.768460055913083e-006
1.668818181818182e+000 -1.567613261474602e-005
1.669090909090909e+000 -5.320545160168669e-005
1.669363636363636e+000 -1.883108762538238e-005
1.669636363636364e+000 -6.754346796740094e-006
1.669909090909091e+000 -5.266027677008801e-005
1.670181818181818e+000 -2.596541236884063e-005
1.670454545454545e+000 -4.535035277565628e-006
1.670727272727273e+000 -5.375536160539397e-005
1.671000000000000e+000 -2.540795922323850e-005
1.671272727272727e+000 -7.195862079396327e-006
1.671545454545455e+000 -5.780844003534096e-005
1.671818181818182e+000 -1.670389496405324e-005
1.672090909090909e+000 -1.776047880562290e-005
1.672363636363636e+000 -5.893409424389883e-005
1.672636363636364e+000 -3.695116909835777e-006
1.672909090909091e+000 -4.009213979440991e-005
1.673181818181818e+000 -4.449849661571745e-005
1.673454545454546e+000 -2.806613293373937e-006
1.673727272727273e+000 -6.274613453423920e-005
1.674000000000000e+000 -1.236622154029602e-005
1.674272727272727e+000 -3.433077802281828e-005
1.674545454545455e+000 -4.971363162228078e-005
1.674818181818182e+000 -3.961198329798376e-006
1.675090909090909e+000 -6.747804100814510e-005
1.675363636363636e+000 -4.521508805542109e-006
1.675636363636364e+000 -5.398864960323993e-005
1.675909090909091e+000 -2.889421177767075e-005
1.676181818181818e+000 -2.777237590119382e-005
1.676454545454545e+000 -5.526983921206365e-005
1.676727272727273e+000 -7.785896554315217e-006
1.677000000000000e+000 -7.075520701044714e-005
1.677272727272727e+000 -2.631805768972790e-007
1.677545454545455e+000 -7.469846920963123e-005
1.677818181818182e+000 -2.085081265872059e-006
1.678090909090909e+000 -7.218271215532190e-005
1.678363636363637e+000 -7.641577826601952e-006
1.678636363636364e+000 -6.842410665145281e-005
1.678909090909091e+000 -1.258733679144021e-005
1.679181818181818e+000 -6.676428474128400e-005
1.679454545454546e+000 -1.453809526720852e-005
1.679727272727273e+000 -6.876385165678761e-005
1.680000000000000e+000 -1.265182476869011e-005
1.680272727272727e+000 -7.459495337451612e-005
1.680545454545455e+000 -7.494088678318567e-006
1.680818181818182e+000 -8.279676517575750e-005
1.681090909090909e+000 -1.675430360729048e-006
1.681363636363636e+000 -8.935483094126009e-005
1.681636363636364e+000 -7.883020259030989e-007
1.681909090909091e+000 -8.721263297019854e-005
1.682181818181818e+000 -1.277061773123554e-005
1.682454545454545e+000 -6.885964069543747e-005
1.682727272727273e+000 -4.258971090548741e-005
1.683000000000000e+000 -3.470508125886897e-005
1.683272727272727e+000 -8.150998552055333e-005
1.683545454545455e+000 -3.800668221255661e-006
1.683818181818182e+000 -1.007749234257163e-004
1.684090909090909e+000 -9.803594561952432e-006
1.684363636363636e+000 -7.163366230195125e-005
1.684636363636364e+000 -6.316197609619972e-005
1.684909090909091e+000 -1.451191252546233e-005
1.685181818181818e+000 -1.081998071833799e-004
1.685454545454546e+000 -8.979502004949693e-006
1.685727272727273e+000 -7.136037534881508e-005
1.686000000000000e+000 -8.198829959010224e-005
1.686272727272727e+000 -3.225756899183761e-006
1.686545454545455e+000 -1.103983196585127e-004
1.686818181818182e+000 -4.401798861785495e-005
1.687090909090909e+000 -2.588751888551442e-005
1.687363636363636e+000 -1.221172830995764e-004
1.687636363636364e+000 -2.194583714824936e-005
1.687909090909091e+000 -4.699621614394461e-005
1.688181818181818e+000 -1.248360098147103e-004
1.688454545454545e+000 -1.553478986875217e-005
1.688727272727273e+000 -5.372906289828918e-005
1.689000000000000e+000 -1.314365710620488e-004
1.689272727272727e+000 -2.183500178772938e-005
1.689545454545455e+000 -4.244161430041452e-005
1.689818181818182e+000 -1.410857674655217e-004
1.690090909090909e+000 -4.703349418262477e-005
1.690363636363637e+000 -1.633133676162636e-005
1.690636363636364e+000 -1.357599748471839e-004
1.690909090909091e+000 -9.948752949699293e-005
1.691181818181818e+000 -3.524236066036619e-007
1.691454545454546e+000 -8.728376197705636e-005
1.691727272727273e+000 -1.555693398742209e-004
1.692000000000000e+000 -4.679364405411151e-005
1.692272727272727e+000 -1.211772060786350e-005
1.692545454545455e+000 -1.332059583672686e-004
1.692818181818182e+000 -1.516746450028415e-004
1.693090909090909e+000 -3.091815959414462e-005
1.693363636363636e+000 -2.030321873422742e-005
1.693636363636364e+000 -1.446754820610523e-004
1.693909090909091e+000 -1.689924041563195e-004
1.694181818181818e+000 -5.106574247319343e-005
1.694454545454545e+000 -5.477955689505920e-006
1.694727272727273e+000 -1.141969006795427e-004
1.695000000000000e+000 -1.984773317042963e-004
1.695272727272727e+000 -1.260811052252964e-004
1.695545454545455e+000 -1.293378975998742e-005
1.695818181818182e+000 -3.038353402984421e-005
1.696090909090909e+000 -1.552628749384028e-004
1.696363636363636e+000 -2.188020009236589e-004
1.696636363636364e+000 -1.417844422564644e-004
1.696909090909091e+000 -2.541120590041098e-005
1.697181818181818e+000 -1.174634297975686e-005
1.697454545454546e+000 -1.169843290240586e-004
1.697727272727273e+000 -2.277061465997720e-004
1.698000000000000e+000 -2.331322907055183e-004
1.698272727272727e+000 -1.335097139456412e-004
1.698545454545455e+000 -2.591724641214656e-005
1.698818181818182e+000 -6.238069872469893e-006
1.699090909090909e+000 -8.980307657604599e-005
1.699363636363636e+000 -2.109739927597302e-004
1.699636363636364e+000 -2.834961355494897e-004
1.699909090909091e+000 -2.631545780752275e-004
1.700181818181818e+000 -1.693983498871819e-004
1.700454545454545e+000 -6.271685772060265e-005
1.700727272727273e+000 -3.318630155071962e-006
1.701000000000000e+000 -1.973538562924596e-005
1.701272727272727e+000 -1.012111672831039e-004
1.701545454545455e+000 -2.106189951129666e-004
1.701818181818182e+000 -3.055660464593127e-004
1.702090909090909e+000 -3.558353921561592e-004
1.702363636363636e+000 -3.511852126147680e-004
1.702636363636364e+000 -2.997350698145025e-004
1.702909090909091e+000 -2.207703394332222e-004
1.703181818181818e+000 -1.363835583571060e-004
1.703454545454546e+000 -6.504007423137392e-005
1.703727272727273e+000 -1.828286158001859e-005
1.704000000000000e+000 -3.153378640061190e-007
1.704272727272727e+000 -9.458263707003586e-006
1.704545454545455e+000 -4.037463841761747e-005
1.704818181818182e+000 -8.622519130458072e-005
1.705090909090909e+000 -1.402970904459188e-004
1.705363636363636e+000 -1.969745936511959e-004
1.705636363636364e+000 -2.521271942269634e-004
1.705909090909091e+000 -3.030813444132765e-004
1.706181818181818e+000 -3.483504069712866e-004
1.706454545454545e+000 -3.872630977771370e-004
1.706727272727273e+000 -4.195836007512119e-004
1.707000000000000e+000 -4.451749248724958e-004
1.707272727272727e+000 -4.637289763668257e-004
1.707545454545455e+000 -4.745738039611876e-004
1.707818181818182e+000 -4.765687864050519e-004
1.708090909090909e+000 -4.681089338131452e-004
1.708363636363636e+000 -4.472756307587496e-004
1.708636363636364e+000 -4.121868963256426e-004
1.708909090909091e+000 -3.616060763986796e-004
1.709181818181818e+000 -2.958497190979329e-004
1.709454545454546e+000 -2.179746657045670e-004
1.709727272727273e+000 -1.351020082791032e-004
1.710000000000000e+000 -5.954197509265184e-005
1.710272727272727e+000 -9.137518412197521e-006
1.710545454545455e+000 -6.017271327851627e-006
1.710818181818182e+000 -7.288887519804606e-005
1.711090909090909e+000 -2.263351958012038e-004
1.711363636363636e+000 -4.675387944917329e-004
1.711636363636364e+000 -7.725585118934596e-004
1.711909090909091e+000 -1.086436258285513e-003
1.712181818181818e+000 -1.327095314272911e-003
1.712454545454546e+000 -1.404566602026134e-003
1.712727272727273e+000 -1.256661251886074e-003
1.713000000000000e+000 -8.929241592814989e-004
1.713272727272727e+000 -4.266267477036666e-004
1.713545454545455e+000 -6.632535869297077e-005
1.713818181818182e+000 -4.457340042432419e-005
1.714090909090909e+000 -4.904233032528101e-004
1.714363636363636e+000 -1.300644072397081e-003
1.714636363636364e+000 -2.105930396414810e-003
1.714909090909091e+000 -2.417878013545039e-003
1.715181818181818e+000 -1.945582080122782e-003
1.715454545454546e+000 -9.104741880138466e-004
1.715727272727273e+000 -7.490491199125251e-005
1.716000000000000e+000 -2.924217763174962e-004
1.716272727272727e+000 -1.753117897421027e-003
1.716545454545455e+000 -3.534269794658923e-003
1.716818181818182e+000 -4.104346905147931e-003
1.717090909090909e+000 -2.723050648678037e-003
1.717363636363636e+000 -5.866544438774817e-004
1.717636363636364e+000 -2.085112649969623e-004
1.717909090909091e+000 -2.892713663555161e-003
1.718181818181818e+000 -6.611855206362983e-003
1.718454545454546e+000 -7.347695783104705e-003
1.718727272727273e+000 -3.744691946384178e-003
1.719000000000000e+000 -1.200946590847148e-004
1.719272727272727e+000 -2.664837030474368e-003
1.719545454545455e+000 -1.117239431363565e-002
1.719818181818182e+000 -1.676981487765623e-002
1.720090909090909e+000 -1.176964890660877e-002
1.720363636363636e+000 -1.765734909784893e-003
1.720636363636364e+000 -2.973216216312238e-003
1.720909090909091e+000 -2.392351780835761e-002
1.721181818181818e+000 -5.435238106601528e-002
1.721454545454546e+000 -7.940599109315188e-002
1.721727272727273e+000 -1.073836137169799e-001
1.722000000000000e+000 -2.106385579583649e-001
1.722272727272727e+000 -2.742978266100966e-001
1.722545454545455e+000 -2.419007802211309e+000
1.722818181818182e+000 -1.000000000000000e+002
1.723090909090909e+000 -5.822804445336635e-001
1.723363636363636e+000 -1.362295510713270e-002
1.723636363636364e+000 -2.236490501056569e-001
1.723909090909091e+000 -1.274396836951641e-001
1.724181818181818e+000 -6.048493237383227e-002
1.724454545454546e+000 -1.103764684253232e-002
1.724727272727273e+000 -2.275365994725439e-003
1.725000000000000e+000 -2.301627361006171e-002
1.725272727272727e+000 -2.428519847522567e-002
1.725545454545455e+000 -4.092586369341322e-003
1.725818181818182e+000 -3.216035446797902e-003
1.726090909090909e+000 -1.395740337827576e-002
1.726363636363636e+000 -6.281933305046132e-003
1.726636363636364e+000 -3.924757300861057e-004
1.726909090909091e+000 -8.055983727992136e-003
1.727181818181818e+000 -5.017354449328764e-003
1.727454545454546e+000 -1.564180917492523e-004
1.727727272727273e+000 -5.650057634970108e-003
1.728000000000000e+000 -3.144914727224862e-003
1.728272727272727e+000 -3.838165188568974e-004
1.728545454545455e+000 -4.569117472478703e-003
1.728818181818182e+000 -1.364866016817757e-003
1.729090909090909e+000 -1.102648979204931e-003
1.729363636363636e+000 -3.505289730482984e-003
1.729636363636364e+000 -1.541382973446205e-004
1.729909090909091e+000 -2.142065229873933e-003
1.730181818181818e+000 -1.826257021986868e-003
1.730454545454546e+000 -2.435840822557782e-004
1.730727272727273e+000 -2.463674631909163e-003
1.731000000000000e+000 -2.155669950309344e-004
1.731272727272727e+000 -1.473399768210227e-003
1.731545454545455e+000 -1.180205075430983e-003
1.731818181818182e+000 -3.529359791859472e-004
1.732090909090909e+000 -1.718238034264489e-003
1.732363636363636e+000 -9.121445938447067e-007
1.732636363636364e+000 -1.512034850394537e-003
1.732909090909091e+000 -2.635902617029627e-004
1.733181818181818e+000 -9.603025481571683e-004
1.733454545454546e+000 -6.724070884647569e-004
1.733727272727273e+000 -4.606966793408406e-004
1.734000000000000e+000 -9.466820711842628e-004
1.734272727272727e+000 -1.607169767792674e-004
1.734545454545455e+000 -1.039446340580722e-003
1.734818181818182e+000 -3.333181547280760e-005
1.735090909090909e+000 -1.012311966489207e-003
1.735363636363636e+000 -1.193611297339601e-006
1.735636363636364e+000 -9.367373938560746e-004
1.735909090909091e+000 -2.378903071567632e-006
1.736181818181818e+000 -8.575738325247535e-004
1.736454545454546e+000 -5.052831267252035e-006
1.736727272727273e+000 -7.918158365742321e-004
1.737000000000000e+000 -1.726026183677741e-006
1.737272727272727e+000 -7.366254150132464e-004
1.737545454545455e+000 -1.313761138461681e-006
1.737818181818182e+000 -6.760810816159893e-004
1.738090909090909e+000 -2.325845120704859e-005
1.738363636363636e+000 -5.870397162528175e-004
1.738636363636364e+000 -9.014624966242038e-005
1.738909090909091e+000 -4.495320778295438e-004
1.739181818181818e+000 -2.129259992879023e-004
1.739454545454545e+000 -2.662640327350818e-004
1.739727272727273e+000 -3.678794501935077e-004
1.740000000000000e+000 -8.540728917314748e-005
1.740272727272727e+000 -4.807564960438991e-004
1.740545454545455e+000 -1.238281089977928e-007
1.740818181818182e+000 -4.538977136638024e-004
1.741090909090909e+000 -8.730668699645047e-005
1.741363636363636e+000 -2.606123660068441e-004
1.741636363636364e+000 -2.953648253260407e-004
1.741909090909091e+000 -4.200070704733778e-005
1.742181818181818e+000 -4.101004060632503e-004
1.742454545454546e+000 -3.134017958575735e-005
1.742727272727273e+000 -2.617635569731970e-004
1.743000000000000e+000 -2.482349068756341e-004
1.743272727272727e+000 -2.690741385487742e-005
1.743545454545455e+000 -3.550703019608557e-004
1.743818181818182e+000 -7.242758731222242e-005
1.744090909090909e+000 -1.422574158919486e-004
1.744363636363636e+000 -3.034932543207507e-004
1.744636363636364e+000 -5.340670162659170e-006
1.744909090909091e+000 -2.248347233840936e-004
1.745181818181818e+000 -2.223904697663961e-004
1.745454545454546e+000 -2.432287772575462e-006
1.745727272727273e+000 -2.507124870137683e-004
1.746000000000000e+000 -1.711725966081623e-004
1.746272727272727e+000 -8.947877089940928e-006
1.746545454545455e+000 -2.424605709035305e-004
1.746818181818182e+000 -1.582415358044336e-004
1.747090909090909e+000 -5.326092016856213e-006
1.747363636363637e+000 -2.126289507297250e-004
1.747636363636364e+000 -1.767626963768938e-004
1.747909090909091e+000 -1.619769443673362e-007
1.748181818181818e+000 -1.568227446316463e-004
1.748454545454546e+000 -2.104311158694640e-004
1.748727272727273e+000 -2.148583548735531e-005
1.749000000000000e+000 -7.403962004454236e-005
1.749272727272727e+000 -2.192543730799181e-004
1.749545454545455e+000 -9.517404121792126e-005
1.749818181818182e+000 -4.978585615625934e-006
1.750090909090909e+000 -1.501467160405850e-004
1.750363636363636e+000 -1.848895444313807e-004
1.750636363636364e+000 -3.474243312376825e-005
1.750909090909091e+000 -2.870107066455441e-005
1.751181818181818e+000 -1.666225515358958e-004
1.751454545454545e+000 -1.550603048629556e-004
1.751727272727273e+000 -2.272922226138000e-005
1.752000000000000e+000 -2.873916531816159e-005
1.752272727272727e+000 -1.496365582348422e-004
1.752545454545455e+000 -1.553290654348757e-004
1.752818181818182e+000 -4.072021799833787e-005
1.753090909090909e+000 -6.890864907042773e-006
1.753363636363637e+000 -1.015321539156578e-004
1.753636363636364e+000 -1.619284308833526e-004
1.753909090909091e+000 -9.508834912698105e-005
1.754181818181818e+000 -7.918716846445348e-006
1.754454545454546e+000 -2.527128903027592e-005
1.754727272727273e+000 -1.132386076065892e-004
1.755000000000000e+000 -1.473034125974685e-004
1.755272727272727e+000 -8.648058226753143e-005
1.755545454545455e+000 -1.180312734153525e-005
1.755818181818182e+000 -1.112912464316750e-005
1.756090909090909e+000 -7.761604641136132e-005
1.756363636363636e+000 -1.322953443842587e-004
1.756636363636364e+000 -1.185486713113204e-004
1.756909090909091e+000 -5.502835171317071e-005
1.757181818181818e+000 -4.980440900866643e-006
1.757454545454546e+000 -1.090444685605262e-005
1.757727272727273e+000 -6.149529797281666e-005
1.758000000000000e+000 -1.108451774799884e-004
1.758272727272727e+000 -1.207894305458127e-004
1.758545454545455e+000 -8.760307804451005e-005
1.758818181818182e+000 -3.774995939991639e-005
1.759090909090909e+000 -4.251610892826206e-006
1.759363636363637e+000 -4.768750742253761e-006
1.759636363636364e+000 -3.457688375989862e-005
1.759909090909091e+000 -7.413601922327365e-005
1.760181818181818e+000 -1.025604336713980e-004
1.760454545454546e+000 -1.080301668504999e-004
1.760727272727273e+000 -9.093657769003559e-005
1.761000000000000e+000 -6.066824575994622e-005
1.761272727272727e+000 -2.959999896541349e-005
1.761545454545455e+000 -7.762630617828955e-006
1.761818181818182e+000 -6.011672434766735e-008
1.762090909090909e+000 -6.158366102270509e-006
1.762363636363636e+000 -2.210701260008755e-005
1.762636363636364e+000 -4.250860213130865e-005
1.762909090909091e+000 -6.234618003080334e-005
1.763181818181818e+000 -7.805942073613318e-005
1.763454545454545e+000 -8.786337411256945e-005
1.763727272727273e+000 -9.152836532780822e-005
1.764000000000000e+000 -8.989543532356620e-005
1.764272727272727e+000 -8.435199154787453e-005
1.764545454545455e+000 -7.640313892360684e-005
1.764818181818182e+000 -6.739066006351913e-005
1.765090909090909e+000 -5.835430286563661e-005
1.765363636363637e+000 -5.000130162389088e-005
1.765636363636364e+000 -4.274305359303539e-005
1.765909090909091e+000 -3.676342458542377e-005
1.766181818181818e+000 -3.209359958883621e-005
1.766454545454546e+000 -2.867882531323993e-005
1.766727272727273e+000 -2.643046708773186e-005
1.767000000000000e+000 -2.526194650681673e-005
1.767272727272727e+000 -2.510970781623951e-005
1.767545454545455e+000 -2.594111740008927e-005
1.767818181818182e+000 -2.775089239990024e-005
1.768090909090909e+000 -3.054694798182751e-005
1.768363636363636e+000 -3.432599780799601e-005
1.768636363636364e+000 -3.903932737266267e-005
1.768909090909091e+000 -4.455031889434258e-005
1.769181818181818e+000 -5.058789755115531e-005
1.769454545454546e+000 -5.670421711722155e-005
1.769727272727273e+000 -6.225024505739736e-005
1.770000000000000e+000 -6.638822632695570e-005
1.770272727272727e+000 -6.816289484190136e-005
1.770545454545455e+000 -6.665009654052721e-005
1.770818181818182e+000 -6.118785616996732e-005
1.771090909090909e+000 -5.166753715704429e-005
1.771363636363637e+000 -3.882228890335704e-005
1.771636363636364e+000 -2.440493953560572e-005
1.771909090909091e+000 -1.111718031467616e-005
1.772181818181818e+000 -2.165417438944743e-006
1.772454545454546e+000 -4.060429436155760e-007
1.772727272727273e+000 -7.215883182463303e-006
1.773000000000000e+000 -2.144978449673088e-005
1.773272727272727e+000 -3.903042448309065e-005
1.773545454545455e+000 -5.370538932712461e-005
1.773818181818182e+000 -5.916235773545707e-005
1.774090909090909e+000 -5.200037687079952e-005
1.774363636363636e+000 -3.424912205642203e-005
1.774636363636364e+000 -1.371689146290850e-005
1.774909090909091e+000 -1.013238078578160e-006
1.775181818181818e+000 -3.840987220122716e-006
1.775454545454545e+000 -2.143050995455565e-005
1.775727272727273e+000 -4.321238225044722e-005
1.776000000000000e+000 -5.428785380237775e-005
1.776272727272727e+000 -4.572849001570854e-005
1.776545454545455e+000 -2.275418249841812e-005
1.776818181818182e+000 -2.979156624567899e-006
1.777090909090909e+000 -3.229150024348761e-006
1.777363636363636e+000 -2.403682559150569e-005
1.777636363636364e+000 -4.652196896836085e-005
1.777909090909091e+000 -4.831074589263278e-005
1.778181818181818e+000 -2.642455603442358e-005
1.778454545454546e+000 -3.276341769996411e-006
1.778727272727273e+000 -4.615250160771857e-006
1.779000000000000e+000 -2.945073092098527e-005
1.779272727272727e+000 -4.792186567448223e-005
1.779545454545455e+000 -3.605888300357325e-005
1.779818181818182e+000 -8.322210150359872e-006
1.780090909090909e+000 -1.945134163860673e-006
1.780363636363636e+000 -2.620987860376728e-005
1.780636363636364e+000 -4.586603947832392e-005
1.780909090909091e+000 -3.059598452912056e-005
1.781181818181818e+000 -3.329163436833283e-006
1.781454545454545e+000 -7.726331616329759e-006
1.781727272727273e+000 -3.663407872427251e-005
1.782000000000000e+000 -4.021927741614855e-005
1.782272727272727e+000 -1.138009264015453e-005
1.782545454545455e+000 -2.056612561016286e-006
1.782818181818182e+000 -2.963676820520676e-005
1.783090909090909e+000 -4.083497766638977e-005
1.783363636363637e+000 -1.290429805277674e-005
1.783636363636364e+000 -2.017178335593662e-006
1.783909090909091e+000 -3.061547342224516e-005
1.784181818181818e+000 -3.733275150120052e-005
1.784454545454546e+000 -6.974058586299807e-006
1.784727272727273e+000 -7.089530407777057e-006
1.785000000000000e+000 -3.704411473876603e-005
1.785272727272727e+000 -2.624378691232734e-005
1.785545454545455e+000 -1.727448176571534e-007
1.785818181818182e+000 -2.214858451044603e-005
1.786090909090909e+000 -3.679127834446082e-005
1.786363636363636e+000 -6.492262361024645e-006
1.786636363636364e+000 -9.594852039922703e-006
1.786909090909091e+000 -3.723793723922469e-005
1.787181818181818e+000 -1.451768076350376e-005
1.787454545454545e+000 -3.601922634517179e-006
1.787727272727273e+000 -3.427295532197765e-005
1.788000000000000e+000 -1.891126999789910e-005
1.788272727272727e+000 -1.805238485285161e-006
1.788545454545455e+000 -3.241616305575782e-005
1.788818181818182e+000 -1.895254134321837e-005
1.789090909090909e+000 -2.157571881334974e-006
1.789363636363637e+000 -3.278350896799798e-005
1.789636363636364e+000 -1.493915860724995e-005
1.789909090909091e+000 -4.998657218555546e-006
1.790181818181818e+000 -3.380996295603757e-005
1.790454545454546e+000 -7.676906682352252e-006
1.790727272727273e+000 -1.228155052250212e-005
1.791000000000000e+000 -3.125582230586678e-005
1.791272727272727e+000 -8.650161911590285e-007
1.791545454545455e+000 -2.392331861034233e-005
1.791818181818182e+000 -2.031028488497521e-005
1.792090909090909e+000 -2.815831842242193e-006
1.792363636363636e+000 -3.176552344272417e-005
1.792636363636364e+000 -4.396945562909256e-006
1.792909090909091e+000 -1.836573484594200e-005
1.793181818181818e+000 -2.221752725132640e-005
1.793454545454546e+000 -2.259625784711796e-006
1.793727272727273e+000 -3.062366510479564e-005
1.794000000000000e+000 -2.329053070115448e-006
1.794272727272727e+000 -2.241405476583872e-005
1.794545454545455e+000 -1.464400212618443e-005
1.794818181818182e+000 -8.645685672902325e-006
1.795090909090909e+000 -2.597328330394009e-005
1.795363636363637e+000 -7.049038401228384e-007
1.795636363636364e+000 -2.899782274666177e-005
1.795909090909091e+000 -1.387306171754462e-006
1.796181818181818e+000 -2.466691381119395e-005
1.796454545454546e+000 -7.348417506099701e-006
1.796727272727273e+000 -1.733966032203209e-005
1.797000000000000e+000 -1.429872524566686e-005
1.797272727272727e+000 -1.056274893114764e-005
1.797545454545455e+000 -1.972143116833643e-005
1.797818181818182e+000 -5.819934414540139e-006
1.798090909090909e+000 -2.299887202653169e-005
1.798363636363636e+000 -3.099065794190252e-006
1.798636363636364e+000 -2.453357186639871e-005
1.798909090909091e+000 -1.810102090245002e-006
1.799181818181818e+000 -2.494906162260469e-005
1.799454545454545e+000 -1.400120650567216e-006
1.799727272727273e+000 -2.466320319978502e-005
1.800000000000000e+000 -1.619553487191241e-006
